n_known_src,init,init_seed,init_data,data_seed,converged,convergence_iteration,normalize_A,sn_ratio,Au_coherence,elapsed,A_err,A_err_angle_mean,A_err_angle_max,S_err_MSE,S_err_MCC,X_err,nsrc,nobs,sd_err,nreps,method,err_correlation_type,whiten_data,mu
0,1,1001,26,260001,True,107,False,100,0.9467146784892133,4.761174544226378,0.603738812901927,0.634683549117287,1.0012661390427335,1.0380284151066246,0.4575854874131578,0.0009235395233504727,13,6,0.20816659994661327,2500,OLS_oracle,iid,False,5
0,2,2001,20,200001,True,107,False,100,0.7769255038978906,4.862507389858365,0.6191122760646236,0.6633166279021461,1.0509958076857115,1.0219663750385468,0.4938515329830161,0.0007110278928500593,13,6,0.20816659994661327,2500,OLS_oracle,iid,False,5
0,0,1,13,130001,True,111,False,100,0.70273688421089,5.069474773015827,0.5654447973514416,0.5929884897211065,0.8263670789344361,0.9934924668587691,0.502022268250091,0.0007089861015613282,13,6,0.20816659994661327,2500,OLS_oracle,iid,False,5
0,2,2001,22,220001,True,111,False,100,0.9577098522782144,5.071371904108673,0.5687396811756549,0.5781093090067991,0.9897638376127967,2.780106939123368,0.5028626900526366,0.0007283183044172918,13,6,0.20816659994661327,2500,OLS_oracle,iid,False,5
0,3,3001,0,1,True,132,False,100,0.7862417308145851,5.208219353109598,0.651055890988891,0.7024232682650987,0.8784029827343292,1.074099123375451,0.42849338845340645,0.000956980542091317,13,6,0.20816659994661327,2500,OLS_oracle,iid,False,5
0,1,1001,29,290001,True,119,False,100,0.8043701039286769,5.317086388356984,0.6362295098964934,0.6843322774864613,0.8877534778270053,1.0771611585229033,0.44832934793205875,0.0008962258324980876,13,6,0.20816659994661327,2500,OLS_oracle,iid,False,5
0,2,2001,18,180001,True,108,False,100,0.8337458072174108,5.3803884270600975,0.5804180890313811,0.6101838440651964,0.9933875238656793,1.0084608387384948,0.4931576988281171,0.0007365005623853072,13,6,0.20816659994661327,2500,OLS_oracle,iid,False,5
0,3,3001,8,80001,True,109,False,100,0.8836941399509077,5.368485949933529,0.6561879778888923,0.7069544609118344,0.8561658112825188,1.0475855082386532,0.4845041153383644,0.0006722172656333998,13,6,0.20816659994661327,2500,OLS_oracle,iid,False,5
0,4,4001,6,60001,True,118,False,100,0.7905478938818951,5.207626228686422,0.5725064415735064,0.5960955288616975,1.0263302686295561,0.9943490005058224,0.4940001165870147,0.000703935539784006,13,6,0.20816659994661327,2500,OLS_oracle,iid,False,5
0,0,1,17,170001,True,112,False,100,0.8660902279148911,5.477654822170734,0.6301688960948302,0.6793175215604035,0.8802712684136922,1.0712584096601463,0.46477440506795326,0.0006691926348819502,13,6,0.20816659994661327,2500,OLS_oracle,iid,False,5
0,1,1001,2,20001,True,133,False,100,0.9245281397826336,5.498341384809464,0.6379863655890783,0.682300389465093,0.9342352500473831,1.0614967199231928,0.4569508477982301,0.0007364502353924943,13,6,0.20816659994661327,2500,OLS_oracle,iid,False,5
0,2,2001,0,1,True,132,False,100,0.7862417308145851,5.5936333001591265,0.6020967314967514,0.6372483921646368,0.9196906941943419,1.053653274348923,0.43951078969062035,0.0009381359057745817,13,6,0.20816659994661327,2500,OLS_oracle,iid,False,5
0,1,1001,28,280001,True,124,False,100,0.9117481397231634,5.782156726811081,0.5889716838905729,0.6215738028131396,0.8862523129741233,1.0356977782382846,0.452317222684291,0.0007989412340730367,13,6,0.20816659994661327,2500,OLS_oracle,iid,False,5
0,4,4001,4,40001,True,112,False,100,0.7846581871320228,5.83437676075846,0.5868091964962245,0.6202066567369618,1.000272512173102,0.987093790732,0.46001501911799003,0.0008400631924180997,13,6,0.20816659994661327,2500,OLS_oracle,iid,False,5
0,0,1,5,50001,True,152,False,100,0.9090716719005624,6.024526743218303,0.6278484626094549,0.6601317887692499,1.1128411721258424,1.0662755510497501,0.4814472866237759,0.0007620372469465998,13,6,0.20816659994661327,2500,OLS_oracle,iid,False,5
0,0,1,20,200001,True,114,False,100,0.7769255038978906,6.0595882991328835,0.5997391841163183,0.6276558231802318,0.938920153088142,1.0023241604532205,0.514747545154908,0.0007191362627253194,13,6,0.20816659994661327,2500,OLS_oracle,iid,False,5
0,2,2001,15,150001,True,119,False,100,0.9265435239350952,6.097528539132327,0.6323144858145519,0.6746501134976979,0.9128968595814021,1.1532009904312375,0.40112169755232746,0.0008722127705191733,13,6,0.20816659994661327,2500,OLS_oracle,iid,False,5
0,0,1,8,80001,True,120,False,100,0.8836941399509077,6.134601796045899,0.5657825554846097,0.5851217197616873,1.044098920790915,0.9413305851021483,0.5170317525722042,0.0006946112038346578,13,6,0.20816659994661327,2500,OLS_oracle,iid,False,5
0,2,2001,13,130001,True,126,False,100,0.70273688421089,6.271983040031046,0.5683039095695835,0.5847646014690686,0.9690108650366772,0.9782931506240915,0.48578868522638124,0.000689255474860624,13,6,0.20816659994661327,2500,OLS_oracle,iid,False,5
0,2,2001,10,100001,True,148,False,100,0.9431786286140221,6.401103333104402,0.588509480636454,0.611490220741924,0.985274655866043,1.0228643830050212,0.4552153733162524,0.0009259169517014101,13,6,0.20816659994661327,2500,OLS_oracle,iid,False,5
0,0,1,19,190001,True,148,False,100,0.8476754650208856,6.558035321068019,0.6083642789749943,0.6492583825530505,0.9665143315612112,0.9936947764513696,0.5131520776247388,0.0006597716848751181,13,6,0.20816659994661327,2500,OLS_oracle,iid,False,5
0,2,2001,4,40001,True,132,False,100,0.7846581871320228,6.6790905999951065,0.6313801172430525,0.6759753343190593,1.0838819094935894,1.2745964382398325,0.42997659672565036,0.0008440336573997901,13,6,0.20816659994661327,2500,OLS_oracle,iid,False,5
0,2,2001,16,160001,True,168,False,100,0.9064272971130153,6.677015969064087,0.5217656041512443,0.5404663051010361,0.8873442212631821,0.964793465988203,0.5062933524544266,0.0008960221086152466,13,6,0.20816659994661327,2500,OLS_oracle,iid,False,5
0,3,3001,13,130001,True,146,False,100,0.70273688421089,6.639020640403032,0.6439056524686991,0.6974636145905486,0.9739076251502594,1.1425664067987666,0.4500231986272537,0.0006990532974182997,13,6,0.20816659994661327,2500,OLS_oracle,iid,False,5
0,1,1001,22,220001,True,155,False,100,0.9577098522782144,6.775575521867722,0.5927237064277765,0.6166707488300815,1.116553882524008,1.342135303314219,0.44831664057388054,0.0007504095211095989,13,6,0.20816659994661327,2500,OLS_oracle,iid,False,5
0,0,1,18,180001,True,150,False,100,0.8337458072174108,6.867079191841185,0.621078355173381,0.6620913890045989,0.8952261859472852,1.0231965936262084,0.4895975897137328,0.0007406787067054301,13,6,0.20816659994661327,2500,OLS_oracle,iid,False,5
0,1,1001,20,200001,True,148,False,100,0.7769255038978906,6.878016838338226,0.5601290251940381,0.56953180474476,1.1621320268721531,0.9866285235213831,0.5155169521483958,0.0007249164362027435,13,6,0.20816659994661327,2500,OLS_oracle,iid,False,5
0,2,2001,9,90001,True,154,False,100,0.8953736093115023,6.9352382542565465,0.6290078789984918,0.6735257037603632,0.977130863154312,1.1022409392220807,0.49100469370789585,0.000652229010568302,13,6,0.20816659994661327,2500,OLS_oracle,iid,False,5
0,1,1001,7,70001,True,158,False,100,0.8658879630482433,6.989428868982941,0.5921196642935056,0.622626565566082,0.9859000224049146,1.0512010511124086,0.47291612978566255,0.000757715473063956,13,6,0.20816659994661327,2500,OLS_oracle,iid,False,5
0,2,2001,27,270001,True,157,False,100,0.7945350624642444,6.944494895637035,0.618199138049507,0.6559360123121809,0.8932444140018535,1.0401202415618955,0.4455411578716386,0.0007475756879439797,13,6,0.20816659994661327,2500,OLS_oracle,iid,False,5
0,0,1,6,60001,True,154,False,100,0.7905478938818951,7.057752878870815,0.6403176658672114,0.6919633966649901,0.9668145385348552,1.0315429634533932,0.47944136591280706,0.0007146816582765398,13,6,0.20816659994661327,2500,OLS_oracle,iid,False,5
0,1,1001,8,80001,True,160,False,100,0.8836941399509077,7.1925717471167445,0.620644140226251,0.6646599766871498,0.9804822505347619,1.0392995394109656,0.5117412942878459,0.0006676111306583463,13,6,0.20816659994661327,2500,OLS_oracle,iid,False,5
0,0,1,26,260001,True,157,False,100,0.9467146784892133,7.243293024599552,0.6373126349610574,0.686215702149108,1.0122696331205359,1.0831806232143109,0.4547586701436745,0.0009452986424288767,13,6,0.20816659994661327,2500,OLS_oracle,iid,False,5
0,2,2001,28,280001,True,134,False,100,0.9117481397231634,7.227493335027248,0.5534759974007646,0.5766512729641562,0.8843801083348151,0.9502163306889853,0.5075687171532337,0.000807107616112963,13,6,0.20816659994661327,2500,OLS_oracle,iid,False,5
0,1,1001,24,240001,True,162,False,100,0.881706198732095,7.311543726827949,0.6075465165820684,0.6431999501844246,1.1900102674930413,1.11741684208624,0.46225472426276604,0.0008144810982298088,13,6,0.20816659994661327,2500,OLS_oracle,iid,False,5
0,1,1001,19,190001,True,153,False,100,0.8476754650208856,7.362376703880727,0.568199211534163,0.5990846642551857,0.9401944020180353,0.9314658474966324,0.5133636471402571,0.0006493830650083265,13,6,0.20816659994661327,2500,OLS_oracle,iid,False,5
0,4,4001,2,20001,True,162,False,100,0.9245281397826336,7.2328539551235735,0.6092803697396135,0.6428083507372625,1.0320459694700075,0.9923502539053628,0.46130590995705323,0.0007277111781063453,13,6,0.20816659994661327,2500,OLS_oracle,iid,False,5
0,3,3001,1,10001,True,153,False,100,0.8537373888613078,7.346060859039426,0.6091554368002927,0.6445765579690227,0.925638014298657,1.1083041544232157,0.4376905151957168,0.0011421040184823688,13,6,0.20816659994661327,2500,OLS_oracle,iid,False,5
0,3,3001,25,250001,True,128,False,100,0.9201883798541622,7.345468424260616,0.5505532635056831,0.5587939603581711,1.0250664966951863,0.964319488644654,0.5113184675740856,0.0010642072978191927,13,6,0.20816659994661327,2500,OLS_oracle,iid,False,5
0,0,1,2,20001,True,176,False,100,0.9245281397826336,7.364451203960925,0.6209611517453538,0.6545941576460211,1.037765232108478,1.135448706612523,0.4499263888285304,0.0007593481469557926,13,6,0.20816659994661327,2500,OLS_oracle,iid,False,5
0,2,2001,12,120001,True,142,False,100,0.9602988976342225,7.5577576057985425,0.6173085242316324,0.6592794860980239,0.888754397334529,1.0510830386385541,0.44700943937968013,0.0007763074681344861,13,6,0.20816659994661327,2500,OLS_oracle,iid,False,5
0,2,2001,19,190001,True,147,False,100,0.8476754650208856,7.637891002930701,0.6524007949034829,0.7055040720867972,0.9609379363198414,1.0653434392273788,0.46289417934124366,0.0006433990342773884,13,6,0.20816659994661327,2500,OLS_oracle,iid,False,5
0,1,1001,25,250001,True,183,False,100,0.9201883798541622,7.694504385814071,0.6272281321356226,0.6599974775823797,1.0072590056822588,1.0633431267448317,0.42455697243003204,0.0010696242931677697,13,6,0.20816659994661327,2500,OLS_oracle,iid,False,5
0,0,1,25,250001,True,167,False,100,0.9201883798541622,7.719301249831915,0.6200431199166219,0.6662087266117549,0.8818985654923979,1.0451933963947218,0.4569715527819121,0.001078254341740918,13,6,0.20816659994661327,2500,OLS_oracle,iid,False,5
0,3,3001,22,220001,True,143,False,100,0.9577098522782144,7.626984036993235,0.5563133828407223,0.5678018363016217,0.8365574318035887,1.0081533934607536,0.48501319986330405,0.0007548956298374871,13,6,0.20816659994661327,2500,OLS_oracle,iid,False,5
0,0,1,7,70001,True,152,False,100,0.8658879630482433,7.712351775728166,0.6150270091776493,0.6528486839891253,1.150710303113374,1.054752056822381,0.4634242501452105,0.0007538845320192133,13,6,0.20816659994661327,2500,OLS_oracle,iid,False,5
0,0,1,24,240001,True,177,False,100,0.881706198732095,7.8463378618471324,0.561543147486605,0.5904052285781033,1.0870436382649826,1.0301767284037755,0.48512152972267386,0.0008242255694420951,13,6,0.20816659994661327,2500,OLS_oracle,iid,False,5
0,1,1001,6,60001,True,154,False,100,0.7905478938818951,7.843614177778363,0.5911810487872439,0.6253622735021823,1.198314227330502,1.0469300448271366,0.4813008138293466,0.0007133584798707402,13,6,0.20816659994661327,2500,OLS_oracle,iid,False,5
0,0,1,12,120001,True,165,False,100,0.9602988976342225,7.8615469080396,0.5793471111681799,0.6097734816251129,0.9024226055281539,1.0228225188701496,0.500105001328302,0.0007855334989020717,13,6,0.20816659994661327,2500,OLS_oracle,iid,False,5
0,3,3001,12,120001,True,193,False,100,0.9602988976342225,7.788310684263706,0.6331170269845114,0.6791415542363197,1.0233359189959172,1.1081955364384664,0.475868201017608,0.0007930741905160481,13,6,0.20816659994661327,2500,OLS_oracle,iid,False,5
0,1,1001,9,90001,True,193,False,100,0.8953736093115023,7.940156470052898,0.5722842343294806,0.595602990059694,0.9133960583976962,1.001208090613649,0.5173627024693406,0.0006735732102704268,13,6,0.20816659994661327,2500,OLS_oracle,iid,False,5
0,1,1001,0,1,True,123,False,100,0.7862417308145851,8.005497549194843,0.6503646453827224,0.7032776662958597,1.0497206126650642,1.078912530860028,0.4410787927615098,0.0009446336922368685,13,6,0.20816659994661327,2500,OLS_oracle,iid,False,5
0,1,1001,13,130001,True,162,False,100,0.70273688421089,8.10806764382869,0.634066558638992,0.6794915081501197,1.028857213600705,1.0689057067864849,0.47811009410555866,0.0006999985326693541,13,6,0.20816659994661327,2500,OLS_oracle,iid,False,5
0,3,3001,27,270001,True,145,False,100,0.7945350624642444,8.075034047942609,0.6055706776645241,0.6427441237130782,0.9484397488596135,1.0498333455603268,0.4618283564837934,0.0007541850451594575,13,6,0.20816659994661327,2500,OLS_oracle,iid,False,5
0,2,2001,7,70001,True,202,False,100,0.8658879630482433,8.229188022203743,0.5994299676405592,0.627155709549844,1.0412021798463826,1.108885365129732,0.4739603622553127,0.0007613505046716637,13,6,0.20816659994661327,2500,OLS_oracle,iid,False,5
0,4,4001,3,30001,True,176,False,100,0.922673366122412,8.298080076929182,0.5189510093702094,0.5355631710821703,0.7192451269974313,1.026881037795795,0.454880428097181,0.001193524452117409,13,6,0.20816659994661327,2500,OLS_oracle,iid,False,5
0,2,2001,24,240001,True,112,False,100,0.881706198732095,8.492680746596307,0.6018219861243788,0.6375261211260738,0.7984674572778514,0.9952926598309083,0.4811592224067983,0.0008027597561935259,13,6,0.20816659994661327,2500,OLS_oracle,iid,False,5
0,0,1,22,220001,True,188,False,100,0.9577098522782144,8.565371916163713,0.6290835444107075,0.6625224026310993,0.9783224228095835,1.051424473833011,0.45281801247184955,0.0007570090393936925,13,6,0.20816659994661327,2500,OLS_oracle,iid,False,5
0,4,4001,7,70001,True,102,False,100,0.8658879630482433,3.8057009978219867,0.6327085457928413,0.6781896717788463,0.9712103636946253,1.035271854885179,0.4609783010540631,0.0007332052986569151,13,6,0.20816659994661327,2500,OLS_oracle,iid,False,5
0,2,2001,17,170001,True,140,False,100,0.8660902279148911,8.626131418161094,0.6304838217089895,0.6835265577185894,1.0223425878388621,1.0282151522499097,0.4472503671002057,0.0006580439919604513,13,6,0.20816659994661327,2500,OLS_oracle,iid,False,5
0,4,4001,5,50001,True,118,False,100,0.9090716719005624,8.503097908105701,0.580801667316485,0.6129099787894703,1.0614098612445042,0.9608622257539688,0.5058730836546258,0.0007492435384860782,13,6,0.20816659994661327,2500,OLS_oracle,iid,False,5
0,4,4001,8,80001,True,105,False,100,0.8836941399509077,3.9121307260356843,0.6463758403209098,0.6984054764997509,0.8860445660669419,1.0513308183971042,0.45068958410130894,0.000662016622490549,13,6,0.20816659994661327,2500,OLS_oracle,iid,False,5
0,1,1001,4,40001,True,146,False,100,0.7846581871320228,8.842614100314677,0.5675116398407879,0.5960066099294452,0.89253419642685,1.035884231861129,0.4775527678489046,0.0008514712151239396,13,6,0.20816659994661327,2500,OLS_oracle,iid,False,5
0,0,1,27,270001,True,122,False,100,0.7945350624642444,8.89211253868416,0.5623383955271126,0.588733630655064,1.0696084347878734,1.0120168472032893,0.47894811851529623,0.0007524023701969921,13,6,0.20816659994661327,2500,OLS_oracle,iid,False,5
0,0,1,28,280001,True,119,False,100,0.9117481397231634,8.981001444160938,0.6342221237403679,0.6847046470337065,1.0086677206203982,1.0870612479131205,0.4067774561673242,0.0008111030444334917,13,6,0.20816659994661327,2500,OLS_oracle,iid,False,5
0,3,3001,19,190001,True,130,False,100,0.8476754650208856,8.918511747848243,0.6065180868307976,0.6386175943792645,0.8645665744289495,1.0238891570249344,0.48292932342800066,0.0006469912118004125,13,6,0.20816659994661327,2500,OLS_oracle,iid,False,5
0,1,1001,10,100001,True,186,False,100,0.9431786286140221,9.04967801226303,0.5845630086358393,0.6090466522056005,0.9515715260314395,1.0744185978375063,0.4542042059250773,0.0009364498093089656,13,6,0.20816659994661327,2500,OLS_oracle,iid,False,5
0,3,3001,18,180001,True,201,False,100,0.8337458072174108,9.043190853204578,0.6132700717704956,0.6435494930591654,1.1037131198509207,1.088563558193263,0.48196718845674275,0.0007695828321942293,13,6,0.20816659994661327,2500,OLS_oracle,iid,False,5
0,4,4001,9,90001,True,99,False,100,0.8953736093115023,4.093025736045092,0.5988943765483158,0.6338821615080538,0.9284341743285679,0.95311151286511,0.5156156443495061,0.0006536072140242226,13,6,0.20816659994661327,2500,OLS_oracle,iid,False,5
0,3,3001,5,50001,True,186,False,100,0.9090716719005624,9.243025962729007,0.6160690859706833,0.6458218492884623,0.9541126919693884,1.0748423658040955,0.4541794421342874,0.0007643947072379458,13,6,0.20816659994661327,2500,OLS_oracle,iid,False,5
0,3,3001,26,260001,True,144,False,100,0.9467146784892133,9.232333154883236,0.6269007924344296,0.6527931790481183,0.8937068407820365,1.0373473527106845,0.4431866819684754,0.0009118909351423713,13,6,0.20816659994661327,2500,OLS_oracle,iid,False,5
0,3,3001,4,40001,True,198,False,100,0.7846581871320228,9.33355149300769,0.6036997827059924,0.6455917130940916,1.2050681555479246,1.1138905936432857,0.4749655903957345,0.0008882930592319854,13,6,0.20816659994661327,2500,OLS_oracle,iid,False,5
0,2,2001,2,20001,True,161,False,100,0.9245281397826336,9.402919562999159,0.6068833666514121,0.6450334134780368,0.8657330015077502,1.02500429347643,0.4749709579579432,0.0007340838212042175,13,6,0.20816659994661327,2500,OLS_oracle,iid,False,5
0,4,4001,16,160001,True,111,False,100,0.9064272971130153,4.052024726290256,0.6050592688345032,0.646992732440295,0.7816795866236684,0.9841992324115515,0.4662920359931704,0.0008632113678290581,13,6,0.20816659994661327,2500,OLS_oracle,iid,False,5
0,4,4001,24,240001,True,94,False,100,0.881706198732095,3.4086362826637924,0.5783488613437759,0.6031673683176513,0.8102369415503704,0.9688806305468786,0.5100890617004067,0.000791579880346246,13,6,0.20816659994661327,2500,OLS_oracle,iid,False,5
0,3,3001,9,90001,True,155,False,100,0.8953736093115023,9.458988789934665,0.5784834232821042,0.5959532189011718,0.973985816352313,0.9842292485089079,0.5213571071924038,0.0006812428975137441,13,6,0.20816659994661327,2500,OLS_oracle,iid,False,5
0,2,2001,1,10001,True,155,False,100,0.8537373888613078,9.678870010189712,0.6124128828575961,0.6543052716728467,0.9249664686541585,0.9926851433409767,0.48450842504105496,0.001144381660814712,13,6,0.20816659994661327,2500,OLS_oracle,iid,False,5
0,0,1,9,90001,True,219,False,100,0.8953736093115023,9.783593053929508,0.6195415870554294,0.6573696112793257,0.9649573507367364,1.1416073715756196,0.4676846479393158,0.0006827906947661068,13,6,0.20816659994661327,2500,OLS_oracle,iid,False,5
0,3,3001,24,240001,True,162,False,100,0.881706198732095,9.815192444249988,0.647841464997419,0.6980820952583039,0.9653924018583099,1.1552039857717264,0.4026377036787239,0.0008079241189103195,13,6,0.20816659994661327,2500,OLS_oracle,iid,False,5
0,1,1001,14,140001,True,141,False,100,0.963199284990812,10.123160825110972,0.523913011559818,0.5308691188933837,0.8519614277929611,0.9970633496750876,0.4365319691551154,0.0016049444193416615,13,6,0.20816659994661327,2500,OLS_oracle,iid,False,5
0,4,4001,17,170001,True,102,False,100,0.8660902279148911,4.622658601030707,0.6613470991446855,0.7195692297887729,1.2508263863389975,1.11226422433306,0.44939331794243464,0.0006445433654764765,13,6,0.20816659994661327,2500,OLS_oracle,iid,False,5
0,5,5001,6,60001,True,98,False,100,0.7905478938818951,3.151515536941588,0.6095493994574682,0.6464992683752888,0.9524039319897546,1.051034592787885,0.4300166291466282,0.000707103692733465,13,6,0.20816659994661327,2500,OLS_oracle,iid,False,5
0,0,1,0,1,True,176,False,100,0.7862417308145851,10.214353358838707,0.6053479073724619,0.6356590578930322,1.0626569980829328,1.1187447841918694,0.4612523670473564,0.000973447839413513,13,6,0.20816659994661327,2500,OLS_oracle,iid,False,5
0,2,2001,11,110001,True,193,False,100,0.9584297398558851,10.182382182683796,0.5880683376307565,0.6116442286830766,1.123851053328812,1.0367903180426428,0.4559453625073261,0.001134536028716424,13,6,0.20816659994661327,2500,OLS_oracle,iid,False,5
0,2,2001,6,60001,True,134,False,100,0.7905478938818951,10.230883830692619,0.6439070138635561,0.6949839022401871,1.0219059427582833,1.1085729051748854,0.4238149810748666,0.0007056463655506301,13,6,0.20816659994661327,2500,OLS_oracle,iid,False,5
0,1,1001,21,210001,True,145,False,100,0.8310475067677752,10.338191110640764,0.5248686568288508,0.5309647486101837,0.8386507537048691,0.906450565738868,0.5348410785535754,0.0007575379412124217,13,6,0.20816659994661327,2500,OLS_oracle,iid,False,5
0,3,3001,20,200001,True,257,False,100,0.7769255038978906,10.287038008216769,0.641041181920497,0.6912513650144763,1.0968338984041988,1.0857472233503036,0.481122328197799,0.0007499958261520236,13,6,0.20816659994661327,2500,OLS_oracle,iid,False,5
0,4,4001,1,10001,True,160,False,100,0.8537373888613078,10.189579014200717,0.5710686460972261,0.5848302602851649,1.1039231070620796,0.9550410865981807,0.5069641525737363,0.0011408102509235397,13,6,0.20816659994661327,2500,OLS_oracle,iid,False,5
0,0,1,3,30001,True,227,False,100,0.922673366122412,10.418443937785923,0.5123222913388518,0.5263995137806842,0.8197685837499284,0.9819675557684283,0.499480304233825,0.0012223226248617052,13,6,0.20816659994661327,2500,OLS_oracle,iid,False,5
0,2,2001,25,250001,True,184,False,100,0.9201883798541622,10.381911035161465,0.5844849497800192,0.6194951822347192,1.0261343608759934,1.0640776059196642,0.4690081788211508,0.0010766043108257587,13,6,0.20816659994661327,2500,OLS_oracle,iid,False,5
0,2,2001,21,210001,True,151,False,100,0.8310475067677752,10.42047693906352,0.5470135119559243,0.5634629431081524,1.17914662237899,0.9773759259598017,0.5287224952804402,0.0007362637350341979,13,6,0.20816659994661327,2500,OLS_oracle,iid,False,5
0,4,4001,0,1,True,115,False,100,0.7862417308145851,10.306594832334667,0.6327312049351883,0.6756165625801669,1.0831880677892736,1.0229547009476643,0.43812100901307727,0.0009462429822145813,13,6,0.20816659994661327,2500,OLS_oracle,iid,False,5
0,4,4001,13,130001,True,101,False,100,0.70273688421089,5.05269782198593,0.6253187668280499,0.6718860610425137,0.8737493034509339,0.996950153607915,0.4760657403485821,0.0006849994732166563,13,6,0.20816659994661327,2500,OLS_oracle,iid,False,5
0,4,4001,18,180001,True,133,False,100,0.8337458072174108,4.885733789764345,0.6145304580899554,0.6556930802956298,0.9509626293886946,0.992015387620978,0.47168510022258514,0.0007323604548547891,13,6,0.20816659994661327,2500,OLS_oracle,iid,False,5
0,2,2001,3,30001,True,221,False,100,0.922673366122412,10.548721828963608,0.5749866046899704,0.5992818766388814,0.9676987773312671,1.0765345699384403,0.4402407384793548,0.0012085553608765201,13,6,0.20816659994661327,2500,OLS_oracle,iid,False,5
0,0,1,15,150001,True,136,False,100,0.9265435239350952,10.578893543221056,0.6228659709640695,0.6697003364582879,0.9964667246198291,1.0200766309355414,0.4549778376459636,0.0009121054234134092,13,6,0.20816659994661327,2500,OLS_oracle,iid,False,5
0,2,2001,8,80001,True,119,False,100,0.8836941399509077,10.651119705755264,0.6315151125573291,0.6779297962031976,0.8700271229158137,1.0224257897448827,0.48141742235727647,0.0006677540695109746,13,6,0.20816659994661327,2500,OLS_oracle,iid,False,5
0,0,1,11,110001,True,236,False,100,0.9584297398558851,10.714111898094416,0.5876754034714348,0.6124906170208759,0.9287644923999987,1.0517263531833227,0.4684732549439975,0.0011829330291659214,13,6,0.20816659994661327,2500,OLS_oracle,iid,False,5
0,4,4001,12,120001,True,145,False,100,0.9602988976342225,5.376133567187935,0.5759610102691969,0.5953681588309178,1.1729117234094295,0.9421335401015578,0.5135609415831675,0.0007739448972633731,13,6,0.20816659994661327,2500,OLS_oracle,iid,False,5
0,3,3001,6,60001,True,140,False,100,0.7905478938818951,10.745622638147324,0.5495246375056784,0.5563781668790159,1.0163031881538367,1.4007492182851335,0.5265555065021522,0.000721282854475793,13,6,0.20816659994661327,2500,OLS_oracle,iid,False,5
0,2,2001,14,140001,True,254,False,100,0.963199284990812,10.819853611756116,0.5242692167768708,0.5323104368408718,0.9327196019847375,1.185248981984541,0.41902882583846274,0.0016618240494110264,13,6,0.20816659994661327,2500,OLS_oracle,iid,False,5
0,0,1,21,210001,True,190,False,100,0.8310475067677752,10.908608938101679,0.623143521744516,0.6635287980053337,0.9493924825647369,1.038309237263427,0.4882049621197501,0.0007666847072319747,13,6,0.20816659994661327,2500,OLS_oracle,iid,False,5
0,4,4001,10,100001,True,146,False,100,0.9431786286140221,5.82413571793586,0.5833470497950041,0.6199028382773825,1.090356158302567,1.0933268896932886,0.45651603660124296,0.0009164624567897788,13,6,0.20816659994661327,2500,OLS_oracle,iid,False,5
0,4,4001,20,200001,True,129,False,100,0.7769255038978906,5.014646544121206,0.5760734992035024,0.6042715365357533,0.9311471820986312,0.9751809752702265,0.4932562378244033,0.0007151980592925769,13,6,0.20816659994661327,2500,OLS_oracle,iid,False,5
0,3,3001,17,170001,True,155,False,100,0.8660902279148911,11.112611238844693,0.5953826444844557,0.6244333898570011,1.0879526159843609,1.0478309838200628,0.48346988451904693,0.0006661356109260237,13,6,0.20816659994661327,2500,OLS_oracle,iid,False,5
0,0,1,14,140001,True,257,False,100,0.963199284990812,11.21636678185314,0.5191018758363573,0.529557552405821,0.8904817576561155,1.04480874456345,0.4830825024554067,0.0016372604093732397,13,6,0.20816659994661327,2500,OLS_oracle,iid,False,5
0,4,4001,26,260001,True,134,False,100,0.9467146784892133,4.796039212029427,0.6385422716984954,0.6807226033312082,0.9969166282840322,1.069079050722485,0.4294485118007489,0.0009151941770974702,13,6,0.20816659994661327,2500,OLS_oracle,iid,False,5
0,1,1001,1,10001,True,179,False,100,0.8537373888613078,11.283233415801078,0.5634444954012753,0.5841006897880248,1.1017535342656126,1.0684574360123418,0.4435422180545285,0.0011441008937640746,13,6,0.20816659994661327,2500,OLS_oracle,iid,False,5
0,4,4001,28,280001,True,118,False,100,0.9117481397231634,4.634322030004114,0.6566972849046337,0.7094128474251982,0.9651119009298634,1.0627900908218615,0.43254909572851585,0.0007841184903175784,13,6,0.20816659994661327,2500,OLS_oracle,iid,False,5
0,0,1,10,100001,True,247,False,100,0.9431786286140221,11.506442104000598,0.5852208062996951,0.6058576694952222,1.047690738854707,1.6636473567286212,0.44869407495120783,0.000976414124955636,13,6,0.20816659994661327,2500,OLS_oracle,iid,False,5
0,4,4001,27,270001,True,127,False,100,0.7945350624642444,5.007200414780527,0.653824653394047,0.706951230170078,1.0005015206097945,1.0406464035341114,0.4896869497637644,0.0007366896344246645,13,6,0.20816659994661327,2500,OLS_oracle,iid,False,5
0,3,3001,11,110001,True,151,False,100,0.9584297398558851,11.513224910013378,0.5483108904316082,0.5731466512015857,0.7575242625058426,1.035168221019712,0.47348761160571934,0.0010999124022834134,13,6,0.20816659994661327,2500,OLS_oracle,iid,False,5
0,3,3001,29,290001,True,183,False,100,0.8043701039286769,11.478782566729933,0.6336271151270707,0.6801908089795928,0.9227622124351278,1.1183659032457978,0.4331186506485087,0.0009059548212189889,13,6,0.20816659994661327,2500,OLS_oracle,iid,False,5
0,3,3001,15,150001,True,174,False,100,0.9265435239350952,11.52271184977144,0.6036534892751019,0.6411271518987826,0.876356377653801,1.0375211192737237,0.4786398176903278,0.000876224693307141,13,6,0.20816659994661327,2500,OLS_oracle,iid,False,5
0,4,4001,23,230001,True,138,False,100,0.8588706917275976,5.542625864036381,0.5969003037185725,0.6269922902467846,0.9823926700580801,1.1383310064757508,0.44135490153584345,0.0008670277961341805,13,6,0.20816659994661327,2500,OLS_oracle,iid,False,5
0,2,2001,29,290001,True,155,False,100,0.8043701039286769,11.640319561120123,0.588903901497831,0.6170178711162486,0.8244800295570034,1.0625932403974958,0.4462106606052886,0.0009056570399388478,13,6,0.20816659994661327,2500,OLS_oracle,iid,False,5
0,1,1001,12,120001,True,183,False,100,0.9602988976342225,11.733137669041753,0.598535984307723,0.6383838019407991,0.7643498203332072,1.0933744531686043,0.45810499853439113,0.000793058974475756,13,6,0.20816659994661327,2500,OLS_oracle,iid,False,5
0,5,5001,8,80001,True,118,False,100,0.8836941399509077,4.695901094004512,0.6603545269396617,0.7166932125213722,1.017845093564601,1.0596699049755154,0.4487674375505214,0.0006606049744824586,13,6,0.20816659994661327,2500,OLS_oracle,iid,False,5
0,4,4001,29,290001,True,129,False,100,0.8043701039286769,5.206784267909825,0.6105385154513076,0.6459125362558743,0.9161742255641219,1.0085025754018935,0.4788463990655881,0.0008878652113547722,13,6,0.20816659994661327,2500,OLS_oracle,iid,False,5
0,5,5001,5,50001,True,129,False,100,0.9090716719005624,5.001428559888154,0.6323266846392135,0.6815160957543104,0.9933115723839937,0.9742663305712219,0.5030023219653749,0.0007424619381993383,13,6,0.20816659994661327,2500,OLS_oracle,iid,False,5
0,4,4001,15,150001,True,151,False,100,0.9265435239350952,6.628674828913063,0.6110178180001368,0.6368106199650383,1.0495260703490956,0.9906238123347803,0.47859520136266587,0.0008682761864038769,13,6,0.20816659994661327,2500,OLS_oracle,iid,False,5
0,3,3001,10,100001,True,223,False,100,0.9431786286140221,12.128145732916892,0.5410418249770496,0.5601772989806572,0.8700963030208416,1.0197912348073246,0.4790557798218825,0.0009492607885856813,13,6,0.20816659994661327,2500,OLS_oracle,iid,False,5
0,5,5001,4,40001,True,124,False,100,0.7846581871320228,5.305843056179583,0.5822914939132532,0.6123754539416286,0.9415752759713011,0.9850053616210764,0.5051792892769937,0.0008386013536891913,13,6,0.20816659994661327,2500,OLS_oracle,iid,False,5
0,3,3001,23,230001,True,173,False,100,0.8588706917275976,12.31969970325008,0.5171794458474144,0.5273650087189913,1.0234489049065405,0.9380120840123384,0.5270757715943162,0.0008885206315633001,13,6,0.20816659994661327,2500,OLS_oracle,iid,False,5
0,3,3001,28,280001,True,166,False,100,0.9117481397231634,12.408032991923392,0.5461366530746077,0.5627058655228635,1.092833589418507,1.0377913237921466,0.4702312310109393,0.0008134185682191455,13,6,0.20816659994661327,2500,OLS_oracle,iid,False,5
0,6,6001,8,80001,True,94,False,100,0.8836941399509077,3.729918278288096,0.6425275425684853,0.6917727818859937,0.8778816091696396,1.0267127479994662,0.4708737763211532,0.0006560297574845007,13,6,0.20816659994661327,2500,OLS_oracle,iid,False,5
0,2,2001,23,230001,True,298,False,100,0.8588706917275976,12.573049173224717,0.5977655534296952,0.6247722928678101,1.0660048584912198,1.1617301744779958,0.428220771565979,0.00093256935561812,13,6,0.20816659994661327,2500,OLS_oracle,iid,False,5
0,3,3001,7,70001,True,134,False,100,0.8658879630482433,12.571069361642003,0.6495827712926164,0.7026982229876991,1.0298319496613932,1.1088763500237535,0.4676490824602793,0.0007480150469618095,13,6,0.20816659994661327,2500,OLS_oracle,iid,False,5
0,0,1,23,230001,True,175,False,100,0.8588706917275976,12.698071595281363,0.5450128459484479,0.5637848781009782,0.9436930535416459,0.9999030482388765,0.5021057400480088,0.0008671272800343875,13,6,0.20816659994661327,2500,OLS_oracle,iid,False,5
0,2,2001,5,50001,True,281,False,100,0.9090716719005624,12.727339377161115,0.5724886155358018,0.5960084331021168,1.0136708272563906,1.017721992250168,0.49321404375869393,0.0008034732480913819,13,6,0.20816659994661327,2500,OLS_oracle,iid,False,5
0,5,5001,10,100001,True,108,False,100,0.9431786286140221,5.524130149744451,0.6172328476107667,0.6579678198914026,0.9139858258116439,1.0106121800832726,0.4609562730424808,0.0009109918581008575,13,6,0.20816659994661327,2500,OLS_oracle,iid,False,5
0,1,1001,16,160001,True,177,False,100,0.9064272971130153,12.85901564406231,0.6556336357544117,0.713309827215354,0.9537017912553093,1.0994624407026643,0.4555653202533923,0.0008759978609490118,13,6,0.20816659994661327,2500,OLS_oracle,iid,False,5
0,4,4001,21,210001,True,137,False,100,0.8310475067677752,6.879816610831767,0.6114487560597369,0.6544054259960304,1.0455184288920194,1.100845880831554,0.4580142765728332,0.0007153629598482309,13,6,0.20816659994661327,2500,OLS_oracle,iid,False,5
0,5,5001,26,260001,True,145,False,100,0.9467146784892133,5.191781859844923,0.5821671917302208,0.6085044630221188,0.9063809062959373,0.9844407145769731,0.48627490118794836,0.0009219657653131876,13,6,0.20816659994661327,2500,OLS_oracle,iid,False,5
0,4,4001,14,140001,True,174,False,100,0.963199284990812,7.621529059950262,0.49746920794532445,0.5024593930141908,0.7694949424688905,0.9300563891965693,0.5266824430177388,0.0016220852170387577,13,6,0.20816659994661327,2500,OLS_oracle,iid,False,5
0,3,3001,21,210001,True,171,False,100,0.8310475067677752,13.108598661608994,0.5818152788700295,0.6170238818586603,0.8800667071048346,0.9896276189123002,0.47755279919833193,0.0007467944829968563,13,6,0.20816659994661327,2500,OLS_oracle,iid,False,5
0,6,6001,20,200001,True,86,False,100,0.7769255038978906,3.7001406610943377,0.6551359993927582,0.7103335810159155,1.0424234785663797,1.0592653424400835,0.42797654409015373,0.0007073502924556102,13,6,0.20816659994661327,2500,OLS_oracle,iid,False,5
0,5,5001,25,250001,True,134,False,100,0.9201883798541622,5.402498986106366,0.5907338252114269,0.6350113222308937,0.8669314070192026,1.0400779744389337,0.4682336179350669,0.0010580878950491037,13,6,0.20816659994661327,2500,OLS_oracle,iid,False,5
0,3,3001,3,30001,True,170,False,100,0.922673366122412,13.21908462094143,0.5226858277593942,0.5375764328198712,1.1143522674889328,1.0082811418892037,0.49220759757789856,0.0011861434247057029,13,6,0.20816659994661327,2500,OLS_oracle,iid,False,5
0,5,5001,13,130001,True,142,False,100,0.70273688421089,5.894065492786467,0.5722786248674953,0.6030804544375753,0.7721902062821565,0.9521330134126575,0.5186945883426621,0.0006948235421390253,13,6,0.20816659994661327,2500,OLS_oracle,iid,False,5
0,6,6001,13,130001,True,105,False,100,0.70273688421089,4.279131947085261,0.6309550282617615,0.67098938229171,0.9450970480631724,1.0423193074790016,0.4834500835746404,0.0006840035174987279,13,6,0.20816659994661327,2500,OLS_oracle,iid,False,5
0,5,5001,27,270001,True,126,False,100,0.7945350624642444,5.417025747708976,0.6217855761267044,0.6669928510222594,1.0098483244791219,1.0214104905918069,0.48606954608645625,0.0007343073946682861,13,6,0.20816659994661327,2500,OLS_oracle,iid,False,5
0,6,6001,17,170001,True,105,False,100,0.8660902279148911,4.108657268341631,0.6389789233670523,0.6855854950859884,0.9369092712714829,1.0032242649110192,0.49579860606706416,0.0006466895494037503,13,6,0.20816659994661327,2500,OLS_oracle,iid,False,5
0,5,5001,0,1,True,124,False,100,0.7862417308145851,6.865878633689135,0.5552557810400105,0.5776611621205489,0.7937656251829287,0.9418735267124804,0.535681938013348,0.0009272701982564961,13,6,0.20816659994661327,2500,OLS_oracle,iid,False,5
0,5,5001,21,210001,True,160,False,100,0.8310475067677752,5.913885944057256,0.6153148850916343,0.6428476716928271,0.8740708985186639,1.0213703993425882,0.44340787246607,0.0007286701879551717,13,6,0.20816659994661327,2500,OLS_oracle,iid,False,5
0,5,5001,18,180001,True,146,False,100,0.8337458072174108,6.1305645648390055,0.634209483417166,0.680479421112262,0.9299528913365964,1.0597278825953855,0.454431659818836,0.000748587262543729,13,6,0.20816659994661327,2500,OLS_oracle,iid,False,5
0,6,6001,15,150001,True,113,False,100,0.9265435239350952,4.689519875217229,0.6168330119692413,0.6586420725625455,0.9123169650903706,1.0069518959687405,0.4741058507308887,0.0008578370739278863,13,6,0.20816659994661327,2500,OLS_oracle,iid,False,5
0,5,5001,24,240001,True,109,False,100,0.881706198732095,5.775149223860353,0.5210716895250668,0.5291502912087638,0.9251457458904636,0.9213067083486253,0.5401981276737452,0.0007996924806562306,13,6,0.20816659994661327,2500,OLS_oracle,iid,False,5
0,5,5001,20,200001,True,136,False,100,0.7769255038978906,6.3333643060177565,0.6222254694057995,0.6662881659201366,0.8624490927556238,1.0262649147399483,0.48187933067712396,0.0007187294311652739,13,6,0.20816659994661327,2500,OLS_oracle,iid,False,5
0,5,5001,16,160001,True,150,False,100,0.9064272971130153,6.5884593720547855,0.6065655895099634,0.6424320720771699,0.9022827571838654,1.0278701316442427,0.48883157613972494,0.0008787114643903314,13,6,0.20816659994661327,2500,OLS_oracle,iid,False,5
0,6,6001,19,190001,True,102,False,100,0.8476754650208856,4.673691395204514,0.6294814240051809,0.6731428779254045,0.9495374786415489,1.082874528242141,0.4761206003034413,0.000636901964054663,13,6,0.20816659994661327,2500,OLS_oracle,iid,False,5
0,5,5001,19,190001,True,156,False,100,0.8476754650208856,6.4311409667134285,0.7019937306708081,0.7777511558476895,1.1696131676477735,1.1401421625546087,0.4156630488224937,0.0006425454242539229,13,6,0.20816659994661327,2500,OLS_oracle,iid,False,5
0,3,3001,16,160001,True,187,False,100,0.9064272971130153,14.056991984602064,0.5816647022709345,0.6108744759677059,0.8546753649485794,1.0656877251459664,0.44114598241895114,0.0009183474914154814,13,6,0.20816659994661327,2500,OLS_oracle,iid,False,5
0,5,5001,29,290001,True,165,False,100,0.8043701039286769,6.083581821992993,0.5589624141322019,0.5863611371517614,0.8888187904122824,0.9866415959589541,0.5100896062956825,0.0008923721901539527,13,6,0.20816659994661327,2500,OLS_oracle,iid,False,5
0,6,6001,2,20001,True,118,False,100,0.9245281397826336,5.745337827131152,0.6361577058689032,0.6796905649854387,0.9411508552716948,1.0465571637684172,0.4349233214070572,0.0007232231568049727,13,6,0.20816659994661327,2500,OLS_oracle,iid,False,5
0,6,6001,4,40001,True,141,False,100,0.7846581871320228,5.705821911804378,0.5333604103311252,0.5433216552359922,0.7755052152718628,0.9899657245677624,0.49788113178878235,0.0008534339224734644,13,6,0.20816659994661327,2500,OLS_oracle,iid,False,5
0,1,1001,27,270001,True,159,False,100,0.7945350624642444,14.522239122074097,0.6069745886976001,0.6366194169830602,0.9835613322288134,1.0265857969835628,0.49368666270124134,0.0007489187506200488,13,6,0.20816659994661327,2500,OLS_oracle,iid,False,5
0,0,1,4,40001,True,153,False,100,0.7846581871320228,14.56141130020842,0.5852634551206461,0.6061458026570945,1.0094466917253497,1.2352263752639483,0.46038800577784583,0.000850975040016058,13,6,0.20816659994661327,2500,OLS_oracle,iid,False,5
0,5,5001,23,230001,True,175,False,100,0.8588706917275976,6.811314801685512,0.611917155165773,0.6497634819584525,0.9965216340456345,1.003217729445379,0.5011507063436337,0.0008634077088354723,13,6,0.20816659994661327,2500,OLS_oracle,iid,False,5
0,1,1001,5,50001,True,229,False,100,0.9090716719005624,14.660353869199753,0.6169222895228124,0.6507443545018988,0.9344825546710859,1.0799226902292083,0.471964649524739,0.0007605826023473085,13,6,0.20816659994661327,2500,OLS_oracle,iid,False,5
0,6,6001,9,90001,True,137,False,100,0.8953736093115023,5.867095399647951,0.6022944255295971,0.6352670866189125,1.0508461613806268,1.0262786967187263,0.5033372263358239,0.0006534940724648359,13,6,0.20816659994661327,2500,OLS_oracle,iid,False,5
0,5,5001,12,120001,True,164,False,100,0.9602988976342225,7.39367142599076,0.6098444430947233,0.6504379117140046,1.1567714551997972,1.0462093883303285,0.4987868839588216,0.0007811529199925683,13,6,0.20816659994661327,2500,OLS_oracle,iid,False,5
0,6,6001,5,50001,True,159,False,100,0.9090716719005624,6.244699989911169,0.6551321272138748,0.7102228214156161,0.9509059248487675,1.0527201849171126,0.46089009735936515,0.0007478186460992549,13,6,0.20816659994661327,2500,OLS_oracle,iid,False,5
0,1,1001,23,230001,True,242,False,100,0.8588706917275976,14.874259704723954,0.5644855264745011,0.5760216975713527,1.0632220361488907,1.0691436317177823,0.5160994075550294,0.000883099914937981,13,6,0.20816659994661327,2500,OLS_oracle,iid,False,5
0,3,3001,14,140001,True,335,False,100,0.963199284990812,14.907832585740834,0.5555680340414144,0.5781581963248548,0.9991181231399655,1.1743832111124894,0.4428810366941912,0.0017160208189493952,13,6,0.20816659994661327,2500,OLS_oracle,iid,False,5
0,6,6001,0,1,True,130,False,100,0.7862417308145851,6.772304063662887,0.5921492048119158,0.6246656403480408,0.8751757694748905,1.0248306077707319,0.46073191413808456,0.0009503483352602633,13,6,0.20816659994661327,2500,OLS_oracle,iid,False,5
0,6,6001,28,280001,True,100,False,100,0.9117481397231634,4.836443777661771,0.616014213818253,0.6488808927791714,1.0688224887549342,1.1757327399255997,0.4597042034205915,0.0007950592693128652,13,6,0.20816659994661327,2500,OLS_oracle,iid,False,5
0,6,6001,24,240001,True,102,False,100,0.881706198732095,5.255979078821838,0.6392226845386335,0.6874592354363597,0.9329136859068491,0.9908381079233161,0.4839670275220378,0.0008029617184718637,13,6,0.20816659994661327,2500,OLS_oracle,iid,False,5
0,5,5001,2,20001,True,188,False,100,0.9245281397826336,8.210190352983773,0.5838858107139417,0.6124176155215335,0.9087481449908023,1.034333972486699,0.4959745724017524,0.0007456440857486029,13,6,0.20816659994661327,2500,OLS_oracle,iid,False,5
0,5,5001,9,90001,True,127,False,100,0.8953736093115023,7.905672218184918,0.6777327388819806,0.7399826837061412,0.9814590458666501,1.0801114431656187,0.4472970212690726,0.0006438758781421277,13,6,0.20816659994661327,2500,OLS_oracle,iid,False,5
0,6,6001,29,290001,True,113,False,100,0.8043701039286769,4.997673936188221,0.5973500977122379,0.6241284685019761,1.0449556098866617,0.9811538655071008,0.4647829280324587,0.0008917728275545059,13,6,0.20816659994661327,2500,OLS_oracle,iid,False,5
0,7,7001,12,120001,True,104,False,100,0.9602988976342225,4.727520704269409,0.6075675225617281,0.6486458573834603,0.9949210163990345,1.022071340461906,0.46012556544905114,0.0007741786737907226,13,6,0.20816659994661327,2500,OLS_oracle,iid,False,5
0,0,1,1,10001,True,233,False,100,0.8537373888613078,15.290466737933457,0.5702561718205769,0.592036791904945,1.0521906660144396,1.0658909139730501,0.4908924016601856,0.0011810664936086064,13,6,0.20816659994661327,2500,OLS_oracle,iid,False,5
0,6,6001,18,180001,True,125,False,100,0.8337458072174108,6.007379765622318,0.63810855059557,0.6863547406667281,0.9581466738992153,1.0538029088360408,0.4251447635759406,0.0007377504166738805,13,6,0.20816659994661327,2500,OLS_oracle,iid,False,5
0,5,5001,11,110001,True,190,False,100,0.9584297398558851,8.108847695868462,0.5595890211423267,0.5787967915208455,0.8893276201364984,0.9800488753138605,0.4993446920579961,0.0011275764147321728,13,6,0.20816659994661327,2500,OLS_oracle,iid,False,5
0,5,5001,17,170001,True,195,False,100,0.8660902279148911,7.861003642901778,0.6268423901100653,0.665349348259934,1.030615972798911,1.0248861363017066,0.4991159696738814,0.0006625550716908203,13,6,0.20816659994661327,2500,OLS_oracle,iid,False,5
0,6,6001,21,210001,True,154,False,100,0.8310475067677752,5.988366206176579,0.5849060613373687,0.609759387024694,0.918512127127195,0.991672590065186,0.5026910338233221,0.0007424946278303497,13,6,0.20816659994661327,2500,OLS_oracle,iid,False,5
0,0,1,29,290001,True,258,False,100,0.8043701039286769,15.586218816693872,0.6033100099987652,0.6399180566252157,0.9594569602218876,1.1757319755594233,0.4668545692802911,0.0009553307002297624,13,6,0.20816659994661327,2500,OLS_oracle,iid,False,5
0,5,5001,22,220001,True,123,False,100,0.9577098522782144,8.028157033957541,0.5840782465252204,0.6137144252720295,0.91382517565532,0.9932335528722136,0.502357790847006,0.0007230708583017202,13,6,0.20816659994661327,2500,OLS_oracle,iid,False,5
0,6,6001,1,10001,True,179,False,100,0.8537373888613078,7.553378148004413,0.584101303677979,0.6112509297331766,0.9481291326275517,1.063971328143396,0.4185941151018789,0.0011441677077005771,13,6,0.20816659994661327,2500,OLS_oracle,iid,False,5
0,7,7001,20,200001,True,122,False,100,0.7769255038978906,4.874478826764971,0.5971210585800498,0.6292710938995933,1.0869048452928691,0.9899045525962683,0.49459624782775247,0.0007153257326162959,13,6,0.20816659994661327,2500,OLS_oracle,iid,False,5
0,5,5001,1,10001,True,223,False,100,0.8537373888613078,9.207562230993062,0.5971038087111787,0.6214158776641854,1.059128331059693,1.0491043628542602,0.4765963433246547,0.0011603021929698935,13,6,0.20816659994661327,2500,OLS_oracle,iid,False,5
0,3,3001,2,20001,True,177,False,100,0.9245281397826336,15.951532322913408,0.5108495528120482,0.5310940964989297,0.6690059845926984,0.9595493095742509,0.5271753643830024,0.000758781854308197,13,6,0.20816659994661327,2500,OLS_oracle,iid,False,5
0,4,4001,19,190001,True,108,False,100,0.8476754650208856,10.231559814885259,0.6112296949376926,0.6442857581477754,0.840109874375918,0.9999955536125593,0.4843392555138688,0.0006336953793600941,13,6,0.20816659994661327,2500,OLS_oracle,iid,False,5
0,7,7001,2,20001,True,104,False,100,0.9245281397826336,5.834931385703385,0.6469790954773563,0.6994885191744993,1.0293719917195314,1.087189388700217,0.46027365876777504,0.0007282531975378233,13,6,0.20816659994661327,2500,OLS_oracle,iid,False,5
0,6,6001,27,270001,True,148,False,100,0.7945350624642444,6.141236253082752,0.6006582137258356,0.6368955866810941,0.9582701858714999,1.0230392376626338,0.47527844788545015,0.0007465619382114933,13,6,0.20816659994661327,2500,OLS_oracle,iid,False,5
0,1,1001,3,30001,True,319,False,100,0.922673366122412,16.412288791965693,0.46899951592827555,0.45756506139014425,0.8692829734515056,0.9878022102760349,0.5070853004513372,0.0012407921595993588,13,6,0.20816659994661327,2500,OLS_oracle,iid,False,5
0,7,7001,15,150001,True,144,False,100,0.9265435239350952,5.702497103717178,0.5948515639524163,0.6249955799467529,1.1703884736621961,1.017658520506953,0.4880547960935328,0.0008752623446403545,13,6,0.20816659994661327,2500,OLS_oracle,iid,False,5
0,0,1,16,160001,True,339,False,100,0.9064272971130153,16.432435591239482,0.5908746621881668,0.60463461034066,0.8512412981879042,2.6921445874489884,0.48193567993422437,0.0009411204509010639,13,6,0.20816659994661327,2500,OLS_oracle,iid,False,5
0,6,6001,6,60001,True,143,False,100,0.7905478938818951,7.796708004083484,0.5920396724811366,0.6274162122648406,1.0994743078595715,0.9983052528897493,0.5058468081778021,0.000711269611160571,13,6,0.20816659994661327,2500,OLS_oracle,iid,False,5
0,6,6001,10,100001,True,145,False,100,0.9431786286140221,7.617106392048299,0.5926185324119388,0.6242289153728626,0.9895662164715411,1.0074172701980886,0.4642758122743843,0.0009161124197690486,13,6,0.20816659994661327,2500,OLS_oracle,iid,False,5
0,1,1001,17,170001,True,257,False,100,0.8660902279148911,16.620462893042713,0.6017668151844042,0.629132145799049,0.9484417910290232,1.0149983484927196,0.49461657644829465,0.0006824055981517145,13,6,0.20816659994661327,2500,OLS_oracle,iid,False,5
0,7,7001,17,170001,True,136,False,100,0.8660902279148911,5.855137882754207,0.6612990185927405,0.7183016673675989,0.9281751393609333,1.052293838755172,0.46049546466678454,0.0006563927517806616,13,6,0.20816659994661327,2500,OLS_oracle,iid,False,5
0,7,7001,22,220001,True,110,False,100,0.9577098522782144,5.496508613228798,0.6405710547945028,0.6801621471304184,1.067120171922589,1.0394383984103148,0.4761306053199981,0.0007397437018169505,13,6,0.20816659994661327,2500,OLS_oracle,iid,False,5
0,5,5001,7,70001,True,102,False,100,0.8658879630482433,9.698634201195091,0.6304715970413995,0.676703504271244,0.9088729314976348,1.0127706704320323,0.47567920438651856,0.0007291510801207124,13,6,0.20816659994661327,2500,OLS_oracle,iid,False,5
0,7,7001,27,270001,True,131,False,100,0.7945350624642444,5.197914842050523,0.5768438054837847,0.6050892418823547,1.134555304596851,0.985394321929421,0.5011861529085044,0.0007368977546486793,13,6,0.20816659994661327,2500,OLS_oracle,iid,False,5
0,7,7001,0,1,True,131,False,100,0.7862417308145851,6.789340910967439,0.6171311794453436,0.6442668117511909,0.8812458015346216,1.127754135555286,0.4145290392122266,0.0009495959117063624,13,6,0.20816659994661327,2500,OLS_oracle,iid,False,5
0,6,6001,22,220001,True,87,False,100,0.9577098522782144,7.736567535903305,0.5858490678347529,0.6190033228041354,0.9810452892283114,0.9937870588570024,0.4802573773108398,0.0007228995129014527,13,6,0.20816659994661327,2500,OLS_oracle,iid,False,5
0,7,7001,19,190001,True,161,False,100,0.8476754650208856,6.412050899118185,0.5980613125585037,0.6316303109622835,1.0959221906796341,1.0133245786602665,0.4875026668040559,0.0006429944401994872,13,6,0.20816659994661327,2500,OLS_oracle,iid,False,5
0,8,8001,4,40001,True,138,False,100,0.7846581871320228,5.46555738709867,0.5431948170329428,0.5610074902605278,0.8829657498935766,0.9700474164553363,0.4627213153639798,0.0008387015851348866,13,6,0.20816659994661327,2500,OLS_oracle,iid,False,5
0,7,7001,21,210001,True,141,False,100,0.8310475067677752,6.247224145103246,0.6400289595624574,0.6803440540557263,0.9911957706333293,1.0935003481716623,0.42502027116201896,0.0007380608513572625,13,6,0.20816659994661327,2500,OLS_oracle,iid,False,5
0,4,4001,22,220001,True,270,False,100,0.9577098522782144,11.410553296096623,0.5149592216415356,0.5115630331385217,0.9279598250902475,0.9507574490967138,0.5231758438300403,0.0007696672570025932,13,6,0.20816659994661327,2500,OLS_oracle,iid,False,5
0,8,8001,7,70001,True,137,False,100,0.8658879630482433,5.4085731892846525,0.5642050810946201,0.5711454538405409,0.9765664368842095,1.0417303668417919,0.5193679647714863,0.0007369213251292523,13,6,0.20816659994661327,2500,OLS_oracle,iid,False,5
0,8,8001,6,60001,True,142,False,100,0.7905478938818951,5.656586390919983,0.6514205867722094,0.7083895982171898,1.0300998298481723,1.0141326040402363,0.470939947415263,0.0007035370342640104,13,6,0.20816659994661327,2500,OLS_oracle,iid,False,5
0,7,7001,6,60001,True,144,False,100,0.7905478938818951,7.2360915136523545,0.614711085681614,0.6481338855523001,0.9589285827608885,1.0164920203765475,0.47600281837956965,0.0007249376856348454,13,6,0.20816659994661327,2500,OLS_oracle,iid,False,5
0,8,8001,1,10001,True,152,False,100,0.8537373888613078,6.228299955371767,0.5914073483210653,0.6230682264989825,0.8816222989060265,0.9903562514401515,0.47090542885422454,0.001114374596292981,13,6,0.20816659994661327,2500,OLS_oracle,iid,False,5
0,6,6001,11,110001,True,152,False,100,0.9584297398558851,8.970916040241718,0.5485792171147026,0.5622959739184212,0.8713375222340077,1.0470089213679112,0.4686964389059484,0.001099859548314705,13,6,0.20816659994661327,2500,OLS_oracle,iid,False,5
0,6,6001,14,140001,True,226,False,100,0.963199284990812,8.862832347862422,0.555248481931672,0.5631984705166014,0.9819890862625036,1.0145977689416839,0.46699838877300387,0.0016388814216511747,13,6,0.20816659994661327,2500,OLS_oracle,iid,False,5
0,5,5001,3,30001,True,267,False,100,0.922673366122412,11.213814125861973,0.5206064075017682,0.5322921883129896,0.9208906545181798,1.0004557098281894,0.5163350884314384,0.0012029953375892735,13,6,0.20816659994661327,2500,OLS_oracle,iid,False,5
0,7,7001,25,250001,True,172,False,100,0.9201883798541622,6.758885471150279,0.6026655078837553,0.635147351792503,0.8807077019073338,1.0806915151277476,0.4318139826044417,0.001107596176127504,13,6,0.20816659994661327,2500,OLS_oracle,iid,False,5
0,8,8001,20,200001,True,136,False,100,0.7769255038978906,5.0725057339295745,0.5733791167696212,0.5932126069192271,0.915886800030729,0.9663898974444531,0.5023997578843903,0.0007130993015436464,13,6,0.20816659994661327,2500,OLS_oracle,iid,False,5
0,7,7001,3,30001,True,169,False,100,0.922673366122412,7.752111688256264,0.5940092825699863,0.6268684113489885,1.0762600317004898,1.018308065566583,0.47936823820938435,0.001193166531524681,13,6,0.20816659994661327,2500,OLS_oracle,iid,False,5
0,1,1001,15,150001,True,310,False,100,0.9265435239350952,18.1593750519678,0.5947442765680839,0.6235939742517284,0.9853213938301575,1.216577065205608,0.438956160592307,0.0009288932007695249,13,6,0.20816659994661327,2500,OLS_oracle,iid,False,5
0,4,4001,11,110001,True,156,False,100,0.9584297398558851,12.900543820112944,0.5923775092240582,0.6254383243538376,0.8968037011948352,0.9987506091129561,0.4809110039045729,0.0011040071234193504,13,6,0.20816659994661327,2500,OLS_oracle,iid,False,5
0,8,8001,13,130001,True,140,False,100,0.70273688421089,5.582729013171047,0.531420267454354,0.5460149094298179,1.0033183933962906,0.9355762037548343,0.5430751740369878,0.0006963293592515396,13,6,0.20816659994661327,2500,OLS_oracle,iid,False,5
0,7,7001,14,140001,True,190,False,100,0.963199284990812,7.798881473019719,0.5832059714685259,0.607849578586822,1.1008753588598605,1.06661109876629,0.43491792256851886,0.0016178865143841425,13,6,0.20816659994661327,2500,OLS_oracle,iid,False,5
0,4,4001,25,250001,True,167,False,100,0.9201883798541622,12.42878435505554,0.5761388884085619,0.5997876461865522,0.9695308375352688,1.109869196772907,0.4762383365966798,0.0010742326451578547,13,6,0.20816659994661327,2500,OLS_oracle,iid,False,5
0,8,8001,9,90001,True,145,False,100,0.8953736093115023,6.464959994889796,0.6116295419506553,0.6453089031868605,1.0067347343099255,1.0423165179096876,0.46762470035549814,0.0006508897750460941,13,6,0.20816659994661327,2500,OLS_oracle,iid,False,5
0,7,7001,26,260001,True,145,False,100,0.9467146784892133,7.261383484117687,0.6329744785411443,0.6713009911507689,0.9802641014776622,1.0895785936944196,0.4414817342400465,0.0009485387107801531,13,6,0.20816659994661327,2500,OLS_oracle,iid,False,5
0,8,8001,12,120001,True,158,False,100,0.9602988976342225,6.26546186208725,0.6369010501137072,0.6866756470098976,1.2037836413181973,1.5969571470496076,0.4618548535437984,0.000771990410156706,13,6,0.20816659994661327,2500,OLS_oracle,iid,False,5
0,8,8001,29,290001,True,152,False,100,0.8043701039286769,5.438438174780458,0.6355595853353353,0.687871180794422,0.8857830211984838,1.125505268407639,0.424245909686987,0.0009017539511423093,13,6,0.20816659994661327,2500,OLS_oracle,iid,False,5
0,7,7001,9,90001,True,213,False,100,0.8953736093115023,8.490156360901892,0.5715213802227939,0.5769569629074446,1.0704210837777786,0.9702504513985686,0.5199031857421689,0.0006706318621491133,13,6,0.20816659994661327,2500,OLS_oracle,iid,False,5
0,9,9001,19,190001,True,103,False,100,0.8476754650208856,4.118840190581977,0.6561626286519504,0.7157617867596691,1.0916398703577963,1.0462477665178884,0.4293362378181365,0.0006378641559157087,13,6,0.20816659994661327,2500,OLS_oracle,iid,False,5
0,7,7001,11,110001,True,218,False,100,0.9584297398558851,8.630551907233894,0.5690679434873909,0.609317635090349,0.7888792901809334,1.070459563491058,0.4453208049167353,0.001127156716870669,13,6,0.20816659994661327,2500,OLS_oracle,iid,False,5
0,8,8001,21,210001,True,158,False,100,0.8310475067677752,6.281754557043314,0.637407978805828,0.6789363123920652,1.0207095586043666,1.0869260289155949,0.45135941081927794,0.0007394708876013117,13,6,0.20816659994661327,2500,OLS_oracle,iid,False,5
0,7,7001,23,230001,True,191,False,100,0.8588706917275976,8.322858752217144,0.6341199730452027,0.6767182390231993,0.984437982425511,1.2241712210079823,0.428705771254397,0.0008734383706958991,13,6,0.20816659994661327,2500,OLS_oracle,iid,False,5
0,2,2001,26,260001,True,198,False,100,0.9467146784892133,19.275716349016875,0.5755969789560296,0.6042864275215349,0.9345151763832328,0.9988958487374032,0.5098966025871294,0.0009506268933953141,13,6,0.20816659994661327,2500,OLS_oracle,iid,False,5
0,9,9001,8,80001,True,134,False,100,0.8836941399509077,5.474093396216631,0.6576596634901709,0.7057899627387473,0.9410642271038955,1.1073662030210918,0.4071867892518402,0.000674015113089156,13,6,0.20816659994661327,2500,OLS_oracle,iid,False,5
0,8,8001,19,190001,True,168,False,100,0.8476754650208856,6.714992278255522,0.6155952798396909,0.6538069641812948,1.0184815258276916,1.0098440405960172,0.4953136111330043,0.0006439647148987069,13,6,0.20816659994661327,2500,OLS_oracle,iid,False,5
0,8,8001,26,260001,True,152,False,100,0.9467146784892133,6.3368009040132165,0.6029501689545097,0.6405616860283716,0.995881473945558,1.043530909547523,0.46882729221140157,0.0009339886218078383,13,6,0.20816659994661327,2500,OLS_oracle,iid,False,5
0,9,9001,0,1,True,147,False,100,0.7862417308145851,6.035441779065877,0.5999367461140644,0.6291057634266465,1.051925119848571,1.1109955716514215,0.4313991613804478,0.0009546907339434727,13,6,0.20816659994661327,2500,OLS_oracle,iid,False,5
0,7,7001,5,50001,True,143,False,100,0.9090716719005624,9.298747453838587,0.6395748091054826,0.6818234618332256,0.9846094377158411,1.0308969951777294,0.491011130635751,0.0007553772663718921,13,6,0.20816659994661327,2500,OLS_oracle,iid,False,5
0,8,8001,27,270001,True,157,False,100,0.7945350624642444,6.391036187764257,0.6232905452451352,0.6628523332657323,1.1113099736138166,3.5906220151895507,0.4589657490431094,0.0007478624672278561,13,6,0.20816659994661327,2500,OLS_oracle,iid,False,5
0,6,6001,12,120001,True,117,False,100,0.9602988976342225,10.706907526124269,0.5752936599683796,0.6073453204946966,0.8709973090329353,0.9419929875582925,0.5124376599011007,0.0007663957925810803,13,6,0.20816659994661327,2500,OLS_oracle,iid,False,5
0,8,8001,16,160001,True,170,False,100,0.9064272971130153,7.013868726789951,0.6465314781525333,0.7041295434431853,0.8736357446954433,1.0731674775739508,0.43407643799711537,0.0008715189788980602,13,6,0.20816659994661327,2500,OLS_oracle,iid,False,5
0,8,8001,28,280001,True,162,False,100,0.9117481397231634,6.414860262069851,0.6038974260899345,0.6299204155652917,1.0377794894594623,1.0499921830286605,0.495433452734807,0.0008080855867265453,13,6,0.20816659994661327,2500,OLS_oracle,iid,False,5
0,9,9001,1,10001,True,158,False,100,0.8537373888613078,6.199448958970606,0.6168809031889738,0.6411362440183972,0.9705071449308026,1.174919826745978,0.4540643549804211,0.0011576717070681767,13,6,0.20816659994661327,2500,OLS_oracle,iid,False,5
0,9,9001,18,180001,True,144,False,100,0.8337458072174108,5.1618393450044096,0.6306322228387755,0.6770185984652566,1.0750337648999855,1.0814458281539783,0.42531310679992906,0.0007440130199595235,13,6,0.20816659994661327,2500,OLS_oracle,iid,False,5
0,8,8001,8,80001,True,141,False,100,0.8836941399509077,7.727144935168326,0.6695780159437466,0.7281014547510526,1.0166143838488682,1.1130131977529165,0.47212413702418565,0.0006624748945100016,13,6,0.20816659994661327,2500,OLS_oracle,iid,False,5
0,7,7001,13,130001,True,105,False,100,0.70273688421089,9.295542634092271,0.6351888184819007,0.6844334806520755,1.1557218788745915,1.0691192427413543,0.4797652134879285,0.0006848462085364167,13,6,0.20816659994661327,2500,OLS_oracle,iid,False,5
0,8,8001,18,180001,True,137,False,100,0.8337458072174108,7.202289904933423,0.6191280630026691,0.6623083127847723,0.9759953938267697,1.0702300174655959,0.4427395304381792,0.0007412012046665356,13,6,0.20816659994661327,2500,OLS_oracle,iid,False,5
0,5,5001,14,140001,True,200,False,100,0.963199284990812,12.653376068919897,0.5317168472148185,0.5365833794995208,0.9171423605081259,1.0354933989972237,0.4769176824577537,0.0016275001350465426,13,6,0.20816659994661327,2500,OLS_oracle,iid,False,5
0,8,8001,0,1,True,183,False,100,0.7862417308145851,8.704187546856701,0.5751721393103725,0.5978725159216214,0.9914637678403698,1.0532552357552805,0.46546156887494283,0.000964843215515302,13,6,0.20816659994661327,2500,OLS_oracle,iid,False,5
0,9,9001,24,240001,True,127,False,100,0.881706198732095,5.327800556551665,0.5711235714970907,0.5990379607520763,0.8859723289059228,1.0202716026718062,0.4532608186151539,0.0008037133768890781,13,6,0.20816659994661327,2500,OLS_oracle,iid,False,5
0,9,9001,15,150001,True,148,False,100,0.9265435239350952,5.765328636858612,0.5758155852485755,0.6056573495837022,0.917775637622022,0.9422321671256343,0.514273053761799,0.0009066520317957747,13,6,0.20816659994661327,2500,OLS_oracle,iid,False,5
0,9,9001,2,20001,True,133,False,100,0.9245281397826336,6.830915216356516,0.5871245170070862,0.6116481962788743,1.1488492142084956,0.9929687182247238,0.5042936511339744,0.0007242491462779659,13,6,0.20816659994661327,2500,OLS_oracle,iid,False,5
1,0,1,6,60001,True,137,False,100,0.7309951493229003,4.803173254709691,0.613472336498531,0.634865446954498,1.0705225822907498,1.1349106712175236,0.5046146732217472,0.0007513861372559968,13,6,0.20816659994661327,2500,OLS_oracle,iid,False,5
1,0,1,7,70001,True,136,False,100,0.8658879630482433,4.765162915922701,0.5259806399053452,0.5227469575870672,1.0780351362753993,0.9620654316268661,0.5267179226689946,0.0008247873605371429,13,6,0.20816659994661327,2500,OLS_oracle,iid,False,5
0,9,9001,6,60001,True,183,False,100,0.7905478938818951,6.587392400950193,0.6227592007119196,0.6729815871397545,0.8923020126552925,1.0036756913211615,0.488040847134271,0.0007247083729505658,13,6,0.20816659994661327,2500,OLS_oracle,iid,False,5
1,0,1,26,260001,True,108,False,100,0.878673220745297,3.523068674840033,0.5848472777141787,0.6160688770006651,0.8871912200160497,1.0131251732847566,0.4724475532563773,0.0009910172738498324,13,6,0.20816659994661327,2500,OLS_oracle,iid,False,5
0,9,9001,17,170001,True,122,False,100,0.8660902279148911,6.334349136799574,0.5939045525415333,0.628611355390632,1.0737179583742318,0.9724927104838161,0.512417681703044,0.0006569481793284149,13,6,0.20816659994661327,2500,OLS_oracle,iid,False,5
0,6,6001,25,250001,True,145,False,100,0.9201883798541622,11.113114544190466,0.5910794531490435,0.6251872282370065,1.0034931943756669,1.001635660574166,0.48605414880045783,0.0010588925960322549,13,6,0.20816659994661327,2500,OLS_oracle,iid,False,5
0,6,6001,7,70001,True,119,False,100,0.8658879630482433,12.37130053108558,0.6237711853057182,0.6778776266907449,0.9128131869869294,1.0752494165712116,0.4558509424543431,0.0007271600429895112,13,6,0.20816659994661327,2500,OLS_oracle,iid,False,5
0,8,8001,24,240001,True,143,False,100,0.881706198732095,7.836577855050564,0.6101687680563981,0.6467359437323134,0.8957944122500975,1.0202560184549179,0.46926944261432035,0.0008045671863883227,13,6,0.20816659994661327,2500,OLS_oracle,iid,False,5
1,0,1,13,130001,True,113,False,100,0.70273688421089,4.7297193431295455,0.5770240654131796,0.5818742062728156,0.8694761413644602,1.0189531865778154,0.512668372686552,0.0007659977839992833,13,6,0.20816659994661327,2500,OLS_oracle,iid,False,5
0,9,9001,12,120001,True,167,False,100,0.9602988976342225,6.856209564954042,0.6504259911341822,0.6919547474414885,1.054304857704341,1.1430671761942792,0.3909768657830322,0.0007844430479694031,13,6,0.20816659994661327,2500,OLS_oracle,iid,False,5
0,6,6001,16,160001,True,222,False,100,0.9064272971130153,11.98523891158402,0.6121309808798027,0.6413672482012284,0.8952681189143114,0.9854562195872059,0.4764630070530353,0.0009109607538315082,13,6,0.20816659994661327,2500,OLS_oracle,iid,False,5
1,0,1,8,80001,True,145,False,100,0.8836941399509077,5.330625900067389,0.6189351668926815,0.6365087479897269,0.9859272268504498,1.1413135063234157,0.5105374751635715,0.0007280098494097619,13,6,0.20816659994661327,2500,OLS_oracle,iid,False,5
1,0,1,12,120001,True,141,False,100,0.9602988976342226,5.077625304926187,0.5536806809837779,0.5550541105849137,0.9722737524376827,1.0181862833204771,0.4920543006325522,0.0009556087612006051,13,6,0.20816659994661327,2500,OLS_oracle,iid,False,5
1,0,1,19,190001,True,140,False,100,0.8476754650208856,4.825230835005641,0.6018828124487263,0.6195865992202726,0.9905300706032758,1.069210993323003,0.4690596716349639,0.0007198215578810296,13,6,0.20816659994661327,2500,OLS_oracle,iid,False,5
1,0,1,1,10001,True,176,False,100,0.8537373888613078,6.123636019881815,0.5663212494327855,0.5764651023996525,1.0164747549561381,1.0370372580781841,0.49007681716588336,0.0013031965003453359,13,6,0.20816659994661327,2500,OLS_oracle,iid,False,5
0,8,8001,23,230001,True,221,False,100,0.8588706917275976,8.317794239614159,0.5124775283969145,0.5161646611721048,0.9238369357807338,0.964481602736873,0.5320530950094695,0.0008833638805001525,13,6,0.20816659994661327,2500,OLS_oracle,iid,False,5
0,9,9001,5,50001,True,194,False,100,0.9090716719005624,7.4993332009762526,0.645473282005946,0.6940642739626461,1.1753847086325164,1.149914287136855,0.45496392860100815,0.0007579765188639651,13,6,0.20816659994661327,2500,OLS_oracle,iid,False,5
1,1,1001,6,60001,True,103,False,100,0.7309951493229003,3.577425519004464,0.6120334784726217,0.6281211502695215,0.9700726798577205,0.9742071181946738,0.504987605189326,0.0007531163629186483,13,6,0.20816659994661327,2500,OLS_oracle,iid,False,5
1,0,1,20,200001,True,143,False,100,0.7769255038978906,5.091081156861037,0.6391338006909649,0.6656860365701469,1.0026225683759655,1.170774931164108,0.4021196395369632,0.0008648523781678902,13,6,0.20816659994661327,2500,OLS_oracle,iid,False,5
0,9,9001,27,270001,True,141,False,100,0.7945350624642444,6.643448437564075,0.6411359071804897,0.6884685536063552,1.0114273770266022,1.0201862048989283,0.4671612623925523,0.0007417801625359589,13,6,0.20816659994661327,2500,OLS_oracle,iid,False,5
0,5,5001,15,150001,True,301,False,100,0.9265435239350952,14.48691696766764,0.5025448130285807,0.507122064167853,0.7427747079505884,0.9511875515350918,0.5482727143616424,0.0009252537857698637,13,6,0.20816659994661327,2500,OLS_oracle,iid,False,5
0,6,6001,23,230001,True,189,False,100,0.8588706917275976,12.298263316042721,0.5573337634403593,0.57675933537878,1.1050748661490395,1.0674176980865882,0.47340649819737085,0.0008918301907690745,13,6,0.20816659994661327,2500,OLS_oracle,iid,False,5
1,0,1,17,170001,True,115,False,100,0.7721309434333804,5.604731024242938,0.555631820882143,0.5538390702845306,1.1580741130907093,0.9834293330537965,0.5262591761907568,0.0007681402713405116,13,6,0.20816659994661327,2500,OLS_oracle,iid,False,5
1,0,1,25,250001,True,159,False,100,0.9201883798541622,4.761305402033031,0.5386426995615253,0.531180185597895,0.9694530126919171,1.021114476069504,0.519854968540311,0.0011519314123767444,13,6,0.20816659994661327,2500,OLS_oracle,iid,False,5
0,8,8001,17,170001,True,146,False,100,0.8660902279148911,9.394319224637002,0.6100819817635705,0.6484934329606916,0.9265900604437456,0.969794788255345,0.5010086138404317,0.0006461830863500713,13,6,0.20816659994661327,2500,OLS_oracle,iid,False,5
0,9,9001,4,40001,True,120,False,100,0.7846581871320228,8.32669754512608,0.5945038950567333,0.6249889144346853,0.9936063962202168,1.0188555928649021,0.47719691395827724,0.0008392775187271225,13,6,0.20816659994661327,2500,OLS_oracle,iid,False,5
0,7,7001,10,100001,True,270,False,100,0.9431786286140221,11.7276261318475,0.5799986305028335,0.6051952116157986,0.9931856246103195,1.0469916054627015,0.5007992723678838,0.0009494990218747945,13,6,0.20816659994661327,2500,OLS_oracle,iid,False,5
1,1,1001,2,20001,True,138,False,100,0.9245281397826336,4.311592509038746,0.5567673407099937,0.5640407562269651,0.8492805755586543,0.96024432256025,0.5308475960139633,0.0007728371666822518,13,6,0.20816659994661327,2500,OLS_oracle,iid,False,5
0,7,7001,8,80001,True,127,False,100,0.8836941399509077,11.756545435637236,0.6354368999079473,0.683831723715654,0.993310987933536,1.015194220114874,0.49573221562363506,0.0006728379376035434,13,6,0.20816659994661327,2500,OLS_oracle,iid,False,5
0,7,7001,29,290001,True,113,False,100,0.8043701039286769,10.666621729265898,0.590291639158169,0.6164158839543867,0.9335335895894397,1.0060638246873013,0.4660770016518303,0.0008940238945253662,13,6,0.20816659994661327,2500,OLS_oracle,iid,False,5
0,7,7001,1,10001,True,199,False,100,0.8537373888613078,12.173678219784051,0.5757393708351102,0.5917129224767803,1.0004971973902377,1.233068389083371,0.46076431839193344,0.0011960692179767468,13,6,0.20816659994661327,2500,OLS_oracle,iid,False,5
1,1,1001,12,120001,True,118,False,100,0.9602988976342226,4.106865215115249,0.5395719777269409,0.5393843613901913,1.111828337520383,1.0946894951532695,0.48883410673937105,0.0009446015256825063,13,6,0.20816659994661327,2500,OLS_oracle,iid,False,5
1,1,1001,8,80001,True,131,False,100,0.8836941399509077,4.490385969169438,0.5524592137263603,0.5424055296706027,1.0176193052896727,0.9600239762608949,0.5368818149472362,0.0007217795839288703,13,6,0.20816659994661327,2500,OLS_oracle,iid,False,5
1,1,1001,0,1,True,141,False,100,0.7862417308145851,4.978427518624812,0.5609007343924599,0.5673474267678598,0.9307756528422422,1.0001960204769882,0.5169213168665289,0.0010963066635893916,13,6,0.20816659994661327,2500,OLS_oracle,iid,False,5
0,7,7001,28,280001,True,130,False,100,0.9117481397231634,11.042542214039713,0.622890347819183,0.6641190323995693,0.9472718661763397,1.0441702407973845,0.4454324286346521,0.0007951825474991746,13,6,0.20816659994661327,2500,OLS_oracle,iid,False,5
1,0,1,16,160001,True,179,False,100,0.9064272971130153,6.244139784015715,0.5832781335271462,0.5933632349720293,1.0651342310748828,1.0563318329103362,0.48736810823839977,0.0010187404848405151,13,6,0.20816659994661327,2500,OLS_oracle,iid,False,5
1,0,1,22,220001,True,174,False,100,0.8714836117081959,5.9880820089019835,0.644922009232083,0.7016650882931894,0.9677565317436715,1.1630051407347168,0.4946799861244466,0.0008014163467628509,13,6,0.20816659994661327,2500,OLS_oracle,iid,False,5
0,7,7001,24,240001,True,147,False,100,0.881706198732095,11.50699521927163,0.5933379864007534,0.6226599527450549,0.908338024031131,1.0080647600793111,0.4611703076532198,0.0008203008502070011,13,6,0.20816659994661327,2500,OLS_oracle,iid,False,5
1,1,1001,7,70001,True,104,False,100,0.8658879630482433,4.698846505954862,0.5755363016540921,0.5821081637397916,1.1140372934462743,1.0674036225916894,0.4764376995500464,0.0007940114343425205,13,6,0.20816659994661327,2500,OLS_oracle,iid,False,5
1,0,1,29,290001,True,158,False,100,0.8043701039286769,5.4047559653408825,0.5489084294688718,0.5494892505072385,0.8563783760724569,1.0345660716829645,0.4977988399844038,0.0012094356604321116,13,6,0.20816659994661327,2500,OLS_oracle,iid,False,5
1,0,1,27,270001,True,163,False,100,0.7945350624642444,5.439484474714845,0.5565904723812072,0.564481879638812,0.8699612966826413,0.9819412824605465,0.5435914503626098,0.001039242261566715,13,6,0.20816659994661327,2500,OLS_oracle,iid,False,5
1,1,1001,16,160001,True,118,False,100,0.9064272971130153,4.0962871350348,0.6056030941049134,0.6241385793600405,0.9827703334871636,1.0791683470940168,0.4143504854615796,0.0009518211666150952,13,6,0.20816659994661327,2500,OLS_oracle,iid,False,5
1,0,1,23,230001,True,139,False,100,0.8588706917275976,6.0135063380002975,0.5397378104384866,0.5313148928080552,1.1539213037202467,1.048066710964883,0.5014553020410949,0.0012373329890901384,13,6,0.20816659994661327,2500,OLS_oracle,iid,False,5
1,1,1001,4,40001,True,145,False,100,0.7846581871320228,5.048739250283688,0.5881433066310221,0.6013217153760335,1.0640911198467031,1.0224876610613873,0.5028517393074474,0.0008725855522117749,13,6,0.20816659994661327,2500,OLS_oracle,iid,False,5
1,0,1,3,30001,True,236,False,100,0.922673366122412,7.69896710338071,0.5420376510703374,0.5442373417296493,0.8717157170928248,1.1151252748833989,0.4692640181595869,0.0013570861017880625,13,6,0.20816659994661327,2500,OLS_oracle,iid,False,5
1,1,1001,14,140001,True,132,False,100,0.963199284990812,4.497133133932948,0.47907929323951015,0.4635257323840261,0.6932323512232175,0.979955169060319,0.547538338103892,0.0017571745822101163,13,6,0.20816659994661327,2500,OLS_oracle,iid,False,5
1,1,1001,17,170001,True,118,False,100,0.7721309434333804,4.33009532187134,0.5734366904633491,0.5875115998023961,0.8759773966560466,0.9905134623808877,0.5051523315478373,0.0007566787522906879,13,6,0.20816659994661327,2500,OLS_oracle,iid,False,5
0,9,9001,11,110001,True,213,False,100,0.9584297398558851,8.859485249966383,0.5698589795282084,0.5976522603825101,0.8161815216054625,1.0517484322936732,0.4692117173930091,0.0011454045842990068,13,6,0.20816659994661327,2500,OLS_oracle,iid,False,5
1,0,1,14,140001,True,193,False,100,0.963199284990812,6.913566390052438,0.44040416130872634,0.447383446381767,0.7119260597632707,1.0376849729455635,0.54866268587087,0.001816551296191731,13,6,0.20816659994661327,2500,OLS_oracle,iid,False,5
0,1,1001,11,110001,True,434,False,100,0.9584297398558851,23.365951312240213,0.5496836756628042,0.5600346738628473,1.0717079427185767,1.0534294997638474,0.4791546712803083,0.0012049285601703214,13,6,0.20816659994661327,2500,OLS_oracle,iid,False,5
1,0,1,11,110001,True,173,False,100,0.9584297398558851,7.357678487896919,0.5128686762872937,0.5028281783247464,0.9554019209989578,1.0013528747638134,0.5257983759327822,0.0012950776114196167,13,6,0.20816659994661327,2500,OLS_oracle,iid,False,5
1,1,1001,24,240001,True,110,False,100,0.8817061987320949,3.951066595967859,0.5632884128590256,0.5707436391967112,0.9065409694820893,1.0016051215016921,0.47076891882952626,0.0010154364111830468,13,6,0.20816659994661327,2500,OLS_oracle,iid,False,5
0,8,8001,3,30001,True,184,False,100,0.922673366122412,11.849793510045856,0.5551188804141133,0.5802439197304823,0.7873843163628832,1.0119687749719177,0.45563438792248195,0.0011811777725205144,13,6,0.20816659994661327,2500,OLS_oracle,iid,False,5
0,9,9001,13,130001,True,135,False,100,0.70273688421089,9.057716126088053,0.6202037448438664,0.6614548094413674,0.9108472984092467,1.019726459298308,0.5015313180324281,0.0006975666536493511,13,6,0.20816659994661327,2500,OLS_oracle,iid,False,5
1,1,1001,18,180001,True,148,False,100,0.8337458072174108,4.725279194768518,0.4981072641917205,0.47710502626476514,1.1141859254132156,0.9570664360917484,0.5676379098394327,0.000816985122150189,13,6,0.20816659994661327,2500,OLS_oracle,iid,False,5
1,2,2001,8,80001,True,94,False,100,0.8836941399509077,3.6571389297023416,0.5908411739738507,0.6083693630104866,0.9780196432510357,1.0377197040686434,0.48313714690411663,0.0007071749871435292,13,6,0.20816659994661327,2500,OLS_oracle,iid,False,5
0,9,9001,10,100001,True,192,False,100,0.9431786286140221,9.586737955920398,0.5797862536705441,0.5992501032819876,0.9670007281279785,1.0467195246715897,0.48364554277834365,0.0009445432245976517,13,6,0.20816659994661327,2500,OLS_oracle,iid,False,5
0,9,9001,22,220001,True,128,False,100,0.9577098522782144,8.830036620143801,0.5956722167757881,0.6281060314065668,1.01211253501513,0.9689973842154097,0.4885341207198265,0.0007429245448464677,13,6,0.20816659994661327,2500,OLS_oracle,iid,False,5
0,9,9001,28,280001,True,130,False,100,0.9117481397231634,8.657317682169378,0.591520889397022,0.6223538856909935,0.924391510574089,1.0471021156478524,0.4687258691263935,0.0007952476288947059,13,6,0.20816659994661327,2500,OLS_oracle,iid,False,5
0,9,9001,14,140001,True,182,False,100,0.963199284990812,9.469399820547551,0.589375268124772,0.6150172086586264,0.8398073988624881,1.0925246494193297,0.4430224470824251,0.001668017840072682,13,6,0.20816659994661327,2500,OLS_oracle,iid,False,5
1,1,1001,20,200001,True,140,False,100,0.7769255038978906,4.909279705956578,0.5971083123085003,0.6069736910673096,0.9145647849811155,1.066342088406099,0.4674720322739896,0.0008589976850883148,13,6,0.20816659994661327,2500,OLS_oracle,iid,False,5
0,5,5001,28,280001,True,183,False,100,0.9117481397231634,16.13461804203689,0.5871502334050888,0.6077948156009494,1.0054667370756316,1.0074785897872578,0.4977102667811217,0.0007921695946459521,13,6,0.20816659994661327,2500,OLS_oracle,iid,False,5
1,0,1,4,40001,True,110,False,100,0.7846581871320228,8.601314605213702,0.6031106321885886,0.6217710232663377,1.1087915728758435,1.0715446357014076,0.45639016189028436,0.0008759789238692816,13,6,0.20816659994661327,2500,OLS_oracle,iid,False,5
1,1,1001,21,210001,True,140,False,100,0.8310475067677752,4.952024559956044,0.6160280685552912,0.6393031858218924,0.9996147700807341,1.473358145605892,0.4862379767621068,0.0008047033415876158,13,6,0.20816659994661327,2500,OLS_oracle,iid,False,5
0,8,8001,2,20001,True,218,False,100,0.9245281397826336,12.661814759951085,0.6458881032816649,0.6900236655477365,0.9721366820641577,1.0815213352481867,0.4725139371378807,0.0007566196366994707,13,6,0.20816659994661327,2500,OLS_oracle,iid,False,5
0,9,9001,16,160001,True,178,False,100,0.9064272971130153,9.923075628001243,0.6217640638295608,0.6626712370321756,0.9626878181233826,1.2300419382792047,0.4214435749736565,0.0008896596205828639,13,6,0.20816659994661327,2500,OLS_oracle,iid,False,5
1,0,1,0,1,True,279,False,100,0.7862417308145851,9.399490495212376,0.5024739920321906,0.4934561703276933,0.7728093384454684,1.0234943502706544,0.5398265065217869,0.0011504728377593114,13,6,0.20816659994661327,2500,OLS_oracle,iid,False,5
0,8,8001,22,220001,True,165,False,100,0.9577098522782144,11.638089763000607,0.5708567907514301,0.5979922291759757,0.8764075248013411,0.9105297003286914,0.5456650193983512,0.0007359874337901799,13,6,0.20816659994661327,2500,OLS_oracle,iid,False,5
1,1,1001,5,50001,True,200,False,100,0.9090716719005624,6.773657780140638,0.568742514887731,0.5741683905703581,0.9403193735609967,1.0336534879756643,0.4973221062743766,0.0008182897524025547,13,6,0.20816659994661327,2500,OLS_oracle,iid,False,5
0,8,8001,5,50001,True,248,False,100,0.9090716719005624,12.983291533775628,0.5523749343676291,0.5764865093340817,0.8978183003190492,1.0798755453246855,0.48769151416362444,0.0007898619752043014,13,6,0.20816659994661327,2500,OLS_oracle,iid,False,5
0,8,8001,14,140001,True,161,False,100,0.963199284990812,12.390281350817531,0.5197593906198024,0.5267799855241078,0.8839988338407792,0.987879135962731,0.490714099067798,0.0016242139622232362,13,6,0.20816659994661327,2500,OLS_oracle,iid,False,5
1,1,1001,25,250001,True,129,False,100,0.9201883798541622,5.422625184990466,0.555680361078625,0.5497505924093121,1.110186386566673,1.0012046743130287,0.4950606140403027,0.001112595993913402,13,6,0.20816659994661327,2500,OLS_oracle,iid,False,5
0,8,8001,10,100001,True,151,False,100,0.9431786286140221,12.654007073957473,0.5824630249535573,0.5972350072258193,0.8715972055589983,1.0232073839155627,0.4562977331177155,0.0009138226125986369,13,6,0.20816659994661327,2500,OLS_oracle,iid,False,5
1,2,2001,20,200001,True,123,False,100,0.7769255038978906,4.024005701765418,0.6326125499094312,0.6560063946166144,0.9968661700679884,1.174437756112171,0.3898053996356328,0.0008501657981027558,13,6,0.20816659994661327,2500,OLS_oracle,iid,False,5
1,0,1,15,150001,True,258,False,100,0.9265435239350952,8.747154437936842,0.6356885940949989,0.6622825507207184,0.9512899276815562,1.2311888821191566,0.46465137581033966,0.0009814382941438348,13,6,0.20816659994661327,2500,OLS_oracle,iid,False,5
1,1,1001,19,190001,True,128,False,100,0.8476754650208856,6.164834049064666,0.5936945401767753,0.5999965743142601,1.0498845526068,0.9909234518532212,0.5087313119997464,0.0007099539047274141,13,6,0.20816659994661327,2500,OLS_oracle,iid,False,5
0,9,9001,7,70001,True,175,False,100,0.8658879630482433,11.127005532383919,0.6186345684572652,0.6606602210699521,0.9895271580619756,1.0455541913079975,0.4834190897688375,0.0007629862932076576,13,6,0.20816659994661327,2500,OLS_oracle,iid,False,5
1,0,1,24,240001,True,135,False,100,0.8817061987320949,8.015499043744057,0.5348110607861397,0.53421579387287,0.8236081848927771,0.9829899523650975,0.5369066773401024,0.0010417821323693503,13,6,0.20816659994661327,2500,OLS_oracle,iid,False,5
1,2,2001,1,10001,True,153,False,100,0.8537373888613078,5.405582376755774,0.5866696665744331,0.6263390388714698,1.0530098445380744,1.110015259199337,0.42118049931287266,0.001279179098852118,13,6,0.20816659994661327,2500,OLS_oracle,iid,False,5
1,2,2001,3,30001,True,160,False,100,0.922673366122412,5.585687584709376,0.5451513534245048,0.5327593531113446,1.1489528013924004,1.0966446429096934,0.45583534449777513,0.0012733003327718003,13,6,0.20816659994661327,2500,OLS_oracle,iid,False,5
0,9,9001,29,290001,True,131,False,100,0.8043701039286769,10.042380493599921,0.5734430022776271,0.6008900017468307,0.9216450526287837,1.004855848879484,0.4613878513381593,0.0008932786446172043,13,6,0.20816659994661327,2500,OLS_oracle,iid,False,5
1,2,2001,22,220001,True,120,False,100,0.8714836117081959,4.250044462736696,0.6299777385942854,0.6565793794063352,1.001467188253966,1.0845701949617161,0.46305376271740656,0.0007919165539918361,13,6,0.20816659994661327,2500,OLS_oracle,iid,False,5
0,7,7001,4,40001,True,199,False,100,0.7846581871320228,15.127999392803758,0.6046649856332352,0.6440340952466825,0.8396445640194342,1.009371500832963,0.45653405708766215,0.0008518255935720681,13,6,0.20816659994661327,2500,OLS_oracle,iid,False,5
1,2,2001,28,280001,True,114,False,100,0.9117481397231634,4.020365376956761,0.5562609091792525,0.5589802459938634,1.0958822470577054,1.0180939294313145,0.4781229112462042,0.0010385060021086841,13,6,0.20816659994661327,2500,OLS_oracle,iid,False,5
1,1,1001,27,270001,True,165,False,100,0.7945350624642444,5.873987314291298,0.5503384966531346,0.5483714242861254,1.058668095891835,0.9832532427325201,0.4969462700315089,0.0010330844526313283,13,6,0.20816659994661327,2500,OLS_oracle,iid,False,5
0,8,8001,11,110001,True,173,False,100,0.9584297398558851,13.06319936318323,0.5156863181876723,0.5237011599449046,0.7967700100140342,0.9294396105050423,0.5133620598273908,0.0011063104508276897,13,6,0.20816659994661327,2500,OLS_oracle,iid,False,5
1,0,1,28,280001,True,203,False,100,0.9117481397231634,8.136327494867146,0.5644768344719562,0.567311222602161,0.9064025053347814,1.0283005260061127,0.4826603868043577,0.001063833685039606,13,6,0.20816659994661327,2500,OLS_oracle,iid,False,5
1,2,2001,25,250001,True,126,False,100,0.9201883798541622,4.346203388646245,0.5976361907508697,0.6395474956761936,0.9120909402872037,1.0172372846729598,0.46083934962896317,0.001132459886590364,13,6,0.20816659994661327,2500,OLS_oracle,iid,False,5
0,7,7001,7,70001,True,179,False,100,0.8658879630482433,15.265415305737406,0.5563881217880032,0.5819078389702589,1.1128530713562066,0.9381004668589922,0.49084302547988473,0.000744191719208398,13,6,0.20816659994661327,2500,OLS_oracle,iid,False,5
1,3,3001,0,1,True,118,False,100,0.7862417308145851,4.0709500359371305,0.565353988980939,0.5696967164939515,0.835976187791834,1.012142612979199,0.4419572777415675,0.001093890560101392,13,6,0.20816659994661327,2500,OLS_oracle,iid,False,5
0,6,6001,26,260001,True,176,False,100,0.9467146784892133,15.743545110337436,0.61564353796144,0.6525026737601682,0.9831797146796187,1.141690723474463,0.3803516091319124,0.0009324220737408762,13,6,0.20816659994661327,2500,OLS_oracle,iid,False,5
1,2,2001,13,130001,True,136,False,100,0.70273688421089,5.226987075060606,0.5975995846505038,0.6117077579077446,0.9603871030119374,0.9796259859323291,0.49291229585423596,0.0007555042723240924,13,6,0.20816659994661327,2500,OLS_oracle,iid,False,5
1,3,3001,24,240001,True,88,False,100,0.8817061987320949,3.118475702125579,0.5412847001351349,0.5361154987973223,0.9876607374062033,0.989907119177439,0.47173953441442035,0.0010296946810179795,13,6,0.20816659994661327,2500,OLS_oracle,iid,False,5
1,2,2001,11,110001,True,165,False,100,0.9584297398558851,5.749297488946468,0.5332205034399891,0.5319153066973583,0.9223874127083208,1.0296796523206622,0.480124062136785,0.0012726499830950507,13,6,0.20816659994661327,2500,OLS_oracle,iid,False,5
1,2,2001,27,270001,True,126,False,100,0.7945350624642444,4.654116092249751,0.5458144822077159,0.5506544950456862,0.9286365730893367,0.9575479535061052,0.5092617154503881,0.0010290855416301373,13,6,0.20816659994661327,2500,OLS_oracle,iid,False,5
1,0,1,18,180001,True,213,False,100,0.8337458072174108,9.692886126227677,0.5438019763359648,0.5361698389130497,1.0123195626850134,1.041148978860322,0.4939388989862455,0.0008387057765522013,13,6,0.20816659994661327,2500,OLS_oracle,iid,False,5
1,1,1001,26,260001,True,193,False,100,0.878673220745297,6.708279352169484,0.5657993210784606,0.5753314535526909,0.8897577093116205,1.0613959574238614,0.48575814615818375,0.001019813079883544,13,6,0.20816659994661327,2500,OLS_oracle,iid,False,5
1,2,2001,14,140001,True,161,False,100,0.963199284990812,5.801909239962697,0.5453130638829465,0.5494145270890144,0.8316804963248141,1.029763027478741,0.48507632474494083,0.0018132947900839189,13,6,0.20816659994661327,2500,OLS_oracle,iid,False,5
1,2,2001,4,40001,True,187,False,100,0.7846581871320228,6.623398958705366,0.6011651792619402,0.6118605685211925,0.9760947180456954,1.0723173106763813,0.5273618658406537,0.0008974617750235385,13,6,0.20816659994661327,2500,OLS_oracle,iid,False,5
1,3,3001,2,20001,True,95,False,100,0.9245281397826336,4.650755233131349,0.6359329909365653,0.6660970883416739,1.0560452807271519,1.027659889702505,0.5024849519916694,0.0007754001417606121,13,6,0.20816659994661327,2500,OLS_oracle,iid,False,5
1,2,2001,26,260001,True,127,False,100,0.878673220745297,5.0575229758396745,0.6093266067239766,0.6217130843908539,0.9788198939166349,1.11431929829992,0.4636137475369608,0.0010048807037665148,13,6,0.20816659994661327,2500,OLS_oracle,iid,False,5
1,3,3001,8,80001,True,89,False,100,0.8836941399509077,4.389853414148092,0.551308772768277,0.5478644788232675,0.7830485164381983,0.9225333467733661,0.5563074052560261,0.0007130501393846889,13,6,0.20816659994661327,2500,OLS_oracle,iid,False,5
1,2,2001,29,290001,True,155,False,100,0.8043701039286769,5.178054080810398,0.5053912481895017,0.5005748342113748,0.8111275110607449,0.962491472328819,0.5100484164199126,0.0012019450205332301,13,6,0.20816659994661327,2500,OLS_oracle,iid,False,5
1,2,2001,10,100001,True,174,False,100,0.9431786286140221,6.414643893018365,0.5418376927322938,0.5406754635373363,0.9986371875521264,1.043920974003864,0.490520134753402,0.0012232569763737558,13,6,0.20816659994661327,2500,OLS_oracle,iid,False,5
1,3,3001,22,220001,True,121,False,100,0.8714836117081959,3.922024622093886,0.6065407629879516,0.6155994001959317,0.9308324114126082,1.2412630152448958,0.49009702225684043,0.0007862153488382011,13,6,0.20816659994661327,2500,OLS_oracle,iid,False,5
1,1,1001,29,290001,True,199,False,100,0.8043701039286769,7.087603925727308,0.5125098295253512,0.5083481686964837,0.9249752774785815,0.9482532064529073,0.5186536597014697,0.0012590134039672564,13,6,0.20816659994661327,2500,OLS_oracle,iid,False,5
1,2,2001,12,120001,True,111,False,100,0.9602988976342226,6.206799860112369,0.6199717900003126,0.638220958903429,1.004222113593366,1.0511814723569357,0.45680358153121214,0.0009442478530304718,13,6,0.20816659994661327,2500,OLS_oracle,iid,False,5
1,3,3001,27,270001,True,119,False,100,0.7945350624642444,3.8730344381183386,0.5466446213892217,0.5557539442856952,0.8896885903031088,1.0730545282700859,0.5031235463664333,0.0010151593508617972,13,6,0.20816659994661327,2500,OLS_oracle,iid,False,5
1,3,3001,16,160001,True,127,False,100,0.9064272971130153,4.48498150985688,0.5852491306137196,0.5830883915590612,0.931472421489831,0.9771746468192077,0.5000456022982213,0.0009735049818896155,13,6,0.20816659994661327,2500,OLS_oracle,iid,False,5
1,3,3001,25,250001,True,95,False,100,0.9201883798541622,4.148689796682447,0.547976393630187,0.5500586313146297,0.9696495539187038,0.9742818712764333,0.4832129533932776,0.0010987954785552424,13,6,0.20816659994661327,2500,OLS_oracle,iid,False,5
1,3,3001,21,210001,True,129,False,100,0.8310475067677752,4.415847957134247,0.5841694007495868,0.5874257475641191,0.9635717987811143,1.0727412169858956,0.506974240930439,0.0008156530418175142,13,6,0.20816659994661327,2500,OLS_oracle,iid,False,5
1,2,2001,17,170001,True,119,False,100,0.7721309434333804,6.362594249192625,0.6197423222322503,0.6290414534583075,1.0214828638597393,1.0529368359099,0.513101471815621,0.0007666384468855544,13,6,0.20816659994661327,2500,OLS_oracle,iid,False,5
1,3,3001,23,230001,True,133,False,100,0.8588706917275976,4.601877477951348,0.5782795430736016,0.5855551472525394,0.8156150803579839,0.988569050473827,0.4925573697875474,0.001225884587265052,13,6,0.20816659994661327,2500,OLS_oracle,iid,False,5
1,3,3001,18,180001,True,126,False,100,0.8337458072174108,4.805545371957123,0.6238314721482341,0.6465436988396415,1.240136179672315,1.144147972015265,0.47245576556203855,0.0008167277453526902,13,6,0.20816659994661327,2500,OLS_oracle,iid,False,5
0,1,1001,18,180001,True,297,False,100,0.8337458072174108,27.544954179786146,0.5703875087105219,0.5881987775065701,1.241133097792828,1.020007261251854,0.5033264170152546,0.0007833459107379333,13,6,0.20816659994661327,2500,OLS_oracle,iid,False,5
1,4,4001,7,70001,True,120,False,100,0.8658879630482433,3.8953395849093795,0.531388035740435,0.5273542255297569,1.020288095782157,1.268900348329175,0.5353364207122032,0.0008163747523120925,13,6,0.20816659994661327,2500,OLS_oracle,iid,False,5
1,3,3001,19,190001,True,139,False,100,0.8476754650208856,4.863997835665941,0.5694747897640393,0.5792396711762152,0.9411387213735882,0.9795521685510699,0.4920630480972694,0.0007214336216747469,13,6,0.20816659994661327,2500,OLS_oracle,iid,False,5
1,2,2001,19,190001,True,145,False,100,0.8476754650208856,6.636050979141146,0.6296602403357064,0.6584218623051388,0.8733473262529199,1.051473358930012,0.476734216264643,0.0007148565463822077,13,6,0.20816659994661327,2500,OLS_oracle,iid,False,5
1,3,3001,1,10001,True,166,False,100,0.8537373888613078,5.915228721685708,0.5219334589929853,0.517639152949442,1.1289138522532534,0.9133799006840317,0.5466821045469835,0.0012710734236061664,13,6,0.20816659994661327,2500,OLS_oracle,iid,False,5
0,9,9001,21,210001,True,328,False,100,0.8310475067677752,12.77796038473025,0.5674156329969933,0.5934957390344302,0.8783908784059384,1.013053976633174,0.5182568303008958,0.0007949259999672603,13,6,0.20816659994661327,2500,OLS_oracle,iid,False,5
1,2,2001,16,160001,True,198,False,100,0.9064272971130153,6.896749701350927,0.576020950966743,0.6190661206761994,1.0826663430539145,1.0510808016737203,0.49862352199222504,0.0009974835268844729,13,6,0.20816659994661327,2500,OLS_oracle,iid,False,5
1,0,1,2,20001,True,232,False,100,0.9245281397826336,12.384982732124627,0.5509167653668061,0.559725332850073,0.9132434023605259,1.0583376532268411,0.5007443370946506,0.0008063018302145022,13,6,0.20816659994661327,2500,OLS_oracle,iid,False,5
1,4,4001,0,1,True,114,False,100,0.7862417308145851,4.5736744669266045,0.5778220858405103,0.5739531992231401,0.869479913288548,5.562882087227585,0.4458254330908186,0.0010690784043976072,13,6,0.20816659994661327,2500,OLS_oracle,iid,False,5
1,2,2001,2,20001,True,219,False,100,0.9245281397826336,8.102681185118854,0.5459389730245751,0.5437557650431952,0.9322517147442823,0.9879872334631772,0.5321336434736647,0.0008035483858050495,13,6,0.20816659994661327,2500,OLS_oracle,iid,False,5
1,3,3001,26,260001,True,138,False,100,0.878673220745297,4.867791400291026,0.5980089323444607,0.6286420233822868,1.0114139761265688,1.240449280571041,0.46259061797771256,0.0010115588826346052,13,6,0.20816659994661327,2500,OLS_oracle,iid,False,5
1,2,2001,15,150001,True,198,False,100,0.9265435239350952,7.251822565216571,0.5902611621591178,0.5922521005814584,0.943298031214337,1.0595883262103558,0.49731341252268696,0.0009757613599245925,13,6,0.20816659994661327,2500,OLS_oracle,iid,False,5
1,1,1001,22,220001,True,232,False,100,0.8714836117081959,8.449287608731538,0.6002988192201448,0.6243987184842564,1.0188630565016392,1.096507477620649,0.4696459689642434,0.0008169055375510661,13,6,0.20816659994661327,2500,OLS_oracle,iid,False,5
1,3,3001,9,90001,True,151,False,100,0.8953736093115023,5.845789630897343,0.5938795123856,0.6099741926640624,0.9185064781417065,1.0247293698234896,0.5169296638361114,0.0008586254434157089,13,6,0.20816659994661327,2500,OLS_oracle,iid,False,5
0,8,8001,15,150001,True,166,False,100,0.9265435239350952,15.447711412794888,0.6002965885003964,0.6198884264347341,1.0954882026335904,1.1895170855001067,0.4607655215355982,0.000860919052648052,13,6,0.20816659994661327,2500,OLS_oracle,iid,False,5
0,9,9001,25,250001,True,326,False,100,0.9201883798541622,13.09083672100678,0.5862442067684339,0.5991768652412448,0.9308951469015256,1.0336302941066198,0.49786520546750157,0.0011660706238978396,13,6,0.20816659994661327,2500,OLS_oracle,iid,False,5
1,2,2001,6,60001,True,103,False,100,0.7309951493229003,8.310103622730821,0.6590797146174415,0.6969664858305573,1.034827976137984,1.0561960909053345,0.5165038473127762,0.0007472872906691587,13,6,0.20816659994661327,2500,OLS_oracle,iid,False,5
1,3,3001,5,50001,True,153,False,100,0.9090716719005624,6.25647741695866,0.6427992937590579,0.6723904084997703,1.1208369022213807,1.148134232436454,0.44912409611297255,0.0008042030209554639,13,6,0.20816659994661327,2500,OLS_oracle,iid,False,5
1,0,1,21,210001,True,116,False,100,0.8310475067677752,11.653655695263296,0.6058402003051913,0.6249308586632402,0.8371079190681255,1.0252655032513258,0.47765197405726795,0.0008168517988511422,13,6,0.20816659994661327,2500,OLS_oracle,iid,False,5
0,8,8001,25,250001,True,176,False,100,0.9201883798541622,15.164033949840814,0.539937568976718,0.5555758315594684,0.8998781707864574,0.944642255823818,0.5222038779112442,0.0010816659972639469,13,6,0.20816659994661327,2500,OLS_oracle,iid,False,5
0,9,9001,20,200001,True,161,False,100,0.7769255038978906,13.571657590102404,0.5854352109053379,0.6155305836543395,0.8876841769391248,0.9914519188135226,0.4995004362243283,0.0007412330048506172,13,6,0.20816659994661327,2500,OLS_oracle,iid,False,5
1,2,2001,23,230001,True,150,False,100,0.8588706917275976,7.181687520816922,0.4748629256138506,0.4560950391528358,0.9273871825218712,0.9224463153538944,0.5336084821663885,0.0012218537577713127,13,6,0.20816659994661327,2500,OLS_oracle,iid,False,5
1,0,1,10,100001,True,162,False,100,0.9431786286140221,12.427888984326273,0.5077225513854964,0.5000449453431528,0.8970302220967106,0.9774765744491716,0.48719003520166554,0.0012319907118848756,13,6,0.20816659994661327,2500,OLS_oracle,iid,False,5
1,0,1,9,90001,True,177,False,100,0.8953736093115023,12.49901876784861,0.6259557105359392,0.6500395912695668,0.9820847737126226,1.0749246470426164,0.464033323091974,0.0008731989472818415,13,6,0.20816659994661327,2500,OLS_oracle,iid,False,5
1,4,4001,13,130001,True,124,False,100,0.70273688421089,4.4157917676493526,0.5444283380114111,0.5466643877143245,0.9685952793063253,0.9617411312833061,0.5267507700488016,0.0007702537463868253,13,6,0.20816659994661327,2500,OLS_oracle,iid,False,5
1,4,4001,16,160001,True,115,False,100,0.9064272971130153,4.3235611747950315,0.5635164662825339,0.570586677376258,0.8962218147298281,1.0041823537525996,0.46749416561012364,0.0009636615233022083,13,6,0.20816659994661327,2500,OLS_oracle,iid,False,5
1,4,4001,4,40001,True,140,False,100,0.7846581871320228,5.081303401384503,0.6286425381211961,0.6551211655860616,0.9441757045548095,1.0447317312180913,0.4895840166704584,0.0008774447147174505,13,6,0.20816659994661327,2500,OLS_oracle,iid,False,5
1,4,4001,22,220001,True,109,False,100,0.8714836117081959,3.901170950382948,0.6287201485248887,0.6514962677240075,1.2018958988661945,1.044823687812872,0.512521077721351,0.000792180338229723,13,6,0.20816659994661327,2500,OLS_oracle,iid,False,5
1,3,3001,3,30001,True,157,False,100,0.922673366122412,6.963901591021568,0.5617106912509836,0.5586386511024589,0.8788819484259278,1.0338092315741003,0.47774163430327793,0.0012777023372075645,13,6,0.20816659994661327,2500,OLS_oracle,iid,False,5
1,4,4001,19,190001,True,111,False,100,0.8476754650208856,4.153286233078688,0.5901332127905765,0.6048732464284712,1.0397793790895598,1.0051146446610943,0.49791332390961296,0.0007100619585852158,13,6,0.20816659994661327,2500,OLS_oracle,iid,False,5
1,0,1,5,50001,True,149,False,100,0.9090716719005624,13.197973612230271,0.5649993716965804,0.5716302419735294,0.9577985341279196,0.9935807077080175,0.5061576555502761,0.0008203976651063662,13,6,0.20816659994661327,2500,OLS_oracle,iid,False,5
0,7,7001,18,180001,True,196,False,100,0.8337458072174108,18.073891814798117,0.5987618617269667,0.6346564458843649,0.904761155595929,1.0187130748268236,0.505507195312703,0.0007450498865576752,13,6,0.20816659994661327,2500,OLS_oracle,iid,False,5
1,3,3001,12,120001,True,117,False,100,0.9602988976342226,6.70325079979375,0.583300291625795,0.5942322970712076,1.0692076103386383,1.0313395566262977,0.4779127038877371,0.00095211259640807,13,6,0.20816659994661327,2500,OLS_oracle,iid,False,5
1,4,4001,27,270001,True,102,False,100,0.7945350624642444,3.9163108658976853,0.5858838323377195,0.6021086586146994,1.008794972572711,1.0379890764347761,0.45057939448282114,0.0010076338376472957,13,6,0.20816659994661327,2500,OLS_oracle,iid,False,5
1,4,4001,6,60001,True,119,False,100,0.7309951493229003,5.494104295969009,0.6234817677935863,0.6487194687621182,0.9555203771682472,1.0476100564400124,0.4875669106981159,0.0007427814514220041,13,6,0.20816659994661327,2500,OLS_oracle,iid,False,5
1,5,5001,8,80001,True,108,False,100,0.8836941399509077,3.5411171042360365,0.6013375841354787,0.6200919448839912,1.1946049023469876,1.1139530406295226,0.4848363639591499,0.0007277351902082396,13,6,0.20816659994661327,2500,OLS_oracle,iid,False,5
1,4,4001,24,240001,True,106,False,100,0.8817061987320949,4.118432783987373,0.5911693741322761,0.5966789379466637,1.1700717238823806,1.013885847698312,0.49073809769899923,0.0010241911992901565,13,6,0.20816659994661327,2500,OLS_oracle,iid,False,5
1,3,3001,28,280001,True,164,False,100,0.9117481397231634,5.772752677090466,0.5913190619814073,0.6098750471206038,0.841952377316376,1.0578833709570212,0.4648900108280951,0.0010512517104096575,13,6,0.20816659994661327,2500,OLS_oracle,iid,False,5
1,1,1001,9,90001,True,140,False,100,0.8953736093115023,11.13137370115146,0.6119069749438466,0.6374767438890339,0.9989038373452788,1.0177267695203844,0.4798991741978887,0.0008468448869471876,13,6,0.20816659994661327,2500,OLS_oracle,iid,False,5
1,4,4001,9,90001,True,119,False,100,0.8953736093115023,5.556861618999392,0.5713971459864338,0.5758416889805008,1.0396261102126356,0.9829759899597118,0.5077239071595737,0.0008372062732233188,13,6,0.20816659994661327,2500,OLS_oracle,iid,False,5
1,1,1001,13,130001,True,133,False,100,0.70273688421089,10.661540066823363,0.5652136839688331,0.5734000940051002,1.0750949690249143,0.9865885869463287,0.5143132178386381,0.000750737655001397,13,6,0.20816659994661327,2500,OLS_oracle,iid,False,5
1,2,2001,24,240001,True,232,False,100,0.8817061987320949,8.14712095214054,0.5797268435981158,0.5784367202437692,0.9892071356069438,1.0941227269165266,0.5027577059463578,0.0011120159086012132,13,6,0.20816659994661327,2500,OLS_oracle,iid,False,5
1,5,5001,4,40001,True,112,False,100,0.7846581871320228,4.008534508757293,0.5992534656370876,0.6122129125175357,0.940321748875849,1.0713842644456182,0.4648022713451017,0.0008832246117381158,13,6,0.20816659994661327,2500,OLS_oracle,iid,False,5
1,4,4001,1,10001,True,176,False,100,0.8537373888613078,6.224365592002869,0.6101091658193952,0.6324993070280397,1.102141884605924,1.001999566106889,0.47496903998595325,0.0012788984626361667,13,6,0.20816659994661327,2500,OLS_oracle,iid,False,5
1,4,4001,26,260001,True,137,False,100,0.878673220745297,4.466055589728057,0.6158469224897577,0.6344392525578513,1.0524549864378159,1.05218689826887,0.4418666673595741,0.000997459774211033,13,6,0.20816659994661327,2500,OLS_oracle,iid,False,5
0,7,7001,16,160001,True,231,False,100,0.9064272971130153,18.78890218771994,0.6046266990100545,0.6307062397491277,0.8731948201095306,1.1943977074790315,0.4622697239974928,0.0008971688001404728,13,6,0.20816659994661327,2500,OLS_oracle,iid,False,5
1,5,5001,7,70001,True,105,False,100,0.8658879630482433,4.119486834853888,0.6016246557059883,0.6178061489741308,0.9945543141210538,1.0104186309009708,0.494781947358574,0.0008059137580319962,13,6,0.20816659994661327,2500,OLS_oracle,iid,False,5
0,9,9001,3,30001,True,406,False,100,0.922673366122412,15.99453199421987,0.4959150742185729,0.48931332249369963,0.8740438898330926,1.0128054670170292,0.4960238998841382,0.0012767793030095495,13,6,0.20816659994661327,2500,OLS_oracle,iid,False,5
1,5,5001,6,60001,True,123,False,100,0.7309951493229003,4.307035201229155,0.6011209822205945,0.6161845016770559,0.8887362111078847,1.0343930573488804,0.48180288569411234,0.000750628082060162,13,6,0.20816659994661327,2500,OLS_oracle,iid,False,5
1,5,5001,10,100001,True,111,False,100,0.9431786286140221,4.281835940666497,0.5103949769013681,0.4988665637576648,0.8268332040388894,0.9807920490691805,0.46569806539060504,0.001198808456686747,13,6,0.20816659994661327,2500,OLS_oracle,iid,False,5
1,5,5001,18,180001,True,112,False,100,0.8337458072174108,3.721527618356049,0.5292447917748744,0.5198491474321538,0.9845597066539774,0.9290383784463979,0.5422528903555498,0.0008235289981956828,13,6,0.20816659994661327,2500,OLS_oracle,iid,False,5
1,3,3001,29,290001,True,193,False,100,0.8043701039286769,6.901392246130854,0.564613710977547,0.5663066345951758,0.9635526154220546,0.9934373896386931,0.5059353266974765,0.0012305341138990806,13,6,0.20816659994661327,2500,OLS_oracle,iid,False,5
1,1,1001,28,280001,True,232,False,100,0.9117481397231634,10.519463047850877,0.5030815349670431,0.4869847806601202,0.8871069265121654,0.932436031531067,0.5744361247089375,0.0010752496155248012,13,6,0.20816659994661327,2500,OLS_oracle,iid,False,5
1,4,4001,8,80001,True,106,False,100,0.8836941399509077,6.6556605119258165,0.6008406692004075,0.6269401322307033,1.1102143017544372,1.0557980756512626,0.49023512602226305,0.0007130436219648366,13,6,0.20816659994661327,2500,OLS_oracle,iid,False,5
1,5,5001,17,170001,True,121,False,100,0.7721309434333804,4.271769366692752,0.557369575854779,0.5613974900145743,0.9132844839867632,1.1589111847427758,0.5082983093036924,0.000773783763037075,13,6,0.20816659994661327,2500,OLS_oracle,iid,False,5
1,5,5001,16,160001,True,123,False,100,0.9064272971130153,4.367841353174299,0.5242656552677117,0.5252545570212928,0.807196325727641,0.9781727420208445,0.5002619612632477,0.0009977957703734843,13,6,0.20816659994661327,2500,OLS_oracle,iid,False,5
0,6,6001,3,30001,True,266,False,100,0.922673366122412,22.096890236716717,0.5488496210838723,0.5668523681643381,0.8959307018941306,1.0028257029610879,0.4942788650525687,0.0012173004379947424,13,6,0.20816659994661327,2500,OLS_oracle,iid,False,5
1,6,6001,0,1,True,107,False,100,0.7862417308145851,3.5976890246383846,0.5492517074825536,0.5498029528559889,0.9255034659003675,1.0146047831307998,0.4875880493718931,0.0010929288911728828,13,6,0.20816659994661327,2500,OLS_oracle,iid,False,5
1,4,4001,17,170001,True,142,False,100,0.7721309434333804,6.37486556218937,0.626970980517985,0.6508031294423039,1.0945977777064015,5.375703202866208,0.43225635320795114,0.0007707641611681724,13,6,0.20816659994661327,2500,OLS_oracle,iid,False,5
1,1,1001,11,110001,True,361,False,100,0.9584297398558851,12.654795126058161,0.508295818299074,0.4917925815520417,0.9753349690293837,1.0362451693646928,0.5145233174672542,0.0013178785679907132,13,6,0.20816659994661327,2500,OLS_oracle,iid,False,5
1,5,5001,26,260001,True,118,False,100,0.878673220745297,4.166321539320052,0.5881757522459329,0.600453315101584,0.9092592081918249,1.0138328825751892,0.5146548366022614,0.0009918112171957295,13,6,0.20816659994661327,2500,OLS_oracle,iid,False,5
1,4,4001,3,30001,True,197,False,100,0.922673366122412,7.450101090129465,0.5166321945592005,0.5114819017500292,1.005854280047582,1.0105449159552562,0.49569739369352556,0.0012977054488282865,13,6,0.20816659994661327,2500,OLS_oracle,iid,False,5
1,5,5001,21,210001,True,142,False,100,0.8310475067677752,4.528949772007763,0.5595363259895433,0.5645463570764538,0.8645717900255694,0.9504555358115577,0.517137584834214,0.0008227236977694672,13,6,0.20816659994661327,2500,OLS_oracle,iid,False,5
1,4,4001,21,210001,True,186,False,100,0.8310475067677752,6.323818766977638,0.5684210646664541,0.5704799219157437,0.9665209564932981,0.9947655990533248,0.5148404953450446,0.0008288887172395413,13,6,0.20816659994661327,2500,OLS_oracle,iid,False,5
1,5,5001,23,230001,True,136,False,100,0.8588706917275976,4.6498397323302925,0.5708709992536336,0.5685917762602027,1.0930034259984454,1.0510387598922346,0.46399451499251915,0.0012232576419931073,13,6,0.20816659994661327,2500,OLS_oracle,iid,False,5
1,6,6001,6,60001,True,113,False,100,0.7309951493229003,3.8093383233062923,0.5934373301412557,0.6109268736446964,0.9159887749081073,0.9977854358893525,0.501606927750268,0.0007557548417153925,13,6,0.20816659994661327,2500,OLS_oracle,iid,False,5
1,2,2001,7,70001,True,133,False,100,0.8658879630482433,11.338866296689957,0.6072323008304809,0.628521959950239,0.885233068359667,1.0038340641045054,0.5034363708787227,0.0008024014844158889,13,6,0.20816659994661327,2500,OLS_oracle,iid,False,5
1,1,1001,15,150001,True,288,False,100,0.9265435239350952,12.572558218613267,0.606690126427446,0.6187403824883729,0.9903134183615445,1.2004225297678823,0.4439462584307064,0.0009954509050318597,13,6,0.20816659994661327,2500,OLS_oracle,iid,False,5
0,9,9001,9,90001,True,229,False,100,0.8953736093115023,17.29420114774257,0.58173672147559,0.6099973799032162,0.8972553642091152,1.0552929432687204,0.47936015277524063,0.0006899656456782481,13,6,0.20816659994661327,2500,OLS_oracle,iid,False,5
1,2,2001,5,50001,True,294,False,100,0.9090716719005624,11.506704540923238,0.5922175307637088,0.6103933852865915,0.8894741164214423,1.0669446918646985,0.5106991134745985,0.0008436776645735724,13,6,0.20816659994661327,2500,OLS_oracle,iid,False,5
1,5,5001,2,20001,True,169,False,100,0.9245281397826336,6.042973496951163,0.5819056580948325,0.5880031828066794,0.8873736884688611,1.0740473236835186,0.5202914750605703,0.0008054353579519934,13,6,0.20816659994661327,2500,OLS_oracle,iid,False,5
1,6,6001,13,130001,True,103,False,100,0.70273688421089,3.74597110459581,0.6317504669154078,0.6604768486287049,0.8957285536002646,1.0643764630318322,0.46545360633992444,0.0007580648027616827,13,6,0.20816659994661327,2500,OLS_oracle,iid,False,5
1,6,6001,5,50001,True,122,False,100,0.9090716719005624,4.086260310839862,0.5926778524491758,0.6027779031799331,0.9485539022618842,1.0206742113296525,0.496994670652877,0.0008048262903636454,13,6,0.20816659994661327,2500,OLS_oracle,iid,False,5
1,2,2001,18,180001,True,137,False,100,0.8337458072174108,10.51086193928495,0.5798983067252389,0.5915654115924546,0.8816958323679239,0.9882890597923639,0.49167319801991116,0.0008181048912880092,13,6,0.20816659994661327,2500,OLS_oracle,iid,False,5
1,3,3001,6,60001,True,301,False,100,0.7309951493229003,9.661098298151046,0.5748745061676129,0.5747675947692014,1.0461059172768035,1.050983819932402,0.5078795815889902,0.0008058897425877513,13,6,0.20816659994661327,2500,OLS_oracle,iid,False,5
1,4,4001,10,100001,True,201,False,100,0.9431786286140221,8.031261623837054,0.5799697599123161,0.5867927767457325,1.160038779841721,1.0262038954974524,0.4638751563268171,0.001228698059597256,13,6,0.20816659994661327,2500,OLS_oracle,iid,False,5
1,4,4001,28,280001,True,198,False,100,0.9117481397231634,6.942153448238969,0.569109924185339,0.5688896862739965,1.0920020593353625,1.0274070158508894,0.5001688509390564,0.0010685067806343706,13,6,0.20816659994661327,2500,OLS_oracle,iid,False,5
1,6,6001,17,170001,True,117,False,100,0.7721309434333804,4.180550953838974,0.6482954687004467,0.6819392746288796,1.034589543879739,1.0652820723397356,0.4906070355491318,0.000756807787290067,13,6,0.20816659994661327,2500,OLS_oracle,iid,False,5
1,5,5001,14,140001,True,177,False,100,0.963199284990812,6.192593933548778,0.565298161793989,0.5738690860580339,1.1472797059020843,1.0835353981211238,0.4228402370692059,0.0017768562427471297,13,6,0.20816659994661327,2500,OLS_oracle,iid,False,5
1,4,4001,5,50001,True,161,False,100,0.9090716719005624,8.756305200979114,0.5790431264710872,0.5921938294609346,1.2274472809610537,1.064161698044755,0.5031264754523691,0.0008179558219825655,13,6,0.20816659994661327,2500,OLS_oracle,iid,False,5
1,6,6001,2,20001,True,127,False,100,0.9245281397826336,5.203617317136377,0.5649091648275751,0.5631248813626364,0.9760346718020236,1.0008802687768537,0.503106228148193,0.0007917336790590442,13,6,0.20816659994661327,2500,OLS_oracle,iid,False,5
1,6,6001,16,160001,True,133,False,100,0.9064272971130153,4.535511249676347,0.5405480110591435,0.5401031783337389,0.9189640681261746,0.9935846222516808,0.5032037376116699,0.000979665758463675,13,6,0.20816659994661327,2500,OLS_oracle,iid,False,5
1,5,5001,25,250001,True,161,False,100,0.9201883798541622,5.764553094282746,0.5458961192541036,0.557312680926451,0.859322088607286,1.0355188629655667,0.4469591702142115,0.0011509609749593805,13,6,0.20816659994661327,2500,OLS_oracle,iid,False,5
1,6,6001,8,80001,True,121,False,100,0.8836941399509077,4.959742155857384,0.6348920576064073,0.664382412645513,0.9547940755714537,1.0993434319931397,0.47389460085648083,0.0007054024157002788,13,6,0.20816659994661327,2500,OLS_oracle,iid,False,5
1,7,7001,13,130001,True,92,False,100,0.70273688421089,3.469959819689393,0.5700172899821323,0.5800974324845696,0.9437662795216732,0.982733821766065,0.5133904486423598,0.0007568825901170371,13,6,0.20816659994661327,2500,OLS_oracle,iid,False,5
1,6,6001,1,10001,True,157,False,100,0.8537373888613078,5.578541573137045,0.5720473094828045,0.5780742194566033,1.0154591416456156,1.0541619117688648,0.48290222751312334,0.0012617625743967522,13,6,0.20816659994661327,2500,OLS_oracle,iid,False,5
1,5,5001,12,120001,True,207,False,100,0.9602988976342226,7.06739145796746,0.6111706187680142,0.6357380249241213,1.1145756367627058,1.0730438132206854,0.4972559014425159,0.0009719164507219509,13,6,0.20816659994661327,2500,OLS_oracle,iid,False,5
1,1,1001,1,10001,True,163,False,100,0.8537373888613078,15.128494157921523,0.578320067065044,0.5824645037346902,0.9289954204615573,1.0433893500864617,0.4667714486824804,0.0012884950710054283,13,6,0.20816659994661327,2500,OLS_oracle,iid,False,5
1,3,3001,14,140001,True,289,False,100,0.963199284990812,10.235710354987532,0.5342834801241652,0.5244609749024729,0.958271443161786,1.1395923951029887,0.4474559558697397,0.0018468987814036295,13,6,0.20816659994661327,2500,OLS_oracle,iid,False,5
1,6,6001,11,110001,True,140,False,100,0.9584297398558851,5.169559511356056,0.5859812206396728,0.591161944981547,0.9963373203008105,1.0825744598936407,0.44888684699125586,0.001263831855529021,13,6,0.20816659994661327,2500,OLS_oracle,iid,False,5
1,5,5001,27,270001,True,156,False,100,0.7945350624642444,6.089560384862125,0.5805897425710858,0.5844637571441688,0.8374192783905342,0.9842087691920404,0.4970385369949721,0.0010267287750619228,13,6,0.20816659994661327,2500,OLS_oracle,iid,False,5
1,7,7001,2,20001,True,120,False,100,0.9245281397826336,4.299522921908647,0.5479816534114739,0.5330789737178834,0.933453817279862,0.959585589032618,0.5428342384627286,0.000780454729845188,13,6,0.20816659994661327,2500,OLS_oracle,iid,False,5
1,4,4001,23,230001,True,133,False,100,0.8588706917275976,7.908002445939928,0.5449149353011836,0.5487869591968351,0.906656555862564,1.008524913672665,0.45112714119475167,0.001212907579935346,13,6,0.20816659994661327,2500,OLS_oracle,iid,False,5
1,2,2001,9,90001,True,301,False,100,0.8953736093115023,12.64749559480697,0.5647806034293757,0.5629030199094144,1.1595063756461623,1.0427461340333044,0.5200053548752956,0.0009174521710016881,13,6,0.20816659994661327,2500,OLS_oracle,iid,False,5
1,6,6001,19,190001,True,133,False,100,0.8476754650208856,4.971855501178652,0.6018884053720419,0.6193203381274299,1.142512937063655,1.039930232865337,0.4994114826798158,0.0007198906579729695,13,6,0.20816659994661327,2500,OLS_oracle,iid,False,5
1,5,5001,19,190001,True,184,False,100,0.8476754650208856,6.650066305883229,0.6037314618351269,0.6180534955139918,0.9973601661124427,1.0919019711941211,0.5020614189334875,0.0007431931271196741,13,6,0.20816659994661327,2500,OLS_oracle,iid,False,5
1,5,5001,9,90001,True,193,False,100,0.8953736093115023,7.390188487712294,0.5935380836754326,0.5998589557781057,1.0653638979819546,1.051336255343833,0.48781305588501,0.0008659573561527872,13,6,0.20816659994661327,2500,OLS_oracle,iid,False,5
1,6,6001,24,240001,True,109,False,100,0.8817061987320949,4.744154956191778,0.5986615523075278,0.613624881241912,1.015098219102518,1.0310606210983675,0.44630352805398954,0.0010532379937273839,13,6,0.20816659994661327,2500,OLS_oracle,iid,False,5
1,3,3001,11,110001,True,138,False,100,0.9584297398558851,11.004949043039232,0.5343000495513363,0.5381750873079821,1.2718045394884236,1.0111835059015009,0.5079209541250657,0.0012746021741795795,13,6,0.20816659994661327,2500,OLS_oracle,iid,False,5
1,7,7001,6,60001,True,124,False,100,0.7309951493229003,4.293765407986939,0.5825522244690792,0.590346121894229,0.9483629635121139,0.9974636820706259,0.5036619812165425,0.0007469484985048003,13,6,0.20816659994661327,2500,OLS_oracle,iid,False,5
1,6,6001,12,120001,True,155,False,100,0.9602988976342226,5.55960254278034,0.5632456288294546,0.5732802656440851,1.2173501276352303,1.0107404995914135,0.5036463822800803,0.0009597700397740404,13,6,0.20816659994661327,2500,OLS_oracle,iid,False,5
1,6,6001,9,90001,True,159,False,100,0.8953736093115023,5.722501184325665,0.6359868283828312,0.6663340631941939,1.1081800869127556,1.1331263544213235,0.4674396306314592,0.0008613243603591969,13,6,0.20816659994661327,2500,OLS_oracle,iid,False,5
1,7,7001,4,40001,True,119,False,100,0.7846581871320228,4.570591644849628,0.5801203104792355,0.5931352645803231,1.0816395882941445,1.0263542144766713,0.49881736720877434,0.0008777370725945066,13,6,0.20816659994661327,2500,OLS_oracle,iid,False,5
1,6,6001,20,200001,True,152,False,100,0.7769255038978906,5.446026143152267,0.5615420843464005,0.5664143209821444,0.9761083201886602,0.9965945429436384,0.5120047545036742,0.0008591686927967267,13,6,0.20816659994661327,2500,OLS_oracle,iid,False,5
1,7,7001,18,180001,True,113,False,100,0.8337458072174108,4.081903771031648,0.6049375145851693,0.629147293254895,0.8958701676919458,1.0213025604806572,0.46881391499164765,0.0008112653585900994,13,6,0.20816659994661327,2500,OLS_oracle,iid,False,5
1,8,8001,4,40001,True,88,False,100,0.7846581871320228,2.911931765265763,0.5693473736965456,0.5747289505824359,0.9124134323119306,0.9487022773253138,0.5439417174739424,0.0008755035777630401,13,6,0.20816659994661327,2500,OLS_oracle,iid,False,5
1,5,5001,29,290001,True,165,False,100,0.8043701039286769,6.657467324752361,0.6247139235317013,0.6501225747258654,0.9037539434849049,1.0755304492090627,0.44230878505451027,0.0012239476095707775,13,6,0.20816659994661327,2500,OLS_oracle,iid,False,5
1,7,7001,1,10001,True,144,False,100,0.8537373888613078,5.1425342578440905,0.5497025678283753,0.547218300006439,0.9734816750079647,0.920962335232319,0.5477141046842336,0.0012715967597578216,13,6,0.20816659994661327,2500,OLS_oracle,iid,False,5
1,4,4001,18,180001,True,192,False,100,0.8337458072174108,9.148837248329073,0.5407557028841073,0.5332214775945464,1.0095067151676749,1.034870115700037,0.5551849869682782,0.0008305492721077811,13,6,0.20816659994661327,2500,OLS_oracle,iid,False,5
1,7,7001,5,50001,True,131,False,100,0.9090716719005624,4.8636720990762115,0.6186011145643175,0.6578227486673464,1.040966520745667,1.1031360994983586,0.4587342025321058,0.0007923065491267148,13,6,0.20816659994661327,2500,OLS_oracle,iid,False,5
1,7,7001,7,70001,True,93,False,100,0.8658879630482433,4.877850295044482,0.5383649041758284,0.5436902457331676,0.8166604091529688,0.915684229997534,0.5485499761750385,0.0007949518127289026,13,6,0.20816659994661327,2500,OLS_oracle,iid,False,5
1,6,6001,4,40001,True,153,False,100,0.7846581871320228,6.443440719973296,0.6315642596532617,0.6567820207760516,1.10768077496629,1.0753081612746922,0.49145545767737137,0.0008762963579687773,13,6,0.20816659994661327,2500,OLS_oracle,iid,False,5
1,3,3001,17,170001,True,119,False,100,0.7721309434333804,11.198867919389158,0.5894349503163029,0.6013840271423565,0.8936663380188908,1.008997376023184,0.49714278863405575,0.0007618997763177191,13,6,0.20816659994661327,2500,OLS_oracle,iid,False,5
1,5,5001,13,130001,True,114,False,100,0.70273688421089,8.052301293704659,0.5379200675134195,0.5400337055816249,0.913822427845932,0.8985159934699772,0.564213264471657,0.0007729009281622001,13,6,0.20816659994661327,2500,OLS_oracle,iid,False,5
0,9,9001,23,230001,True,446,False,100,0.8588706917275976,18.937902761157602,0.534551885513992,0.5376953975488862,0.9504221536507536,1.1069639414422716,0.49420417446175163,0.0009787932512618318,13,6,0.20816659994661327,2500,OLS_oracle,iid,False,5
1,7,7001,24,240001,True,115,False,100,0.8817061987320949,4.151849465910345,0.6013236856625318,0.6103621635328087,1.018867628016928,1.0024867830615514,0.49092637567218605,0.0010133670961478308,13,6,0.20816659994661327,2500,OLS_oracle,iid,False,5
1,7,7001,29,290001,True,109,False,100,0.8043701039286769,3.874434133991599,0.5535167647011662,0.5561764094305427,1.0623145211753302,1.0096503001628083,0.4729044992586753,0.0011943631141221385,13,6,0.20816659994661327,2500,OLS_oracle,iid,False,5
1,5,5001,5,50001,True,174,False,100,0.9090716719005624,8.646576984319836,0.6009975527222284,0.6148044359974166,0.9320033084964099,1.1155504345145555,0.48811387585487814,0.0008158135106430042,13,6,0.20816659994661327,2500,OLS_oracle,iid,False,5
1,7,7001,26,260001,True,105,False,100,0.878673220745297,4.205495737027377,0.5602290703467083,0.5757063892212165,0.8437317877492865,0.9691349414480016,0.5084912122223205,0.000987905089630346,13,6,0.20816659994661327,2500,OLS_oracle,iid,False,5
1,6,6001,26,260001,True,100,False,100,0.878673220745297,5.75293067516759,0.5905744903605794,0.6031960440488008,0.9755088125332779,0.9942619061152596,0.5321880065693813,0.0009744731674103232,13,6,0.20816659994661327,2500,OLS_oracle,iid,False,5
1,7,7001,20,200001,True,131,False,100,0.7769255038978906,4.714582386892289,0.594636583444955,0.6143912662231571,0.8268226263019092,1.0645872397623994,0.4501493146016551,0.0008532400481909384,13,6,0.20816659994661327,2500,OLS_oracle,iid,False,5
1,7,7001,3,30001,True,158,False,100,0.922673366122412,5.727601955179125,0.5238584143981817,0.5177478343349715,0.8247619998446432,1.0296846491576324,0.448369933012901,0.0012572031689810554,13,6,0.20816659994661327,2500,OLS_oracle,iid,False,5
1,4,4001,12,120001,True,150,False,100,0.9602988976342226,10.41593827214092,0.5309310578198232,0.5325271164459456,0.9063686642949157,0.9721030076380757,0.5506743830755896,0.0009804419239220858,13,6,0.20816659994661327,2500,OLS_oracle,iid,False,5
1,7,7001,21,210001,True,125,False,100,0.8310475067677752,4.897889214102179,0.5674025655644923,0.5729508156672292,0.8225976814144978,1.0216718797478388,0.4757377951746787,0.0008006538555361327,13,6,0.20816659994661327,2500,OLS_oracle,iid,False,5
1,5,5001,15,150001,True,232,False,100,0.9265435239350952,8.463992480188608,0.4785968460812901,0.4606968857748076,0.9511324983782112,0.9477181466122625,0.5468655516482462,0.0010159277385212739,13,6,0.20816659994661327,2500,OLS_oracle,iid,False,5
1,8,8001,5,50001,True,101,False,100,0.9090716719005624,3.81867015408352,0.624968973571046,0.6423103065463145,1.0975767578608058,1.0586378138286365,0.493101532816621,0.0007931022058869192,13,6,0.20816659994661327,2500,OLS_oracle,iid,False,5
1,1,1001,10,100001,True,275,False,100,0.9431786286140221,16.415998158045113,0.4754498030352445,0.4661130734438388,0.9109123974508042,0.9634657027032424,0.5176556604514947,0.0013059984107758845,13,6,0.20816659994661327,2500,OLS_oracle,iid,False,5
1,6,6001,3,30001,True,213,False,100,0.922673366122412,7.421786159276962,0.5899196455887707,0.5939828803617906,1.2128090660479898,1.2468835170455448,0.4601869789199948,0.001288682780977915,13,6,0.20816659994661327,2500,OLS_oracle,iid,False,5
1,4,4001,25,250001,True,158,False,100,0.9201883798541622,9.724432446993887,0.5491122677508559,0.5506224585818098,0.9783955222494699,1.132625794745968,0.4698793177982655,0.0011336754554699487,13,6,0.20816659994661327,2500,OLS_oracle,iid,False,5
1,8,8001,2,20001,True,114,False,100,0.9245281397826336,4.285311988089234,0.5850397982960078,0.5975571086685691,0.9819584109552747,1.0051918453803494,0.4950020029886811,0.0007715775368543862,13,6,0.20816659994661327,2500,OLS_oracle,iid,False,5
1,7,7001,16,160001,True,144,False,100,0.9064272971130153,5.542168559040874,0.5470415718481738,0.547562552405956,0.789004937779422,0.9790066405608742,0.5042685148912904,0.0009615573197984373,13,6,0.20816659994661327,2500,OLS_oracle,iid,False,5
1,1,1001,3,30001,True,212,False,100,0.922673366122412,16.91500529414043,0.4975862865913496,0.48102488713747593,0.8835028909419701,0.9791901715602753,0.5293652999543631,0.0012983677055180341,13,6,0.20816659994661327,2500,OLS_oracle,iid,False,5
1,3,3001,15,150001,True,344,False,100,0.9265435239350952,12.318483953829855,0.3662213254785155,0.3548303353640803,0.5506594834113814,0.9061857574502138,0.6051452193527945,0.0010555700107846469,13,6,0.20816659994661327,2500,OLS_oracle,iid,False,5
1,8,8001,24,240001,True,80,False,100,0.8817061987320949,2.8368434691801667,0.579812303576135,0.5822501760376328,0.9650145193023021,0.9999075955499483,0.4853982528124861,0.0010280490549999092,13,6,0.20816659994661327,2500,OLS_oracle,iid,False,5
1,8,8001,16,160001,True,110,False,100,0.9064272971130153,3.5809869640506804,0.5776050946347985,0.5876648187140163,0.9255143552297913,1.019884642974416,0.44669264338058906,0.0009549554672673726,13,6,0.20816659994661327,2500,OLS_oracle,iid,False,5
1,8,8001,8,80001,True,109,False,100,0.8836941399509077,4.077634182292968,0.638963363964933,0.6615458864713244,0.8952400154760026,1.0764789033822348,0.435555363851246,0.0007101148959220027,13,6,0.20816659994661327,2500,OLS_oracle,iid,False,5
1,2,2001,21,210001,True,353,False,100,0.8310475067677752,13.960616742260754,0.6076550961122563,0.6269290216531616,0.9483093404623861,1.2284188659084547,0.46479623832959344,0.0009004670133406925,13,6,0.20816659994661327,2500,OLS_oracle,iid,False,5
1,8,8001,7,70001,True,112,False,100,0.8658879630482433,4.115813278593123,0.6165907757219098,0.6364978847775447,0.9561760800246406,1.030292167189464,0.5080346836311868,0.0007936616423622896,13,6,0.20816659994661327,2500,OLS_oracle,iid,False,5
1,5,5001,1,10001,True,251,False,100,0.8537373888613078,9.703793602995574,0.5438317245878059,0.5370570316319961,0.975262519728362,1.088377731751719,0.4952749125968418,0.0013355942980990366,13,6,0.20816659994661327,2500,OLS_oracle,iid,False,5
1,7,7001,19,190001,True,143,False,100,0.8476754650208856,5.657493442296982,0.5724600865217987,0.5788661846451579,0.9798159307486147,1.0228940244926898,0.502043881762205,0.000707189837500494,13,6,0.20816659994661327,2500,OLS_oracle,iid,False,5
1,7,7001,8,80001,True,107,False,100,0.8836941399509077,6.291176426690072,0.6095522734581724,0.6307441560683043,1.00176555112908,1.0038137783563863,0.5067765201749311,0.0007102988625611611,13,6,0.20816659994661327,2500,OLS_oracle,iid,False,5
1,4,4001,20,200001,True,166,False,100,0.7769255038978906,10.446029765997082,0.6677596826576544,0.7100785869330201,1.21699955382947,1.1610439726693143,0.4206837996453035,0.0008680405023865031,13,6,0.20816659994661327,2500,OLS_oracle,iid,False,5
1,7,7001,0,1,True,116,False,100,0.7862417308145851,6.884661934804171,0.5856972378706645,0.5963701889947735,1.1728029136333031,0.9841352801586428,0.519314962186504,0.0010711764018582627,13,6,0.20816659994661327,2500,OLS_oracle,iid,False,5
1,8,8001,17,170001,True,94,False,100,0.7721309434333804,3.9768183110281825,0.6040360176297557,0.6221425751020403,0.896695844776443,0.992328160121596,0.49867024917073133,0.0007458059823440096,13,6,0.20816659994661327,2500,OLS_oracle,iid,False,5
1,6,6001,18,180001,True,211,False,100,0.8337458072174108,7.536564576905221,0.5904783856632128,0.6018928673546209,1.02602744776355,1.1162679444366435,0.44571892635964955,0.0008279991820036228,13,6,0.20816659994661327,2500,OLS_oracle,iid,False,5
1,7,7001,23,230001,True,127,False,100,0.8588706917275976,5.842946269083768,0.527371286498092,0.5232948615212926,0.994982716927185,0.9935296056505633,0.504128832811677,0.001231364995204888,13,6,0.20816659994661327,2500,OLS_oracle,iid,False,5
1,4,4001,2,20001,True,155,False,100,0.9245281397826336,12.19552279310301,0.5693710137882405,0.5641052349233385,1.0736015794181162,1.0634123677478733,0.5087446318320344,0.0007803137272987075,13,6,0.20816659994661327,2500,OLS_oracle,iid,False,5
1,7,7001,28,280001,True,145,False,100,0.9117481397231634,5.734839076641947,0.5948315397476077,0.6069582386340611,0.9399675258858716,0.9855590761510227,0.513291656286251,0.0010293055816705536,13,6,0.20816659994661327,2500,OLS_oracle,iid,False,5
1,7,7001,9,90001,True,114,False,100,0.8953736093115023,6.968838175293058,0.5786275975347126,0.5815508716863353,1.116052673401592,1.0181409741447653,0.502289594023398,0.0008337775812120732,13,6,0.20816659994661327,2500,OLS_oracle,iid,False,5
1,6,6001,21,210001,True,111,False,100,0.8310475067677752,7.83267706213519,0.5567772516176094,0.5545870988717471,1.0480510429192598,1.0330742957810704,0.497235715394096,0.0008151791252619646,13,6,0.20816659994661327,2500,OLS_oracle,iid,False,5
1,5,5001,0,1,True,138,False,100,0.7862417308145851,10.75764551339671,0.625207235621712,0.6516646542192355,0.9887422587520699,1.1155356929213585,0.4267571485070742,0.0010794736156059287,13,6,0.20816659994661327,2500,OLS_oracle,iid,False,5
1,7,7001,27,270001,True,172,False,100,0.7945350624642444,6.036709056701511,0.5924811108080472,0.6029861733129341,1.2173054047837095,1.040371302362171,0.47690962107153073,0.0010229387498766956,13,6,0.20816659994661327,2500,OLS_oracle,iid,False,5
1,8,8001,11,110001,True,133,False,100,0.9584297398558851,4.941540498752147,0.5481832844175004,0.541357907397571,0.9853421712768259,1.0152357598574782,0.5205713083362754,0.0012493373492556028,13,6,0.20816659994661327,2500,OLS_oracle,iid,False,5
1,7,7001,12,120001,True,128,False,100,0.9602988976342226,7.0555792497470975,0.6353058015979293,0.6599375940010166,1.0863019314426794,1.0580804298433097,0.455217760356381,0.0009258770110004351,13,6,0.20816659994661327,2500,OLS_oracle,iid,False,5
1,8,8001,18,180001,True,122,False,100,0.8337458072174108,4.68168952036649,0.5621212738560227,0.5641198886016674,0.8792790892890524,0.9866263231653384,0.4860311183336063,0.0008251401476380599,13,6,0.20816659994661327,2500,OLS_oracle,iid,False,5
1,3,3001,13,130001,True,264,False,100,0.70273688421089,13.834891506005079,0.5398088571664325,0.5417156299863751,0.879972976598975,1.0600234460587317,0.48273255263485043,0.0007978343703776759,13,6,0.20816659994661327,2500,OLS_oracle,iid,False,5
1,6,6001,22,220001,True,231,False,100,0.8714836117081959,8.191979746334255,0.558872190683408,0.5719759437823886,0.9711831668000199,0.9862548224946576,0.5102888365263664,0.0008238021998222438,13,6,0.20816659994661327,2500,OLS_oracle,iid,False,5
1,8,8001,19,190001,True,122,False,100,0.8476754650208856,4.797780296299607,0.6307952089513386,0.6567652787616136,0.9917153831163577,1.0845424712218141,0.47310708383355665,0.0007049173266605673,13,6,0.20816659994661327,2500,OLS_oracle,iid,False,5
1,5,5001,24,240001,True,127,False,100,0.8817061987320949,9.783665042836219,0.6043442216050325,0.6242477333138772,0.8761806014749141,1.0761038625218395,0.4232168757273205,0.0010489155972604539,13,6,0.20816659994661327,2500,OLS_oracle,iid,False,5
1,8,8001,10,100001,True,144,False,100,0.9431786286140221,5.247905876021832,0.5100091558148807,0.49047119784378557,0.7957181937913026,0.8983089159082134,0.5525224951395774,0.0012320466388222612,13,6,0.20816659994661327,2500,OLS_oracle,iid,False,5
1,6,6001,15,150001,True,247,False,100,0.9265435239350952,8.68199886707589,0.5319667869287106,0.5151609396947494,0.95064443707763,0.9769040823034928,0.5311717254184228,0.0009667188014633217,13,6,0.20816659994661327,2500,OLS_oracle,iid,False,5
1,8,8001,9,90001,True,154,False,100,0.8953736093115023,5.587614117190242,0.5990472375090344,0.6117514467776174,0.9535625934827353,1.0507304121742986,0.5276553007609531,0.000842717715417121,13,6,0.20816659994661327,2500,OLS_oracle,iid,False,5
1,8,8001,0,1,True,131,False,100,0.7862417308145851,6.431385654956102,0.5525997063611227,0.5539818770438956,0.889187057671493,0.9461227278893231,0.5331878810241724,0.0010743784577874522,13,6,0.20816659994661327,2500,OLS_oracle,iid,False,5
1,6,6001,29,290001,True,104,False,100,0.8043701039286769,8.345104679930955,0.5509322722817046,0.5598170964994759,0.8315856670317083,0.9632315985451768,0.5105929891389477,0.001204995065664671,13,6,0.20816659994661327,2500,OLS_oracle,iid,False,5
1,8,8001,21,210001,True,134,False,100,0.8310475067677752,5.139493566937745,0.611773977813443,0.6501024875510454,0.9046078182506826,0.9951266450127322,0.4867188360043389,0.0008066350533423719,13,6,0.20816659994661327,2500,OLS_oracle,iid,False,5
1,6,6001,28,280001,True,198,False,100,0.9117481397231634,8.470441788900644,0.5954765512472735,0.6029074119895943,0.9505068181317387,1.0925472063859056,0.4576382990308847,0.0010790090633067443,13,6,0.20816659994661327,2500,OLS_oracle,iid,False,5
1,5,5001,20,200001,True,284,False,100,0.7769255038978906,10.480580477043986,0.5424588359708942,0.5429413227487854,0.9381542897842164,1.0154451848651445,0.4743372606507896,0.0009293204059120745,13,6,0.20816659994661327,2500,OLS_oracle,iid,False,5
1,3,3001,4,40001,True,212,False,100,0.7846581871320228,15.041303947102278,0.5767375713321126,0.5880663960840564,0.9034376733554335,1.0300583636746672,0.5011193349901033,0.0009154693926138794,13,6,0.20816659994661327,2500,OLS_oracle,iid,False,5
1,1,1001,23,230001,True,224,False,100,0.8588706917275976,17.495028518605977,0.610570372142235,0.622317276579065,0.9858267530903242,3.023090058703525,0.3830727708076738,0.0012517656417437085,13,6,0.20816659994661327,2500,OLS_oracle,iid,False,5
1,9,9001,7,70001,True,116,False,100,0.8658879630482433,4.30145510379225,0.6005034895684699,0.6139015742893409,0.9295324863586872,1.0806548616037566,0.44109409311906883,0.0008008078837905155,13,6,0.20816659994661327,2500,OLS_oracle,iid,False,5
1,4,4001,29,290001,True,278,False,100,0.8043701039286769,12.002533847931772,0.5759057603704564,0.5869416147520556,0.8515740598840184,1.1022580948749152,0.4940120565576298,0.0012626033327233855,13,6,0.20816659994661327,2500,OLS_oracle,iid,False,5
1,7,7001,10,100001,True,226,False,100,0.9431786286140221,8.279063418041915,0.4597724163907727,0.4409026020521679,0.7874776102582314,0.9467890711340168,0.5461252119222079,0.0013021964714150958,13,6,0.20816659994661327,2500,OLS_oracle,iid,False,5
1,8,8001,29,290001,True,139,False,100,0.8043701039286769,4.896877783816308,0.5548183267520813,0.555164895976765,0.9449895900539326,0.998204412017505,0.4851281715645763,0.001179679576384361,13,6,0.20816659994661327,2500,OLS_oracle,iid,False,5
1,8,8001,23,230001,True,134,False,100,0.8588706917275976,5.336886770091951,0.5907002217824304,0.6071114018101305,0.9101718529089956,1.0488009765509303,0.4462409958356323,0.0012285782196595643,13,6,0.20816659994661327,2500,OLS_oracle,iid,False,5
1,8,8001,22,220001,True,113,False,100,0.8714836117081959,5.542382497340441,0.6009172463399803,0.6205829557086371,0.9528469631318334,1.0333057184739864,0.48523855731142507,0.0007912931225609924,13,6,0.20816659994661327,2500,OLS_oracle,iid,False,5
1,8,8001,27,270001,True,125,False,100,0.7945350624642444,5.134520933963358,0.5594906523215071,0.5639530922919792,1.1419212152375762,0.9775480083335921,0.5303100175491032,0.0010377470972665818,13,6,0.20816659994661327,2500,OLS_oracle,iid,False,5
1,9,9001,17,170001,True,123,False,100,0.7721309434333804,4.248977812938392,0.5958627008974419,0.6116107487818654,1.1282548457652777,1.081356174766799,0.48346882041680767,0.0007576765004155955,13,6,0.20816659994661327,2500,OLS_oracle,iid,False,5
1,9,9001,19,190001,True,119,False,100,0.8476754650208856,4.180489873979241,0.6091333937558904,0.6242907696539957,1.0034493602396257,1.1192320224513106,0.47464299247206787,0.0007194371108242994,13,6,0.20816659994661327,2500,OLS_oracle,iid,False,5
1,5,5001,22,220001,True,251,False,100,0.8714836117081959,11.047134100925177,0.5768356523125475,0.591249370340625,0.9817576693838342,1.0379685507244278,0.49182024319337003,0.0008176892880969863,13,6,0.20816659994661327,2500,OLS_oracle,iid,False,5
1,3,3001,10,100001,True,438,False,100,0.9431786286140221,15.445101147983223,0.4417783719257039,0.4339777972058739,0.6294084128007399,1.0447313728008447,0.5572109587912132,0.0013760902151992128,13,6,0.20816659994661327,2500,OLS_oracle,iid,False,5
1,7,7001,25,250001,True,210,False,100,0.9201883798541622,7.749141986016184,0.5819172560135807,0.5981190503756829,1.0338305240485397,1.0591788710221366,0.4991026635152885,0.0011602902575296103,13,6,0.20816659994661327,2500,OLS_oracle,iid,False,5
1,7,7001,14,140001,True,231,False,100,0.963199284990812,8.538745049852878,0.511869977657512,0.4976712466021442,0.9637744117741415,0.9531302522293797,0.5465941794886444,0.001842238292346043,13,6,0.20816659994661327,2500,OLS_oracle,iid,False,5
1,9,9001,8,80001,True,137,False,100,0.8836941399509077,4.804536721203476,0.5744644327270237,0.5816443490719647,1.0141818649113172,0.9726955566601649,0.5185520851160772,0.0007368611928746984,13,6,0.20816659994661327,2500,OLS_oracle,iid,False,5
1,5,5001,28,280001,True,291,False,100,0.9117481397231634,10.90718809235841,0.4789166256190923,0.4602171219218718,1.147182361563305,1.013667360162173,0.5394851360484542,0.0011310392921468095,13,6,0.20816659994661327,2500,OLS_oracle,iid,False,5
1,8,8001,25,250001,True,149,False,100,0.9201883798541622,5.660871080122888,0.6193854940625445,0.6396466348655292,1.0707461306595185,1.0566794838384104,0.46829953605274444,0.0011165973586388107,13,6,0.20816659994661327,2500,OLS_oracle,iid,False,5
1,7,7001,17,170001,True,109,False,100,0.7721309434333804,8.396174294874072,0.6271190055523973,0.6546112630469463,1.0052677112578596,1.0418968169238971,0.4778260448094837,0.0007561969040624014,13,6,0.20816659994661327,2500,OLS_oracle,iid,False,5
1,4,4001,11,110001,True,173,False,100,0.9584297398558851,13.859287274070084,0.44242884532629667,0.4273068512047758,0.5853203631435325,0.8920011392420885,0.5654585848250493,0.0012553294476703063,13,6,0.20816659994661327,2500,OLS_oracle,iid,False,5
1,3,3001,7,70001,True,225,False,100,0.8658879630482433,15.794963530730456,0.5495388139917723,0.5503983628137731,0.9800087448720284,1.051055564021922,0.5072309556108675,0.0008273616021289304,13,6,0.20816659994661327,2500,OLS_oracle,iid,False,5
1,6,6001,7,70001,True,117,False,100,0.8658879630482433,10.510181535966694,0.5786766010105188,0.582449006588729,1.0994081308972954,0.9976752065593444,0.49067065873966476,0.000806703435359839,13,6,0.20816659994661327,2500,OLS_oracle,iid,False,5
1,8,8001,20,200001,True,117,False,100,0.7769255038978906,6.481626056600362,0.5496501457769835,0.5492374637153227,1.1541493513416665,0.9421213865702525,0.5325621003813952,0.0008594615606288382,13,6,0.20816659994661327,2500,OLS_oracle,iid,False,5
1,6,6001,23,230001,True,150,False,100,0.8588706917275976,9.839660961180925,0.5363742588362356,0.5346145041596168,0.9864024532945195,1.0323285586287552,0.49957550401218387,0.0012327189505466228,13,6,0.20816659994661327,2500,OLS_oracle,iid,False,5
1,9,9001,12,120001,True,134,False,100,0.9602988976342226,5.183594327419996,0.5969644352331966,0.6144031909223495,1.0715424935375548,1.0714021910760123,0.44336842274946714,0.0009478520647963821,13,6,0.20816659994661327,2500,OLS_oracle,iid,False,5
2,0,1,8,80001,True,124,False,100,0.7893747089092475,3.8194616371765733,0.48041281637951555,0.44178000689556557,1.010970995731928,0.8679012797307721,0.5918213203955341,0.0008056044745262739,13,6,0.20816659994661327,2500,OLS_oracle,iid,False,5
1,8,8001,6,60001,True,199,False,100,0.7309951493229003,7.3787491880357265,0.6186333596542476,0.6368362371864463,1.0089770454054474,1.1254019063196345,0.47628158379164365,0.0007534211718419028,13,6,0.20816659994661327,2500,OLS_oracle,iid,False,5
1,9,9001,20,200001,True,142,False,100,0.7769255038978906,4.8241975251585245,0.6186718937262426,0.6418753118334285,1.104589124332403,1.376074900988591,0.44349133994533924,0.000871228779449256,13,6,0.20816659994661327,2500,OLS_oracle,iid,False,5
2,0,1,18,180001,True,96,False,100,0.8337458072174108,3.457247941289097,0.547077230346682,0.5200761661693701,0.9679372007065307,1.0344052449833407,0.47034223603766223,0.0009946855849732408,13,6,0.20816659994661327,2500,OLS_oracle,iid,False,5
1,9,9001,24,240001,True,119,False,100,0.8817061987320949,4.673388929106295,0.6091387041909956,0.645980542809071,1.030300927881345,1.078205869766425,0.471646531044982,0.001030861053076551,13,6,0.20816659994661327,2500,OLS_oracle,iid,False,5
1,8,8001,1,10001,True,212,False,100,0.8537373888613078,7.883089422713965,0.5721013692985024,0.5804885250963818,0.9855188216451901,1.0230924702320436,0.493363764274317,0.0012835940474632298,13,6,0.20816659994661327,2500,OLS_oracle,iid,False,5
1,3,3001,20,200001,True,170,False,100,0.7769255038978906,15.54393469914794,0.5750918068717548,0.5705815126199767,0.9761751984744281,0.96203347750882,0.4941063137371484,0.0008930018635149263,13,6,0.20816659994661327,2500,OLS_oracle,iid,False,5
1,9,9001,1,10001,True,170,False,100,0.8537373888613078,5.7596487808041275,0.5791499136283006,0.5791816385761914,0.940303250420673,1.0711435738175805,0.47320542456657905,0.0012832890856793607,13,6,0.20816659994661327,2500,OLS_oracle,iid,False,5
2,0,1,26,260001,True,115,False,100,0.8786732207452969,3.2802105541341007,0.5333953868384254,0.5132413191553167,1.0579865966993585,1.0734570906748255,0.4864046225129922,0.0010548852941698432,13,6,0.20816659994661327,2500,OLS_oracle,iid,False,5
1,7,7001,22,220001,True,127,False,100,0.8714836117081959,8.7550635416992,0.59956950163726,0.6148502021167115,1.0489771693590821,1.1296065941777487,0.4762781133085546,0.000794441192148256,13,6,0.20816659994661327,2500,OLS_oracle,iid,False,5
1,6,6001,14,140001,True,147,False,100,0.963199284990812,10.664394279941916,0.4992817644168211,0.49136041024261495,0.7987323475813749,1.0455756068430457,0.4306432194513999,0.0017852511596368743,13,6,0.20816659994661327,2500,OLS_oracle,iid,False,5
2,0,1,21,210001,True,119,False,100,0.8084603117799328,3.4785145190544426,0.5835932694373537,0.5736594331178632,1.116474450152407,1.0275606823521846,0.5115148686100016,0.000869099977841821,13,6,0.20816659994661327,2500,OLS_oracle,iid,False,5
1,9,9001,13,130001,True,144,False,100,0.70273688421089,5.587462658062577,0.6270241399429086,0.6570623242940006,1.038880235534151,1.0835021310814128,0.4989678158047321,0.0007629999779635352,13,6,0.20816659994661327,2500,OLS_oracle,iid,False,5
1,5,5001,11,110001,True,163,False,100,0.9584297398558851,12.853403567802161,0.5078575414862682,0.49685766073311133,0.9290974290660458,0.9518032805145352,0.5193996430137717,0.0013250083667634917,13,6,0.20816659994661327,2500,OLS_oracle,iid,False,5
2,1,1001,0,1,True,106,False,100,0.7618382172975056,3.177146944217384,0.5587211540874845,0.5433821770538286,1.06842900409929,1.0704551483862976,0.46600024669245776,0.0012599646583667512,13,6,0.20816659994661327,2500,OLS_oracle,iid,False,5
1,9,9001,0,1,True,170,False,100,0.7862417308145851,6.100805277004838,0.5648914344934195,0.5667814221138265,1.087567956329979,1.051186104127386,0.5033375321436365,0.0011113181461054826,13,6,0.20816659994661327,2500,OLS_oracle,iid,False,5
1,9,9001,16,160001,True,148,False,100,0.9064272971130153,5.4309524656273425,0.5949085009132671,0.6087249559477792,1.0071749029128378,1.0554757850451244,0.47136772804700394,0.000969342524400997,13,6,0.20816659994661327,2500,OLS_oracle,iid,False,5
1,9,9001,22,220001,True,129,False,100,0.8714836117081959,5.056906163226813,0.604824772774902,0.6170794978885342,1.05408647959852,1.0592581355371895,0.4700630175742997,0.0007915307497916811,13,6,0.20816659994661327,2500,OLS_oracle,iid,False,5
1,9,9001,2,20001,True,165,False,100,0.9245281397826336,5.982924847863615,0.5863909658503139,0.5987146251201874,0.8984519193238513,1.0015566560932487,0.5310608510307039,0.000782081923925049,13,6,0.20816659994661327,2500,OLS_oracle,iid,False,5
1,4,4001,15,150001,True,185,False,100,0.9265435239350952,14.52156687900424,0.5603135335005217,0.5673373142352682,0.9533766762502803,1.0129189911688214,0.4781316610276218,0.0009518464083642428,13,6,0.20816659994661327,2500,OLS_oracle,iid,False,5
2,0,1,16,160001,True,126,False,100,0.9064272971130153,3.8743589548394084,0.5642035656885426,0.5530701144021387,1.0233833377273993,0.9849144262826036,0.5177857747845649,0.0010310108479041518,13,6,0.20816659994661327,2500,OLS_oracle,iid,False,5
1,4,4001,14,140001,True,238,False,100,0.963199284990812,14.656164178159088,0.4631554256060775,0.43866124493373443,0.8297172783773277,0.9800347850724401,0.5351439358218353,0.0018884209275103765,13,6,0.20816659994661327,2500,OLS_oracle,iid,False,5
2,0,1,20,200001,True,129,False,100,0.7769255038978906,3.9077943367883563,0.5230621383738824,0.5022970164485462,1.1551641448575982,0.9583868163935314,0.5318803365665272,0.0010506799177782955,13,6,0.20816659994661327,2500,OLS_oracle,iid,False,5
1,9,9001,26,260001,True,158,False,100,0.878673220745297,5.135199457872659,0.5867555962833969,0.6132623075900459,1.0180575794300533,1.0679024656780671,0.5215126521674481,0.0010124050080460765,13,6,0.20816659994661327,2500,OLS_oracle,iid,False,5
1,9,9001,18,180001,True,155,False,100,0.8337458072174108,5.842182515654713,0.5862952526379427,0.6004226774594166,1.0234052482680085,1.0500500509049095,0.48074886907447434,0.0008119694766876282,13,6,0.20816659994661327,2500,OLS_oracle,iid,False,5
2,1,1001,4,40001,True,120,False,100,0.7846581871320228,3.329680483788252,0.5956245783397681,0.5920331583370497,0.9413911920528505,1.1232147712285827,0.4587316162205287,0.0010336620918161754,13,6,0.20816659994661327,2500,OLS_oracle,iid,False,5
1,9,9001,11,110001,True,183,False,100,0.9584297398558851,6.276944963261485,0.5434084508039301,0.5428671309002454,0.7330219129652351,1.11136792011891,0.44392972139649206,0.0013008070352533627,13,6,0.20816659994661327,2500,OLS_oracle,iid,False,5
1,9,9001,10,100001,True,161,False,100,0.9431786286140221,6.306554441340268,0.5594725098376283,0.5632092047729862,1.0937977214472807,1.0434375832325633,0.4808505931528584,0.0012539754349751766,13,6,0.20816659994661327,2500,OLS_oracle,iid,False,5
2,0,1,23,230001,True,136,False,100,0.8588706917275976,4.179275426082313,0.5324724203517829,0.5082742913024347,0.9178321935329272,1.0741470774264341,0.5116259717697875,0.0014403206370544514,13,6,0.20816659994661327,2500,OLS_oracle,iid,False,5
1,8,8001,12,120001,True,232,False,100,0.9602988976342226,7.99924754910171,0.5629761497610214,0.5608169168971758,0.8359547951653834,1.0237112699418116,0.5166802176402695,0.0009873484237008596,13,6,0.20816659994661327,2500,OLS_oracle,iid,False,5
2,0,1,25,250001,True,145,False,100,0.9201883798541622,4.4029947691597044,0.5698024693201744,0.5531382051994431,0.8770166311125706,1.1520667619004834,0.3868840080139613,0.0013206115086595324,13,6,0.20816659994661327,2500,OLS_oracle,iid,False,5
2,1,1001,8,80001,True,130,False,100,0.7893747089092475,3.6703010639175773,0.6253407245814561,0.6261592569267965,1.0250318207030602,1.0772151673681076,0.49822054569659374,0.0007980529368429686,13,6,0.20816659994661327,2500,OLS_oracle,iid,False,5
2,1,1001,9,90001,True,118,False,100,0.8953736093115022,3.613880021031946,0.5529807147052637,0.5358799889831747,0.9962274294221615,0.9862813176716553,0.5258782364105049,0.0013069115193780018,13,6,0.20816659994661327,2500,OLS_oracle,iid,False,5
1,6,6001,25,250001,True,138,False,100,0.9201883798541622,11.330065011046827,0.6079349484453958,0.6443104508874017,0.8483335424395808,1.1137927865412909,0.4199439968617349,0.0011478384443264912,13,6,0.20816659994661327,2500,OLS_oracle,iid,False,5
2,0,1,3,30001,True,165,False,100,0.922673366122412,5.75121473101899,0.5421520043157375,0.5254704855103782,0.9930460858560749,1.2336224101061755,0.2959606995427931,0.0018863642923235904,13,6,0.20816659994661327,2500,OLS_oracle,iid,False,5
1,7,7001,15,150001,True,148,False,100,0.9265435239350952,10.577451467048377,0.5293823387919321,0.5247356595734785,0.7957751128503394,0.9386830070268498,0.5203081176667691,0.0009410464434626483,13,6,0.20816659994661327,2500,OLS_oracle,iid,False,5
2,0,1,2,20001,True,170,False,100,0.9245281397826336,5.909781673923135,0.508160996702992,0.49729418276376686,0.859382046544575,0.9226413501057436,0.5700587903333257,0.0008464578650649147,13,6,0.20816659994661327,2500,OLS_oracle,iid,False,5
2,0,1,17,170001,True,98,False,100,0.7721309434333804,5.090549451764673,0.5270481260391211,0.5047391003396089,0.997249372159058,0.9314554859552988,0.569373895061923,0.0009149142285474361,13,6,0.20816659994661327,2500,OLS_oracle,iid,False,5
2,1,1001,13,130001,True,119,False,100,0.70273688421089,3.610494412947446,0.5465430019778621,0.5278598945403623,0.979723986640189,1.019324502865661,0.5064831363830746,0.0009429968666397966,13,6,0.20816659994661327,2500,OLS_oracle,iid,False,5
2,1,1001,2,20001,True,147,False,100,0.9245281397826336,4.462472632993013,0.5953685675294049,0.5920464217418393,1.0995498045490888,1.0092912874213003,0.5535976739192622,0.0008298518548176025,13,6,0.20816659994661327,2500,OLS_oracle,iid,False,5
2,1,1001,22,220001,True,104,False,100,0.7671164578727816,3.1964691700413823,0.5743201160839635,0.590724208575994,0.9017732632623922,0.9945284725587804,0.5192458419774114,0.0008349417296206506,13,6,0.20816659994661327,2500,OLS_oracle,iid,False,5
2,1,1001,17,170001,True,128,False,100,0.7721309434333804,3.695410706102848,0.48230707701358466,0.45161266036044745,0.8300955261593331,0.9031137117183796,0.5734783179900936,0.0009252047958950155,13,6,0.20816659994661327,2500,OLS_oracle,iid,False,5
1,8,8001,13,130001,True,107,False,100,0.70273688421089,9.023811637889594,0.5593298589038548,0.5667277425995876,0.9123641234999365,0.9490933223053739,0.5285935074289019,0.0007569808779645688,13,6,0.20816659994661327,2500,OLS_oracle,iid,False,5
2,0,1,11,110001,True,190,False,100,0.9584297398558851,5.96613646671176,0.5114640488535462,0.471886717404742,1.0843121773659568,1.2432038264884693,0.5232859277431291,0.0016420054034736891,13,6,0.20816659994661327,2500,OLS_oracle,iid,False,5
2,1,1001,21,210001,True,122,False,100,0.8084603117799328,3.678433428052813,0.5649696264804437,0.5520754056501824,0.8280485958984969,0.9977180734736669,0.520558044367047,0.000870511097356035,13,6,0.20816659994661327,2500,OLS_oracle,iid,False,5
1,9,9001,21,210001,True,184,False,100,0.8310475067677752,7.110601087100804,0.5761361351285657,0.5824930702686776,0.9700608912543967,1.1023600881021582,0.5004587768311565,0.0008371979390938761,13,6,0.20816659994661327,2500,OLS_oracle,iid,False,5
2,1,1001,29,290001,True,115,False,100,0.804370103928677,3.293913862667978,0.5485473190463882,0.5297769266652825,1.01936451147446,1.0041640569857788,0.48822238272985213,0.001240852142298213,13,6,0.20816659994661327,2500,OLS_oracle,iid,False,5
2,1,1001,1,10001,True,167,False,100,0.8537373888613078,5.151279614772648,0.5345424135706002,0.5009221699170915,1.0636504946121832,0.9985543652081041,0.4996959244552213,0.001859111482484734,13,6,0.20816659994661327,2500,OLS_oracle,iid,False,5
2,0,1,7,70001,True,213,False,100,0.8658879630482433,6.563715516589582,0.515561888354602,0.49079656274342864,0.9576962604476695,1.0200662004995131,0.5427246286846827,0.0009817897414109262,13,6,0.20816659994661327,2500,OLS_oracle,iid,False,5
2,0,1,22,220001,True,154,False,100,0.7671164578727816,5.837155173998326,0.5995032049057788,0.6154420869689547,1.1684007488303514,1.0277554951354708,0.512328542456472,0.0008295442135531386,13,6,0.20816659994661327,2500,OLS_oracle,iid,False,5
2,2,2001,6,60001,True,108,False,100,0.7309951493229003,3.291162900160998,0.5245756361888383,0.5081895821428563,0.9030678812463013,0.9630428768015055,0.5416421149578252,0.0008669666957040083,13,6,0.20816659994661327,2500,OLS_oracle,iid,False,5
2,0,1,1,10001,True,227,False,100,0.8537373888613078,7.040766520891339,0.5140635809879213,0.4684338116507408,0.8714314768675344,1.0483886987963869,0.48520889476137496,0.0018471846236740215,13,6,0.20816659994661327,2500,OLS_oracle,iid,False,5
1,9,9001,5,50001,True,230,False,100,0.9090716719005624,8.233684529084712,0.5638776035356984,0.5638179970577314,0.8555692781544894,1.040302715846644,0.5164483063283264,0.0008335448217565937,13,6,0.20816659994661327,2500,OLS_oracle,iid,False,5
1,9,9001,23,230001,True,194,False,100,0.8588706917275976,7.503909597173333,0.558086187977786,0.558657999055955,0.9145033203111841,1.0403444270990605,0.4795667464607352,0.0012503486494099727,13,6,0.20816659994661327,2500,OLS_oracle,iid,False,5
2,0,1,13,130001,True,98,False,100,0.70273688421089,6.564251111354679,0.5627121151862209,0.5436313542390043,1.03308623643807,0.979303848407682,0.519371241238714,0.000946092529588102,13,6,0.20816659994661327,2500,OLS_oracle,iid,False,5
2,2,2001,8,80001,True,116,False,100,0.7893747089092475,3.5046389899216592,0.577370934528942,0.5716574722109171,0.9565417287994387,1.0025723865697993,0.5472706257489635,0.0007954338957143362,13,6,0.20816659994661327,2500,OLS_oracle,iid,False,5
2,2,2001,22,220001,True,84,False,100,0.7671164578727816,2.90563760465011,0.5350914190932162,0.5174903142886549,1.0544950167677305,0.9752753117436019,0.5583431905411798,0.0008194859335921663,13,6,0.20816659994661327,2500,OLS_oracle,iid,False,5
1,8,8001,3,30001,True,156,False,100,0.922673366122412,10.71989503223449,0.5242900675989821,0.5061319559835628,0.8720425268600696,1.0437103351589856,0.45029771760995824,0.0012817969253956583,13,6,0.20816659994661327,2500,OLS_oracle,iid,False,5
2,1,1001,27,270001,True,136,False,100,0.7945350624642444,4.155154305044562,0.5646379904109032,0.5534503057672493,1.0895730853007874,1.0102085037147381,0.49953439100918245,0.0010958889461338374,13,6,0.20816659994661327,2500,OLS_oracle,iid,False,5
2,0,1,6,60001,True,102,False,100,0.7309951493229003,7.202044096775353,0.6314511947091221,0.6407397902043344,1.0492095982840834,1.060237694131418,0.47993506169117983,0.0008586973678971425,13,6,0.20816659994661327,2500,OLS_oracle,iid,False,5
1,8,8001,28,280001,True,263,False,100,0.9117481397231634,9.093828372191638,0.5094982781171595,0.4934159785240762,0.9307239672954342,0.9837108700822595,0.5461433630439931,0.0011210328403333683,13,6,0.20816659994661327,2500,OLS_oracle,iid,False,5
1,9,9001,27,270001,True,133,False,100,0.7945350624642444,7.741848744917661,0.5957529282050186,0.6050239794170873,0.8701510376053789,1.0220484169694786,0.4787051557372141,0.0010192453647383164,13,6,0.20816659994661327,2500,OLS_oracle,iid,False,5
1,9,9001,28,280001,True,132,False,100,0.9117481397231634,7.79226007591933,0.5647919090380766,0.5716701558412487,0.7867141536863544,0.9811376012312958,0.49764935808443395,0.0010320919816192036,13,6,0.20816659994661327,2500,OLS_oracle,iid,False,5
1,8,8001,26,260001,True,121,False,100,0.878673220745297,9.368407930713147,0.6370378524037051,0.6670026983375289,1.0889866923876905,1.0818659597735303,0.44819743364283166,0.0009871478492001057,13,6,0.20816659994661327,2500,OLS_oracle,iid,False,5
2,2,2001,2,20001,True,120,False,100,0.9245281397826336,4.2989695481956005,0.5304945235482639,0.5125365756669742,0.9510859061721769,0.9466787398489703,0.5687525212618165,0.0008354153477925415,13,6,0.20816659994661327,2500,OLS_oracle,iid,False,5
2,0,1,4,40001,True,130,False,100,0.7846581871320228,7.709088696166873,0.5733958146385558,0.5585470971102168,0.9392409259784056,0.9826965991330341,0.5098728187009454,0.001050381331790521,13,6,0.20816659994661327,2500,OLS_oracle,iid,False,5
2,2,2001,18,180001,True,122,False,100,0.8337458072174108,3.7219002251513302,0.5376005614897997,0.5133917347341259,1.116373032462406,0.9890276086538065,0.5381377165959914,0.0009869863900768933,13,6,0.20816659994661327,2500,OLS_oracle,iid,False,5
2,2,2001,0,1,True,151,False,100,0.7618382172975056,4.5729709030129015,0.6034009256577729,0.6019782168706691,1.018677459825717,1.1824289647561308,0.44556265467353434,0.0012399788477550835,13,6,0.20816659994661327,2500,OLS_oracle,iid,False,5
2,0,1,15,150001,True,162,False,100,0.9265435239350953,7.207185588311404,0.48835809737076946,0.4603995924124469,0.8628370236162636,0.970766664327932,0.5164703899616776,0.0013420895148749522,13,6,0.20816659994661327,2500,OLS_oracle,iid,False,5
1,6,6001,10,100001,True,200,False,100,0.9431786286140221,14.342994766309857,0.528033086110676,0.5176352814181274,0.9028977633905221,1.0561770483593096,0.45910638298933293,0.0012396498791433241,13,6,0.20816659994661327,2500,OLS_oracle,iid,False,5
2,2,2001,21,210001,True,126,False,100,0.8084603117799328,3.729745320044458,0.531745860382486,0.5136437468214221,0.8866056202688479,0.9579966409877435,0.5619212712607304,0.0008661094824183108,13,6,0.20816659994661327,2500,OLS_oracle,iid,False,5
2,0,1,5,50001,True,231,False,100,0.9090716719005624,8.007401681039482,0.5211932690807232,0.5049529558465948,0.7329986530928215,1.038292470109315,0.5170014958458979,0.0008939113843381825,13,6,0.20816659994661327,2500,OLS_oracle,iid,False,5
2,3,3001,7,70001,True,115,False,100,0.8658879630482433,3.5281870858743787,0.5925714116560514,0.5882670925438526,1.0142823207052531,1.0539054220348856,0.4768508574130949,0.0009418034783659995,13,6,0.20816659994661327,2500,OLS_oracle,iid,False,5
1,8,8001,14,140001,True,274,False,100,0.963199284990812,10.815089456737041,0.5059536408226274,0.5035266695641323,0.829059256337884,1.0236066219923166,0.5428451110672065,0.0018867131357188677,13,6,0.20816659994661327,2500,OLS_oracle,iid,False,5
2,3,3001,5,50001,True,119,False,100,0.9090716719005624,3.5719080111011863,0.5591681021104397,0.5366129893235487,0.9713969089679187,0.9827452688587482,0.5457062346794964,0.0008616792371144418,13,6,0.20816659994661327,2500,OLS_oracle,iid,False,5
2,3,3001,6,60001,True,118,False,100,0.7309951493229003,3.610686682164669,0.5727355206800901,0.5628396664801003,0.9377672697042649,0.9968099985766673,0.5437008282031024,0.000865874608415823,13,6,0.20816659994661327,2500,OLS_oracle,iid,False,5
2,3,3001,4,40001,True,107,False,100,0.7846581871320228,3.6811156920157373,0.5546991658488419,0.5379795744385063,0.9780406340452721,1.0072524503115223,0.48770281780134445,0.0010294880097135137,13,6,0.20816659994661327,2500,OLS_oracle,iid,False,5
2,3,3001,13,130001,True,106,False,100,0.70273688421089,3.2118214340880513,0.5351265745682631,0.5123525072542908,0.9743337572270736,1.188642412332295,0.5689923596787821,0.0009431446491874037,13,6,0.20816659994661327,2500,OLS_oracle,iid,False,5
2,3,3001,18,180001,True,101,False,100,0.8337458072174108,3.0841312878765166,0.5616941498974605,0.5448651063598463,0.8750948876487724,1.002327706393522,0.5121769580320433,0.0009981053618394237,13,6,0.20816659994661327,2500,OLS_oracle,iid,False,5
2,2,2001,7,70001,True,157,False,100,0.8658879630482433,4.79022093815729,0.5418274083839678,0.5200145916444533,0.8953187584658452,1.0589373525045653,0.477228459938181,0.0009782985776295502,13,6,0.20816659994661327,2500,OLS_oracle,iid,False,5
2,1,1001,26,260001,True,146,False,100,0.8786732207452969,5.2833578190766275,0.6028560022878109,0.5974829839027204,1.0614499460533007,1.0302453442580877,0.5111496502733206,0.0010926637672619061,13,6,0.20816659994661327,2500,OLS_oracle,iid,False,5
2,3,3001,12,120001,True,115,False,100,0.9602988976342225,3.688744770362973,0.4747433108338423,0.43616549137961,0.9209337272133901,0.8968561049585376,0.557350022578568,0.0010201675295245984,13,6,0.20816659994661327,2500,OLS_oracle,iid,False,5
2,2,2001,9,90001,True,174,False,100,0.8953736093115022,4.978143510874361,0.5715508985784143,0.5496339942120249,1.1396535911680277,1.2450344377621485,0.41940740771651197,0.0013447979506281478,13,6,0.20816659994661327,2500,OLS_oracle,iid,False,5
2,2,2001,27,270001,True,154,False,100,0.7945350624642444,4.299986978061497,0.5223879147091667,0.4992579048871137,0.8572440328315493,1.0460851879593618,0.5155162629486146,0.001105633966478652,13,6,0.20816659994661327,2500,OLS_oracle,iid,False,5
1,2,2001,0,1,True,251,False,100,0.7862417308145851,23.027542798779905,0.520864144660552,0.5034078928769018,0.8736044321676573,1.0806358019680602,0.5226317838864224,0.0011282850892238528,13,6,0.20816659994661327,2500,OLS_oracle,iid,False,5
2,0,1,10,100001,True,270,False,100,0.9189981573007079,8.327947433106601,0.5279720509562515,0.5078252239366136,0.9228057772202982,1.0976555110417212,0.4736620597087641,0.0013291156548846496,13,6,0.20816659994661327,2500,OLS_oracle,iid,False,5
2,1,1001,20,200001,True,96,False,100,0.7769255038978906,6.059900736436248,0.5403484556488297,0.5221321344660758,0.9640445408756954,0.9916701113020142,0.5378160913704249,0.0010190327797374344,13,6,0.20816659994661327,2500,OLS_oracle,iid,False,5
2,2,2001,1,10001,True,149,False,100,0.8537373888613078,5.470786217134446,0.5605449754056525,0.5487715773687827,0.9037141986895516,1.0831868648324214,0.4152232028179019,0.001836222263159752,13,6,0.20816659994661327,2500,OLS_oracle,iid,False,5
2,2,2001,10,100001,True,175,False,100,0.9189981573007079,5.246809866279364,0.4682067992971206,0.44325276678228204,0.7186209023627546,0.9746342415097456,0.5264340199897147,0.0013405659779644268,13,6,0.20816659994661327,2500,OLS_oracle,iid,False,5
2,2,2001,4,40001,True,161,False,100,0.7846581871320228,5.4190669590607285,0.5328394373098377,0.5148772940220986,0.8975586771775725,1.0286110143705802,0.4534452158927149,0.0010657213445997408,13,6,0.20816659994661327,2500,OLS_oracle,iid,False,5
2,1,1001,14,140001,True,230,False,100,0.963199284990812,6.700919392053038,0.472391128385953,0.4403002955250732,0.8276484328566147,1.000128721047951,0.5561319771573708,0.0021193118155578765,13,6,0.20816659994661327,2500,OLS_oracle,iid,False,5
2,2,2001,24,240001,True,165,False,100,0.881706198732095,4.766818339936435,0.5057942763786137,0.48202629073103515,0.8762560768502164,0.9756963488518128,0.4797292536675341,0.0013908728609944461,13,6,0.20816659994661327,2500,OLS_oracle,iid,False,5
2,1,1001,28,280001,True,191,False,100,0.9117481397231634,5.789951832965016,0.5217487510695364,0.5040588315891978,0.8111595034535458,0.9919374346034912,0.5511142879663689,0.0011604857351588354,13,6,0.20816659994661327,2500,OLS_oracle,iid,False,5
2,0,1,24,240001,True,290,False,100,0.881706198732095,8.05982713215053,0.4488524349725446,0.4097185153873672,0.794901456373299,0.985087466275029,0.575545132000901,0.0014038923308891385,13,6,0.20816659994661327,2500,OLS_oracle,iid,False,5
2,0,1,14,140001,True,305,False,100,0.963199284990812,8.721729938872159,0.46183319952389695,0.4218718174118543,0.6955994517981884,1.0756951132353343,0.5338416493220514,0.002096943767055547,13,6,0.20816659994661327,2500,OLS_oracle,iid,False,5
2,4,4001,0,1,True,104,False,100,0.7618382172975056,3.1978695159778,0.5155832120367347,0.4921525078251086,0.9654258259503264,0.9890197080249756,0.4681963821510509,0.0012228870921698672,13,6,0.20816659994661327,2500,OLS_oracle,iid,False,5
2,1,1001,11,110001,True,239,False,100,0.9584297398558851,7.232629146892577,0.47539850318681803,0.4480181185195407,0.8410334439955648,0.9576795838667397,0.5423197089503817,0.0016288073569272346,13,6,0.20816659994661327,2500,OLS_oracle,iid,False,5
2,2,2001,13,130001,True,106,False,100,0.70273688421089,5.5653351079672575,0.5881103158057431,0.5838926383506741,0.8493123824225154,1.0413194213205406,0.4850277019740853,0.0009464799244241537,13,6,0.20816659994661327,2500,OLS_oracle,iid,False,5
2,1,1001,16,160001,True,239,False,100,0.9064272971130153,7.006662374828011,0.5327628571593909,0.5125462000179459,1.0784916975433523,0.9868526711203264,0.5505953153262056,0.0010926510957279902,13,6,0.20816659994661327,2500,OLS_oracle,iid,False,5
2,4,4001,2,20001,True,99,False,100,0.9245281397826336,3.024826232343912,0.53684444388575,0.5178292588080919,0.9141543532989791,0.9288032265998794,0.5744759940197813,0.0008388189155968701,13,6,0.20816659994661327,2500,OLS_oracle,iid,False,5
2,3,3001,21,210001,True,132,False,100,0.8084603117799328,3.720926953945309,0.581152406715324,0.5732382399214528,1.0600803184484096,0.9659117470578784,0.5367546027594549,0.0008732622287378557,13,6,0.20816659994661327,2500,OLS_oracle,iid,False,5
1,8,8001,15,150001,True,151,False,100,0.9265435239350952,12.117005129344761,0.5153414128554679,0.5083263902670686,0.9621964330359218,1.067007148268223,0.5281608405573566,0.0009462910711076438,13,6,0.20816659994661327,2500,OLS_oracle,iid,False,5
2,3,3001,17,170001,True,120,False,100,0.7721309434333804,4.288046161644161,0.560665651538925,0.5494483389771039,0.8947710144291694,0.9724340087491276,0.531651986198808,0.0009078899202548229,13,6,0.20816659994661327,2500,OLS_oracle,iid,False,5
1,9,9001,14,140001,True,232,False,100,0.963199284990812,9.83823282411322,0.5216369694288417,0.5158286794986454,0.8894091080323525,1.0804958349190434,0.49746134339517495,0.0018469660915402988,13,6,0.20816659994661327,2500,OLS_oracle,iid,False,5
2,2,2001,11,110001,True,199,False,100,0.9584297398558851,5.872278709895909,0.48524199639632326,0.4562938840196882,0.9630984440067236,0.9018089238846091,0.5687547392277404,0.0016151896439562216,13,6,0.20816659994661327,2500,OLS_oracle,iid,False,5
2,3,3001,15,150001,True,157,False,100,0.9265435239350953,4.429698624648154,0.5466904793128885,0.5355143132490064,0.8707764116715799,1.07964939314022,0.4826387516610133,0.0013512370942470816,13,6,0.20816659994661327,2500,OLS_oracle,iid,False,5
2,1,1001,24,240001,True,104,False,100,0.881706198732095,6.6728290393948555,0.5372049407481869,0.5183981706296252,1.0132035190197737,1.0804415780822494,0.4576031610410159,0.0013298367881571414,13,6,0.20816659994661327,2500,OLS_oracle,iid,False,5
2,1,1001,15,150001,True,162,False,100,0.9265435239350953,7.341144775040448,0.5018881541996525,0.47930634303430547,1.2090431577884058,1.097682732818329,0.48235075818312745,0.0013479513586565045,13,6,0.20816659994661327,2500,OLS_oracle,iid,False,5
0,9,9001,26,260001,True,380,False,100,0.9467146784892133,28.62941042985767,0.5359098771351807,0.548573374368538,1.0684542223032896,1.0720561443444099,0.4958521782732926,0.0010044316355572378,13,6,0.20816659994661327,2500,OLS_oracle,iid,False,5
2,2,2001,3,30001,True,203,False,100,0.922673366122412,6.2312634866684675,0.38180909371153526,0.33455297547770574,0.6746590373020704,0.8552478270862012,0.5706198849089682,0.0019189427614968557,13,6,0.20816659994661327,2500,OLS_oracle,iid,False,5
2,3,3001,9,90001,True,175,False,100,0.8953736093115022,5.139415257610381,0.5658505570126305,0.5511474984000568,1.0084583583739917,1.0719751250054044,0.5083303213138071,0.0013178557484837628,13,6,0.20816659994661327,2500,OLS_oracle,iid,False,5
2,4,4001,6,60001,True,108,False,100,0.7309951493229003,3.241869587916881,0.5131760477840235,0.4885189675734685,0.907935585345679,1.0026553554174067,0.5897682083272626,0.0008531581193770445,13,6,0.20816659994661327,2500,OLS_oracle,iid,False,5
2,3,3001,23,230001,True,121,False,100,0.8588706917275976,4.107679906766862,0.5212315362403964,0.4994757415547347,0.8936314273914275,0.9793244330201847,0.495310868840767,0.0013905521798517014,13,6,0.20816659994661327,2500,OLS_oracle,iid,False,5
2,3,3001,25,250001,True,138,False,100,0.9201883798541622,4.063883263152093,0.4618214395840879,0.4268741346960499,0.9042472192153629,0.9273696480829764,0.573331423330515,0.0013015242301654606,13,6,0.20816659994661327,2500,OLS_oracle,iid,False,5
2,2,2001,19,190001,True,202,False,100,0.8476754650208856,6.144494711887091,0.6001665082485873,0.5948052615965473,1.0373890879238419,1.1950744255760084,0.4722396595077651,0.0008981337328580106,13,6,0.20816659994661327,2500,OLS_oracle,iid,False,5
2,0,1,9,90001,True,157,False,100,0.8953736093115022,9.997588568832725,0.5905034411167192,0.589757311210207,1.156405458564495,1.088749147054819,0.4650223232277538,0.001323287174264202,13,6,0.20816659994661327,2500,OLS_oracle,iid,False,5
2,2,2001,23,230001,True,212,False,100,0.8588706917275976,5.868994760792702,0.4678463942155175,0.433531858655667,0.8733043102050448,1.0456077523826293,0.5122594432808899,0.0014888188738443509,13,6,0.20816659994661327,2500,OLS_oracle,iid,False,5
1,9,9001,6,60001,True,326,False,100,0.7309951493229003,11.803194982931018,0.5416286807679163,0.5390120745848297,1.0943513499030804,0.9679298865711073,0.5475391201623159,0.0008135469712060827,13,6,0.20816659994661327,2500,OLS_oracle,iid,False,5
2,4,4001,7,70001,True,131,False,100,0.8658879630482433,3.8807455636560917,0.5637597516534378,0.5558531296215053,0.8822847459171792,1.0118008252746493,0.5052391211906629,0.0009621891644344991,13,6,0.20816659994661327,2500,OLS_oracle,iid,False,5
2,1,1001,18,180001,True,244,False,100,0.8337458072174108,8.119342496152967,0.5151618450826211,0.48781700078903734,0.7830078458061449,1.0230355923882586,0.5602873537538603,0.0010504689866063731,13,6,0.20816659994661327,2500,OLS_oracle,iid,False,5
2,3,3001,16,160001,True,170,False,100,0.9064272971130153,5.609650166705251,0.560609031812558,0.5507924120122349,1.0199705312952574,1.0011043679690121,0.5425383789981265,0.0010576848413200394,13,6,0.20816659994661327,2500,OLS_oracle,iid,False,5
1,9,9001,15,150001,True,171,False,100,0.9265435239350952,11.641442080028355,0.619392759882439,0.6401263685216174,0.963198628184755,1.1249427388135467,0.4624530587358848,0.0009570250953848514,13,6,0.20816659994661327,2500,OLS_oracle,iid,False,5
2,1,1001,12,120001,True,157,False,100,0.9602988976342225,8.629410577006638,0.4870154800244638,0.4506962489412871,0.8176039862256066,0.9178801779223366,0.5678741835206202,0.0010155145535898876,13,6,0.20816659994661327,2500,OLS_oracle,iid,False,5
2,2,2001,20,200001,True,231,False,100,0.7769255038978906,6.79979999223724,0.4945658917140858,0.46775571227184565,0.9987846872830518,1.0181156659574577,0.5430800672090138,0.0010645517766904521,13,6,0.20816659994661327,2500,OLS_oracle,iid,False,5
2,1,1001,25,250001,True,161,False,100,0.9201883798541622,7.941911473870277,0.5307138673268842,0.5334498282976535,0.8461927124271984,1.0581881705927472,0.5000357895764108,0.0013120479501284236,13,6,0.20816659994661327,2500,OLS_oracle,iid,False,5
2,1,1001,23,230001,True,273,False,100,0.8588706917275976,8.094011147040874,0.5004056114376038,0.474917505963656,0.7977694221723192,1.0217865008638338,0.4900012747319163,0.0014785773658477941,13,6,0.20816659994661327,2500,OLS_oracle,iid,False,5
1,9,9001,3,30001,True,344,False,100,0.922673366122412,12.270799996796995,0.40218965294439823,0.36917205432733347,0.8768108569941861,0.9250276236071747,0.5624620042411124,0.0013238927652712805,13,6,0.20816659994661327,2500,OLS_oracle,iid,False,5
2,3,3001,28,280001,True,163,False,100,0.9117481397231634,5.051016848068684,0.5408243341116697,0.5191671236200306,1.0976891860316944,1.1437831503874494,0.4670368664569134,0.0011799274074066625,13,6,0.20816659994661327,2500,OLS_oracle,iid,False,5
1,6,6001,27,270001,True,183,False,100,0.7945350624642444,16.81384189473465,0.6009515299464108,0.6184517813794871,0.8736410175746999,1.0398509767246022,0.4854892847120867,0.0010154647648214484,13,6,0.20816659994661327,2500,OLS_oracle,iid,False,5
2,2,2001,17,170001,True,94,False,100,0.7721309434333804,7.124469403643161,0.5437863471655382,0.5242539692817252,0.945665577942006,0.9700210162888357,0.5539653922703377,0.000920771275817952,13,6,0.20816659994661327,2500,OLS_oracle,iid,False,5
2,5,5001,12,120001,True,92,False,100,0.9602988976342225,2.526685217861086,0.5300920765813201,0.5128745136395042,0.8592774351308116,0.9022837362853546,0.5809723634234896,0.0010026965657535494,13,6,0.20816659994661327,2500,OLS_oracle,iid,False,5
2,2,2001,12,120001,True,146,False,100,0.9602988976342225,7.5704005947336555,0.5291412748164455,0.5076238536499851,0.9121745829024307,0.9635985027143877,0.54676771737934,0.0010268518044436357,13,6,0.20816659994661327,2500,OLS_oracle,iid,False,5
2,2,2001,26,260001,True,195,False,100,0.8786732207452969,7.060377735178918,0.6086929994526137,0.6219018041359013,1.0289181595615016,1.0688273931364547,0.5072401042098259,0.0011142023918115646,13,6,0.20816659994661327,2500,OLS_oracle,iid,False,5
2,3,3001,20,200001,True,167,False,100,0.7769255038978906,5.758567011915147,0.5414670475263889,0.5271644326959252,0.9588345182941913,1.0157773874951104,0.5193818378177973,0.0010665541407585573,13,6,0.20816659994661327,2500,OLS_oracle,iid,False,5
2,2,2001,29,290001,True,135,False,100,0.804370103928677,7.128236158750951,0.531333011111363,0.515039673753201,0.7748156237459245,0.9801958197281494,0.5421340129560922,0.001259434469819684,13,6,0.20816659994661327,2500,OLS_oracle,iid,False,5
2,0,1,19,190001,True,338,False,100,0.8476754650208856,10.715389115270227,0.5663743801513615,0.5491204680851132,1.108104732236213,1.0935094048720335,0.4898868628277762,0.0009328088920271902,13,6,0.20816659994661327,2500,OLS_oracle,iid,False,5
2,5,5001,4,40001,True,113,False,100,0.7846581871320228,3.4079143600538373,0.5756136620024632,0.5601697949880659,0.984450411651691,1.0612098376304575,0.48870631624951266,0.001023456997111433,13,6,0.20816659994661327,2500,OLS_oracle,iid,False,5
2,4,4001,26,260001,True,127,False,100,0.8786732207452969,3.7807389651425183,0.6047814314208652,0.6009407564288021,0.9215805689955069,1.1399048422751343,0.4372437582814576,0.0010666483099781975,13,6,0.20816659994661327,2500,OLS_oracle,iid,False,5
2,1,1001,19,190001,True,130,False,100,0.8476754650208856,9.059160311240703,0.5765579358501071,0.5658621742357235,0.93016973647093,1.0352119246368738,0.49825208334669957,0.0008810791121254317,13,6,0.20816659994661327,2500,OLS_oracle,iid,False,5
2,4,4001,21,210001,True,133,False,100,0.8084603117799328,4.4020654880441725,0.5692024308258579,0.5606052329973923,0.8814233544122138,1.1139472844511686,0.5204850904935819,0.0008843794691490911,13,6,0.20816659994661327,2500,OLS_oracle,iid,False,5
2,1,1001,10,100001,True,263,False,100,0.9189981573007079,9.900422253180295,0.5075461056846707,0.46563728830239826,0.8438284199090745,7.550038536658138,0.5133012185652928,0.0013339040023023344,13,6,0.20816659994661327,2500,OLS_oracle,iid,False,5
2,3,3001,11,110001,True,238,False,100,0.9584297398558851,7.245726741850376,0.48614393059000666,0.4585668568475111,0.9810290771183441,0.9347725483256825,0.5549649977075773,0.0016430733321638376,13,6,0.20816659994661327,2500,OLS_oracle,iid,False,5
2,5,5001,6,60001,True,126,False,100,0.7309951493229003,3.8078218172304332,0.6098052947279624,0.6121738788490251,0.8479836209934163,1.016852639067759,0.5201868880871517,0.0008566632540764255,13,6,0.20816659994661327,2500,OLS_oracle,iid,False,5
2,3,3001,8,80001,True,101,False,100,0.7893747089092475,7.535399337764829,0.6242962391883128,0.6489587729310394,1.0892776246467517,1.1263409081827864,0.4901741408095526,0.0007891402023263647,13,6,0.20816659994661327,2500,OLS_oracle,iid,False,5
2,1,1001,7,70001,True,160,False,100,0.8658879630482433,10.23078742204234,0.563516298360599,0.5508391923500223,0.9894047072250708,1.0517114532462168,0.5243826700882926,0.0009515125786681669,13,6,0.20816659994661327,2500,OLS_oracle,iid,False,5
2,5,5001,9,90001,True,120,False,100,0.8953736093115022,3.8242311822250485,0.5815399802629541,0.5886963436981332,0.9835088701059695,1.36692192974529,0.515502520451822,0.001305295063398501,13,6,0.20816659994661327,2500,OLS_oracle,iid,False,5
2,4,4001,8,80001,True,161,False,100,0.7893747089092475,5.440985329914838,0.5921193666562237,0.5849550755339881,0.9186567081223208,1.0563820112454159,0.5095211934855959,0.0008016999149318506,13,6,0.20816659994661327,2500,OLS_oracle,iid,False,5
2,4,4001,19,190001,True,132,False,100,0.8476754650208856,4.897150921169668,0.5649555403526471,0.5519968114599509,0.9648335932909163,1.0381414867327496,0.5044725393067515,0.0008890916293051852,13,6,0.20816659994661327,2500,OLS_oracle,iid,False,5
2,5,5001,10,100001,True,133,False,100,0.9189981573007079,3.8682128530927002,0.5478190412290972,0.5354960722634161,1.1056196272807266,0.9878423179738296,0.5167855991591027,0.0012879868410796528,13,6,0.20816659994661327,2500,OLS_oracle,iid,False,5
2,5,5001,17,170001,True,115,False,100,0.7721309434333804,3.4989932430908084,0.4662710774705437,0.44157111515793296,0.8422923114433665,0.8660566324301352,0.6071292271340666,0.0009228913678532709,13,6,0.20816659994661327,2500,OLS_oracle,iid,False,5
1,7,7001,11,110001,True,217,False,100,0.9584297398558851,17.516884921118617,0.5338669559801956,0.5370790125891127,0.9313278410852209,0.9521718590012266,0.5300578551931687,0.001286450879882552,13,6,0.20816659994661327,2500,OLS_oracle,iid,False,5
2,6,6001,8,80001,True,92,False,100,0.7893747089092475,2.841643063351512,0.5752838296582224,0.5619235505860379,1.064026154707731,1.028970770314077,0.5376269575404441,0.0007849839901899067,13,6,0.20816659994661327,2500,OLS_oracle,iid,False,5
2,5,5001,7,70001,True,115,False,100,0.8658879630482433,4.28757422696799,0.5627144907276058,0.5536618679931046,0.9650750585204737,1.0281509781623877,0.5051864896775613,0.0009597375591198659,13,6,0.20816659994661327,2500,OLS_oracle,iid,False,5
2,4,4001,25,250001,True,159,False,100,0.9201883798541622,4.808820009697229,0.5542041084914008,0.5322687262150654,1.0231795970451316,1.02587880840904,0.48773716753824703,0.0013181237387591084,13,6,0.20816659994661327,2500,OLS_oracle,iid,False,5
2,3,3001,1,10001,True,266,False,100,0.8537373888613078,8.218158807139844,0.5072392643584457,0.4723176013379534,1.0431689543651217,1.0169927509478425,0.5069292689410034,0.0018679925511777247,13,6,0.20816659994661327,2500,OLS_oracle,iid,False,5
2,5,5001,8,80001,True,121,False,100,0.7893747089092475,4.346990190912038,0.6154934415464033,0.6151251062793075,0.9575254665211073,1.1489230512167368,0.45091900540048974,0.0007903066540657016,13,6,0.20816659994661327,2500,OLS_oracle,iid,False,5
2,4,4001,5,50001,True,173,False,100,0.9090716719005624,6.171192158944905,0.5644092950594186,0.5527519926892518,1.0138879641611904,0.9951992778526297,0.5399350731606087,0.0008857578244690406,13,6,0.20816659994661327,2500,OLS_oracle,iid,False,5
2,6,6001,7,70001,True,102,False,100,0.8658879630482433,3.0922728809528053,0.5348822690121793,0.5124496202113551,0.8624814233476199,0.9842316641621867,0.5298955413991627,0.000948317611037037,13,6,0.20816659994661327,2500,OLS_oracle,iid,False,5
2,3,3001,27,270001,True,199,False,100,0.7945350624642444,6.889198121614754,0.5174170072506679,0.4880826522226484,1.1250730382921954,0.9779290617932174,0.5548420253559174,0.0011206841788477038,13,6,0.20816659994661327,2500,OLS_oracle,iid,False,5
2,2,2001,16,160001,True,99,False,100,0.9064272971130153,8.818329150322825,0.587815702453683,0.5849496454112388,0.9305705781463512,1.0643623331510332,0.4535905031255076,0.0010216297571776559,13,6,0.20816659994661327,2500,OLS_oracle,iid,False,5
2,3,3001,22,220001,True,141,False,100,0.7671164578727816,7.152078242041171,0.5638300147691029,0.5439296052445018,0.9858012003225168,0.9623049768922587,0.526416610321088,0.0008297984254215126,13,6,0.20816659994661327,2500,OLS_oracle,iid,False,5
2,1,1001,3,30001,True,255,False,100,0.922673366122412,11.304978469852358,0.4211224913820419,0.38119861143662503,1.0731003348796029,1.0098556517579818,0.5264055782201673,0.0018860485325854488,13,6,0.20816659994661327,2500,OLS_oracle,iid,False,5
2,3,3001,3,30001,True,278,False,100,0.922673366122412,8.349634246900678,0.473241160025212,0.43612802466453515,0.8768867224161105,1.0609022345967178,0.44639289074828825,0.0018990075964703938,13,6,0.20816659994661327,2500,OLS_oracle,iid,False,5
2,4,4001,29,290001,True,130,False,100,0.804370103928677,4.968807619996369,0.5338524949949581,0.51718587196339,1.0698771147633317,0.9925514587402131,0.5167577026742958,0.0012826137416719855,13,6,0.20816659994661327,2500,OLS_oracle,iid,False,5
2,6,6001,2,20001,True,116,False,100,0.9245281397826336,3.4637050298042595,0.6139077729412876,0.6126583291279085,0.9683529199578367,1.0540092965672772,0.5309025781113029,0.0008245909231301103,13,6,0.20816659994661327,2500,OLS_oracle,iid,False,5
2,3,3001,0,1,True,272,False,100,0.7618382172975056,8.584863979835063,0.5041029747740952,0.48205396429281755,0.855160155452038,1.074617187165662,0.550973680935093,0.001333847941613996,13,6,0.20816659994661327,2500,OLS_oracle,iid,False,5
2,5,5001,25,250001,True,121,False,100,0.9201883798541622,3.706079855095595,0.5521604435222407,0.5291564858519086,1.278050810518712,1.0801942785222307,0.4718523694637964,0.0012809358771516974,13,6,0.20816659994661327,2500,OLS_oracle,iid,False,5
2,3,3001,29,290001,True,215,False,100,0.804370103928677,7.132668897043914,0.5695512108918594,0.5505661383545561,1.0842504355238751,1.0879179393937348,0.48893410072278615,0.0012616907864007332,13,6,0.20816659994661327,2500,OLS_oracle,iid,False,5
2,3,3001,19,190001,True,256,False,100,0.8476754650208856,7.753450154792517,0.46211571572593796,0.4249492463445322,1.0675922209747255,0.9153089219030462,0.6037907375229696,0.0009308326044283696,13,6,0.20816659994661327,2500,OLS_oracle,iid,False,5
2,2,2001,5,50001,True,292,False,100,0.9090716719005624,9.697428832296282,0.5422797906437682,0.5227339556472576,0.9872387286299331,1.0876137609823795,0.5387222239728003,0.0009387440656735829,13,6,0.20816659994661327,2500,OLS_oracle,iid,False,5
2,4,4001,11,110001,True,209,False,100,0.9584297398558851,6.311117787845433,0.44359148313566293,0.4116041763570887,0.815244953218473,0.9177580254050216,0.5221493233237842,0.0016497587105507715,13,6,0.20816659994661327,2500,OLS_oracle,iid,False,5
2,5,5001,14,140001,True,163,False,100,0.963199284990812,4.568919511977583,0.4800066372592085,0.44818641905170425,0.778728714195963,0.9233008647274019,0.5024624704741973,0.0020864583286335408,13,6,0.20816659994661327,2500,OLS_oracle,iid,False,5
2,3,3001,14,140001,True,215,False,100,0.963199284990812,8.16920396219939,0.4756455267784072,0.4159787504013216,0.9962823975463504,1.0359396565236219,0.5361711908328289,0.0021428810916722532,13,6,0.20816659994661327,2500,OLS_oracle,iid,False,5
1,5,5001,3,30001,True,278,False,100,0.922673366122412,21.995293283369392,0.4718235378604457,0.4639990110547145,0.8229869441439119,1.0474717843808,0.5037346599629249,0.0013458829039121355,13,6,0.20816659994661327,2500,OLS_oracle,iid,False,5
2,0,1,28,280001,True,181,False,100,0.9117481397231634,12.239079608116299,0.576941279154235,0.5617118256272327,0.9364854198394902,1.0792993408719944,0.4610021165108272,0.0011707401829193396,13,6,0.20816659994661327,2500,OLS_oracle,iid,False,5
2,5,5001,0,1,True,159,False,100,0.7618382172975056,5.313926997594535,0.5790362542234175,0.5728367944984049,1.0495645391511597,1.076460812858227,0.45624592611850007,0.0012494182687157614,13,6,0.20816659994661327,2500,OLS_oracle,iid,False,5
2,4,4001,24,240001,True,137,False,100,0.881706198732095,5.732430199161172,0.5602850309581444,0.5467133815693761,0.8878893184002721,1.0799060041255877,0.4895215482702449,0.0013408591812745642,13,6,0.20816659994661327,2500,OLS_oracle,iid,False,5
2,5,5001,20,200001,True,132,False,100,0.7769255038978906,4.491988402791321,0.5881619401927832,0.5851547354754925,0.8065379655828879,1.0788908996751494,0.4341465689717932,0.0010238074795939354,13,6,0.20816659994661327,2500,OLS_oracle,iid,False,5
2,4,4001,9,90001,True,220,False,100,0.8953736093115022,6.6981011889874935,0.5305670500607251,0.502239443813433,0.9650583539566111,1.1282933998745144,0.5057354848117115,0.0013594951973405552,13,6,0.20816659994661327,2500,OLS_oracle,iid,False,5
2,6,6001,9,90001,True,126,False,100,0.8953736093115022,3.8373893056996167,0.5351517790185044,0.5164345699172311,1.0492893628071494,0.9680744079799268,0.5406678907239713,0.0013199475606445106,13,6,0.20816659994661327,2500,OLS_oracle,iid,False,5
2,4,4001,16,160001,True,119,False,100,0.9064272971130153,6.33645361661911,0.5380539700619235,0.5360800966247717,0.9420622218021381,0.9953718148880213,0.5607935754135748,0.0010374003302437295,13,6,0.20816659994661327,2500,OLS_oracle,iid,False,5
2,4,4001,10,100001,True,196,False,100,0.9189981573007079,6.711013616062701,0.5172237714354281,0.4785769099562772,0.9902127012965554,0.9839861014497292,0.567623328208206,0.0012897837087147478,13,6,0.20816659994661327,2500,OLS_oracle,iid,False,5
2,4,4001,12,120001,True,214,False,100,0.9602988976342225,6.653897149022669,0.5239978175405877,0.4983070747553752,0.9214763456650488,1.0087878347921455,0.5523693391768358,0.001069445066744603,13,6,0.20816659994661327,2500,OLS_oracle,iid,False,5
2,4,4001,4,40001,True,240,False,100,0.7846581871320228,7.327202127315104,0.5349010047209551,0.5192168306819739,0.933548063267033,1.0160982793991837,0.5456351051881154,0.0010958453348973085,13,6,0.20816659994661327,2500,OLS_oracle,iid,False,5
2,6,6001,29,290001,True,101,False,100,0.804370103928677,2.8985423617996275,0.5370658282849496,0.5176913153185203,0.9211593538278827,1.0339696695710545,0.5616489146741867,0.001226953537400621,13,6,0.20816659994661327,2500,OLS_oracle,iid,False,5
2,5,5001,29,290001,True,143,False,100,0.804370103928677,4.6889896099455655,0.5703137561753621,0.5584452939300252,1.031371140331254,1.0676494213688785,0.4700275320288519,0.0012626250918536565,13,6,0.20816659994661327,2500,OLS_oracle,iid,False,5
2,0,1,27,270001,True,155,False,100,0.7945350624642444,12.953665694221854,0.4841198686055755,0.4454345052441969,0.8765904113838456,0.9002172722239474,0.5331381912908849,0.0011283067549457742,13,6,0.20816659994661327,2500,OLS_oracle,iid,False,5
2,5,5001,23,230001,True,168,False,100,0.8588706917275976,4.860178912058473,0.549232022213634,0.5400530932859109,0.8495694247181461,1.004178539786575,0.48186373170198676,0.0014516258977306938,13,6,0.20816659994661327,2500,OLS_oracle,iid,False,5
2,5,5001,11,110001,True,166,False,100,0.9584297398558851,5.68998607294634,0.49418944770781764,0.4598071016932952,0.9482600025855026,1.0156791007662809,0.5182404670429339,0.0016363183008185744,13,6,0.20816659994661327,2500,OLS_oracle,iid,False,5
1,9,9001,4,40001,True,161,False,100,0.7846581871320228,15.591456056106836,0.5829010759146152,0.5913561409869336,0.9387550002227285,1.3178048604958532,0.5141002347036306,0.000895987368904012,13,6,0.20816659994661327,2500,OLS_oracle,iid,False,5
1,9,9001,25,250001,True,240,False,100,0.9201883798541622,14.693022337276489,0.5705290901533923,0.5638769176474981,0.8874464695437794,1.2006541286525516,0.49884598465261365,0.0011853869180058272,13,6,0.20816659994661327,2500,OLS_oracle,iid,False,5
2,5,5001,18,180001,True,115,False,100,0.8337458072174108,5.422689374070615,0.5398323660130324,0.518946577061183,1.093431706587879,1.0135160625012973,0.49420955608803363,0.0009901460766266075,13,6,0.20816659994661327,2500,OLS_oracle,iid,False,5
2,3,3001,26,260001,True,129,False,100,0.8786732207452969,8.44322815677151,0.5999354628208607,0.594169027455611,1.0053751143123075,1.0790529060768224,0.47788898473893976,0.001070521511754928,13,6,0.20816659994661327,2500,OLS_oracle,iid,False,5
2,6,6001,12,120001,True,146,False,100,0.9602988976342225,4.469395488034934,0.5141646489034353,0.49286509681919,0.8171555403275504,0.9484669126677626,0.5436706557389287,0.0010078645978281707,13,6,0.20816659994661327,2500,OLS_oracle,iid,False,5
2,6,6001,22,220001,True,110,False,100,0.7671164578727816,3.4377017258666456,0.5584015317531626,0.5761880120216951,0.8523338282772208,1.0777618271382805,0.5549325483823153,0.0008224019537703172,13,6,0.20816659994661327,2500,OLS_oracle,iid,False,5
2,5,5001,2,20001,True,159,False,100,0.9245281397826336,6.2735302951186895,0.5612635447811193,0.5494321680293701,1.0013201077974125,1.0800458052088429,0.5010906716315179,0.0008306880239986059,13,6,0.20816659994661327,2500,OLS_oracle,iid,False,5
2,6,6001,19,190001,True,120,False,100,0.8476754650208856,3.6767136342823505,0.5142934074109573,0.48999909353451965,0.9666856513182736,0.950151530443724,0.5768655431289041,0.0008767522348015653,13,6,0.20816659994661327,2500,OLS_oracle,iid,False,5
2,4,4001,22,220001,True,111,False,100,0.7671164578727816,6.892731588333845,0.5531109502247202,0.5416161690694965,0.7922647247639504,0.9825141432524641,0.5198675445708788,0.000830698912329336,13,6,0.20816659994661327,2500,OLS_oracle,iid,False,5
2,1,1001,5,50001,True,149,False,100,0.9090716719005624,12.65109461080283,0.576875168626557,0.5658325611964097,0.9579818537802972,0.9835153832065898,0.5458845072571191,0.0008815423667374005,13,6,0.20816659994661327,2500,OLS_oracle,iid,False,5
1,9,9001,9,90001,True,218,False,100,0.8953736093115023,15.743789416737854,0.5518573948262862,0.5563348707704564,0.855503461620411,1.0340230157330599,0.4963790502259127,0.0008717571038173154,13,6,0.20816659994661327,2500,OLS_oracle,iid,False,5
2,6,6001,13,130001,True,144,False,100,0.70273688421089,4.424727831967175,0.5320877511371712,0.5138367325905979,0.8789769769206996,0.97580373635727,0.5404586441814627,0.0009549496769004778,13,6,0.20816659994661327,2500,OLS_oracle,iid,False,5
2,6,6001,26,260001,True,103,False,100,0.8786732207452969,3.6650943038985133,0.548104916317366,0.52393877193074,0.950953255272508,0.9201217223971099,0.5657136978948717,0.0010666071570161865,13,6,0.20816659994661327,2500,OLS_oracle,iid,False,5
2,4,4001,14,140001,True,245,False,100,0.963199284990812,7.5454014227725565,0.5260665016034185,0.5212122535405153,0.8668737275608511,1.1151633174554683,0.5413829295931994,0.0020436008207915394,13,6,0.20816659994661327,2500,OLS_oracle,iid,False,5
2,7,7001,6,60001,True,94,False,100,0.7309951493229003,2.9500548020005226,0.5757739523014641,0.5672288886935438,0.985432636340532,1.021288409660779,0.48688349950247445,0.000851248656946869,13,6,0.20816659994661327,2500,OLS_oracle,iid,False,5
2,7,7001,4,40001,True,102,False,100,0.7846581871320228,3.1736492072232068,0.5903927456598664,0.5851120112007069,0.971950037375655,1.0603122106667227,0.4523116834829277,0.0010235670530505656,13,6,0.20816659994661327,2500,OLS_oracle,iid,False,5
2,5,5001,15,150001,True,161,False,100,0.9265435239350953,5.959422640968114,0.5456912526468114,0.519712450460563,0.9251601600421141,1.0120255810436156,0.49954995854514,0.0013219976422787626,13,6,0.20816659994661327,2500,OLS_oracle,iid,False,5
2,4,4001,23,230001,True,179,False,100,0.8588706917275976,7.084623823873699,0.5432849307973071,0.5291281277053476,1.0785177994202833,1.089248912417714,0.4802879487709269,0.001421607500624702,13,6,0.20816659994661327,2500,OLS_oracle,iid,False,5
2,5,5001,21,210001,True,190,False,100,0.8084603117799328,5.832052921876311,0.5734617297371869,0.5927350735522421,0.980173690457269,1.0010536971633182,0.5403324435687332,0.0008683050282983139,13,6,0.20816659994661327,2500,OLS_oracle,iid,False,5
2,7,7001,8,80001,True,97,False,100,0.7893747089092475,2.9264029171317816,0.6314056823772949,0.6367657390565458,1.0156703258722612,1.062981336208293,0.5015509120056391,0.0007760183974975741,13,6,0.20816659994661327,2500,OLS_oracle,iid,False,5
2,7,7001,2,20001,True,80,False,100,0.9245281397826336,3.475342188961804,0.4852527610219554,0.45748075554124235,0.9188021800387856,0.9004803788858863,0.5765224669689417,0.000821170581548787,13,6,0.20816659994661327,2500,OLS_oracle,iid,False,5
2,5,5001,22,220001,True,164,False,100,0.7671164578727816,5.729835314210504,0.5363512028562687,0.5263549932025613,1.013188059056539,0.9902873268951752,0.5352916480525971,0.0008396997519112481,13,6,0.20816659994661327,2500,OLS_oracle,iid,False,5
2,6,6001,17,170001,True,140,False,100,0.7721309434333804,4.35308062331751,0.5148025631145081,0.4961636849635414,0.8709013321504485,0.8929352951038275,0.5653338922133894,0.000922019550798836,13,6,0.20816659994661327,2500,OLS_oracle,iid,False,5
2,5,5001,16,160001,True,114,False,100,0.9064272971130153,6.186313123907894,0.5122033412120218,0.49168062187463957,0.8643194229188979,0.9492142615172952,0.5353439925474839,0.0010311883694347874,13,6,0.20816659994661327,2500,OLS_oracle,iid,False,5
2,4,4001,13,130001,True,133,False,100,0.70273688421089,8.054227394983172,0.5351177818941666,0.5154680819953793,0.8590144663191019,1.0207184607516904,0.5307321702369058,0.0009657734295887243,13,6,0.20816659994661327,2500,OLS_oracle,iid,False,5
2,6,6001,3,30001,True,152,False,100,0.922673366122412,5.544732404407114,0.5128483513381303,0.4890671747880165,1.0059676537718016,1.0224109129088117,0.5696224196488157,0.0018409922425503007,13,6,0.20816659994661327,2500,OLS_oracle,iid,False,5
2,6,6001,16,160001,True,139,False,100,0.9064272971130153,4.517730807885528,0.5471488703968536,0.5435129516132073,0.9566773434238949,1.0027169608395772,0.5104947634766753,0.0010330840993104957,13,6,0.20816659994661327,2500,OLS_oracle,iid,False,5
2,6,6001,1,10001,True,151,False,100,0.8537373888613078,5.6830845680087805,0.4464298457328491,0.3900454269433143,1.0076473550544556,0.8515781643375753,0.5784390052124793,0.0018870722616343679,13,6,0.20816659994661327,2500,OLS_oracle,iid,False,5
2,2,2001,15,150001,True,154,False,100,0.9265435239350953,11.203554632607847,0.47069197064238427,0.43655752870211956,0.7762513678956164,0.8493250387924778,0.5739287437419407,0.0013560549821651582,13,6,0.20816659994661327,2500,OLS_oracle,iid,False,5
2,7,7001,18,180001,True,95,False,100,0.8337458072174108,2.9163649324327707,0.5321905487942847,0.5120691781322635,0.9358799932687037,0.9791432881246694,0.5043842927118019,0.0009855507299115882,13,6,0.20816659994661327,2500,OLS_oracle,iid,False,5
2,7,7001,21,210001,True,99,False,100,0.8084603117799328,2.803849991876632,0.5138049646843249,0.506663389350295,0.901096178282168,1.0394349622637025,0.4977577323090124,0.0008715601596672668,13,6,0.20816659994661327,2500,OLS_oracle,iid,False,5
2,0,1,0,1,True,238,False,100,0.7618382172975056,15.644665389787406,0.5622868538870109,0.5482858565956134,0.9869537047630375,1.070210749189237,0.5437966875858876,0.0012713162250869968,13,6,0.20816659994661327,2500,OLS_oracle,iid,False,5
2,6,6001,24,240001,True,162,False,100,0.881706198732095,4.593366239219904,0.4763112624037228,0.434628793426833,0.8037106320804811,1.282845879229281,0.4901625863477688,0.0013487493132723245,13,6,0.20816659994661327,2500,OLS_oracle,iid,False,5
2,4,4001,3,30001,True,300,False,100,0.922673366122412,9.079394078347832,0.45438548441142546,0.41907691487685944,0.7593960581846467,0.9668948783193076,0.5673531181197903,0.0019359743821810932,13,6,0.20816659994661327,2500,OLS_oracle,iid,False,5
2,7,7001,13,130001,True,85,False,100,0.70273688421089,3.414382006973028,0.5363741419563816,0.5148998663537507,1.0537513599077653,1.0028992844950628,0.5136609451256929,0.0009363753443784222,13,6,0.20816659994661327,2500,OLS_oracle,iid,False,5
2,0,1,12,120001,True,244,False,100,0.9602988976342225,15.201125716790557,0.4062819840834584,0.37269538251022244,0.6704739218933761,0.9060786345920981,0.6198710890530968,0.0010809191495722472,13,6,0.20816659994661327,2500,OLS_oracle,iid,False,5
2,7,7001,16,160001,True,107,False,100,0.9064272971130153,3.3192054429091513,0.6003737252209767,0.6409741837639764,0.9806460991826336,1.0453448426704062,0.46029417019963276,0.0010320929841632718,13,6,0.20816659994661327,2500,OLS_oracle,iid,False,5
2,7,7001,5,50001,True,131,False,100,0.9090716719005624,4.1627284730784595,0.6017298983459118,0.608564633366753,1.0299743290119048,1.1168545816382673,0.4685078545655914,0.0008582191535064463,13,6,0.20816659994661327,2500,OLS_oracle,iid,False,5
2,7,7001,26,260001,True,107,False,100,0.8786732207452969,3.0718289837241173,0.5516392464095132,0.5326768267897181,0.9325750875098504,1.0087455370590597,0.5179018000469081,0.0010709113702938697,13,6,0.20816659994661327,2500,OLS_oracle,iid,False,5
2,6,6001,5,50001,True,157,False,100,0.9090716719005624,6.389950868207961,0.5855647540051628,0.5773246351816689,1.0730551267517163,1.0333118336494145,0.5176246913902584,0.0008839257425687231,13,6,0.20816659994661327,2500,OLS_oracle,iid,False,5
2,8,8001,2,20001,True,101,False,100,0.9245281397826336,3.064783751964569,0.5466550450000581,0.5324243480370536,0.8797831917583893,0.9759627517118891,0.5389699921983827,0.0008306840920217972,13,6,0.20816659994661327,2500,OLS_oracle,iid,False,5
2,7,7001,11,110001,True,127,False,100,0.9584297398558851,3.9528127294033766,0.47467486265328757,0.4476134490652093,0.9255504037360264,0.9784338894793604,0.47636825794912935,0.0015854648384448183,13,6,0.20816659994661327,2500,OLS_oracle,iid,False,5
2,4,4001,1,10001,True,161,False,100,0.8537373888613078,9.771031103096902,0.495701349327502,0.47372305324656183,0.9629809383155105,1.0226380955629208,0.5580751778370273,0.0018610763539492765,13,6,0.20816659994661327,2500,OLS_oracle,iid,False,5
2,5,5001,3,30001,True,246,False,100,0.922673366122412,7.967407641001046,0.4470216947467462,0.4091425593815285,0.719628297281304,0.889544644300072,0.5622984274294561,0.0018702950754889336,13,6,0.20816659994661327,2500,OLS_oracle,iid,False,5
2,6,6001,23,230001,True,170,False,100,0.8588706917275976,5.162439867854118,0.5735493972737573,0.5602701363329275,1.0053552720082446,1.0905286962409688,0.4474447198867894,0.001405349164956886,13,6,0.20816659994661327,2500,OLS_oracle,iid,False,5
2,6,6001,0,1,True,122,False,100,0.7618382172975056,6.677250635810196,0.6016376908879536,0.6016564570860026,0.9475819309136224,1.0681037372929554,0.45391549979390605,0.001198244776041716,13,6,0.20816659994661327,2500,OLS_oracle,iid,False,5
1,9,9001,29,290001,True,251,False,100,0.8043701039286769,16.3915424188599,0.5954829730445069,0.6159032675656472,0.8987884623790506,1.0153722600790875,0.4979476046785755,0.0012492627000912783,13,6,0.20816659994661327,2500,OLS_oracle,iid,False,5
2,5,5001,28,280001,True,219,False,100,0.9117481397231634,6.756234505679458,0.5357692051401877,0.5149553608515947,1.0118036859330926,1.054282535897877,0.48781722570646335,0.001216846708572877,13,6,0.20816659994661327,2500,OLS_oracle,iid,False,5
2,6,6001,4,40001,True,181,False,100,0.7846581871320228,6.562644176185131,0.5388724139593809,0.5139604971772522,0.8176534283255188,0.9928532466943242,0.5437437861963534,0.0010486499197809654,13,6,0.20816659994661327,2500,OLS_oracle,iid,False,5
2,5,5001,1,10001,True,261,False,100,0.8537373888613078,8.06845790008083,0.47201822956436884,0.4248070169059522,0.9419732319119766,1.0188604931224499,0.5442870014527569,0.001882412453216938,13,6,0.20816659994661327,2500,OLS_oracle,iid,False,5
2,6,6001,6,60001,True,111,False,100,0.7309951493229003,6.562214430887252,0.6204387538725606,0.6178109665313252,0.936131788670559,1.8114512200791517,0.43481374712044896,0.0008502785598679255,13,6,0.20816659994661327,2500,OLS_oracle,iid,False,5
2,5,5001,5,50001,True,177,False,100,0.9090716719005624,7.983207150362432,0.5152466317208615,0.48845283780230037,0.871527301346082,0.9783417001889024,0.5320818702351798,0.0008699845280288529,13,6,0.20816659994661327,2500,OLS_oracle,iid,False,5
2,7,7001,22,220001,True,117,False,100,0.7671164578727816,3.6491709649562836,0.5521251153157837,0.5340353767225939,0.9130092666804211,0.9493401257266303,0.5505626464381246,0.0008206955616246037,13,6,0.20816659994661327,2500,OLS_oracle,iid,False,5
2,7,7001,20,200001,True,121,False,100,0.7769255038978906,3.7674180418252945,0.6041616741869162,0.6018850225409855,0.9718825685177673,1.126785266221136,0.49058056286715873,0.0010462626494765759,13,6,0.20816659994661327,2500,OLS_oracle,iid,False,5
2,6,6001,25,250001,True,177,False,100,0.9201883798541622,5.425387627910823,0.44112356916610757,0.4011860449975033,0.7013075175326221,0.8667381117560556,0.5960725146655157,0.001360488303739262,13,6,0.20816659994661327,2500,OLS_oracle,iid,False,5
2,7,7001,0,1,True,128,False,100,0.7618382172975056,5.131607342045754,0.5637204437328048,0.5519396205469964,0.9566057404521082,1.114707447258526,0.48958650467959886,0.0012342507439337966,13,6,0.20816659994661327,2500,OLS_oracle,iid,False,5
2,6,6001,18,180001,True,173,False,100,0.8337458072174108,5.832284359727055,0.5269584345750171,0.5021102010660292,1.1767892625325822,0.9527197497714817,0.5686324283434,0.0010093034531351824,13,6,0.20816659994661327,2500,OLS_oracle,iid,False,5
2,7,7001,9,90001,True,162,False,100,0.8953736093115022,4.56644639512524,0.5875511933123606,0.5843962672203034,1.1390369094200288,1.0197947461860364,0.5044627878628067,0.0013185169380094048,13,6,0.20816659994661327,2500,OLS_oracle,iid,False,5
2,5,5001,27,270001,True,246,False,100,0.7945350624642444,7.394047562032938,0.538733437455772,0.5105141384712172,0.863835332650102,1.1402164490758269,0.5043367864971893,0.0011325660286149633,13,6,0.20816659994661327,2500,OLS_oracle,iid,False,5
2,6,6001,21,210001,True,140,False,100,0.8084603117799328,5.9901971579529345,0.5335840861976304,0.5154097487358917,1.0698010302121497,0.925981203150486,0.5454542751627126,0.0008697744491548692,13,6,0.20816659994661327,2500,OLS_oracle,iid,False,5
2,5,5001,24,240001,True,243,False,100,0.881706198732095,7.495505146682262,0.520923056776722,0.4984494051405783,1.0124375785922455,1.0656563287594008,0.5037753338580836,0.0013857493992699744,13,6,0.20816659994661327,2500,OLS_oracle,iid,False,5
2,5,5001,13,130001,True,102,False,100,0.70273688421089,8.205391258001328,0.5631265459518752,0.5434690682327543,0.9310784783896466,1.0123444647403304,0.5332720314689045,0.0009410299435016749,13,6,0.20816659994661327,2500,OLS_oracle,iid,False,5
2,7,7001,29,290001,True,98,False,100,0.804370103928677,4.293466799892485,0.5470529802598855,0.5425556050139211,0.8911685573299128,1.9866059244263767,0.5445508748076773,0.0012359759045574433,13,6,0.20816659994661327,2500,OLS_oracle,iid,False,5
2,7,7001,27,270001,True,150,False,100,0.7945350624642444,4.489031780976802,0.6404234885823342,0.6491203928418295,1.0189225817515335,1.269102618433952,0.4648763052034053,0.0010876997092539227,13,6,0.20816659994661327,2500,OLS_oracle,iid,False,5
2,7,7001,17,170001,True,165,False,100,0.7721309434333804,4.920262470841408,0.5433635454491327,0.5195045425330731,0.9648871658187279,0.961920996140514,0.5412529619588978,0.0009449375146110944,13,6,0.20816659994661327,2500,OLS_oracle,iid,False,5
2,8,8001,10,100001,True,143,False,100,0.9189981573007079,4.0120053961873055,0.5468745719667282,0.5294888408700016,1.0610710269656751,1.0246974982317865,0.49660514337137135,0.0012722324833409004,13,6,0.20816659994661327,2500,OLS_oracle,iid,False,5
2,7,7001,14,140001,True,184,False,100,0.963199284990812,5.155344945844263,0.5086663980888081,0.4806585804170492,0.8482262201083296,0.9730615828211849,0.5522262469322065,0.0020180380931841616,13,6,0.20816659994661327,2500,OLS_oracle,iid,False,5
2,7,7001,25,250001,True,169,False,100,0.9201883798541622,4.797627576161176,0.5040636991412785,0.4755952556490391,0.822337826232553,1.0060148664684363,0.47082619612053345,0.0013165925829566115,13,6,0.20816659994661327,2500,OLS_oracle,iid,False,5
2,7,7001,24,240001,True,164,False,100,0.881706198732095,4.890865101013333,0.49616865755579254,0.4669317099289858,0.9560291354061407,1.0335294956808463,0.5480145224184059,0.0013288733800489007,13,6,0.20816659994661327,2500,OLS_oracle,iid,False,5
2,8,8001,5,50001,True,149,False,100,0.9090716719005624,4.586008478421718,0.5879591896173252,0.5839731185718658,1.020881984155302,1.0587430404549096,0.49966465828973516,0.0008742836214890562,13,6,0.20816659994661327,2500,OLS_oracle,iid,False,5
2,8,8001,18,180001,True,133,False,100,0.8337458072174108,4.124788944143802,0.48201504836994824,0.45399463141729357,0.9772991079144919,0.9132595339980827,0.5392863775247427,0.0010182159886432804,13,6,0.20816659994661327,2500,OLS_oracle,iid,False,5
2,9,9001,0,1,True,98,False,100,0.7618382172975056,3.3845459218136966,0.5131881509593686,0.48313207409054215,1.0103233915284584,0.9994494590133086,0.4720363033752319,0.0012172408451159393,13,6,0.20816659994661327,2500,OLS_oracle,iid,False,5
2,6,6001,28,280001,True,144,False,100,0.9117481397231634,6.55805703997612,0.5256341305564755,0.5094245895922486,1.2848466650737418,1.168520735830126,0.5538236377213862,0.0011671891147644522,13,6,0.20816659994661327,2500,OLS_oracle,iid,False,5
2,8,8001,11,110001,True,158,False,100,0.9584297398558851,4.455923776142299,0.47116163340570705,0.44477226709092754,0.8176438557129901,0.9569108743172602,0.5567621937312998,0.0016530592824105215,13,6,0.20816659994661327,2500,OLS_oracle,iid,False,5
2,4,4001,18,180001,True,132,False,100,0.8337458072174108,10.540288780350238,0.611435428330871,0.6084857748094924,1.0881006409198215,4.4438814388030154,0.46974822735577315,0.0010006466795981837,13,6,0.20816659994661327,2500,OLS_oracle,iid,False,5
2,8,8001,24,240001,True,136,False,100,0.881706198732095,3.8223683489486575,0.5364447684772381,0.5241497314168683,0.7752298579331907,0.9880401325277219,0.49594395884011894,0.001331855169163769,13,6,0.20816659994661327,2500,OLS_oracle,iid,False,5
2,8,8001,9,90001,True,156,False,100,0.8953736093115022,4.756878563668579,0.5592917946106823,0.5485792010656119,0.932454841186394,1.0177686897679097,0.526044079765616,0.0013373027498110865,13,6,0.20816659994661327,2500,OLS_oracle,iid,False,5
2,4,4001,27,270001,True,169,False,100,0.7945350624642444,10.111005870625377,0.5595743346725602,0.5470490415596013,0.9258781580953673,1.0384613935672333,0.4962256678761815,0.0011256289221510008,13,6,0.20816659994661327,2500,OLS_oracle,iid,False,5
2,9,9001,13,130001,True,102,False,100,0.70273688421089,3.3522202791646123,0.5658937462791384,0.5543496799627599,1.0180646644100078,0.9492284458366371,0.5643284068148843,0.0009306570211000204,13,6,0.20816659994661327,2500,OLS_oracle,iid,False,5
2,9,9001,9,90001,True,109,False,100,0.8953736093115022,3.50168448779732,0.4985433554952142,0.4786569449066706,0.7427715128250462,0.8623242405267407,0.6007318945573036,0.0012988435468210514,13,6,0.20816659994661327,2500,OLS_oracle,iid,False,5
2,8,8001,8,80001,True,148,False,100,0.7893747089092475,4.977307138964534,0.6011146534113128,0.6006276074412614,1.1025660038389415,1.0796116829767917,0.5154286093384981,0.0008073660530383194,13,6,0.20816659994661327,2500,OLS_oracle,iid,False,5
2,4,4001,15,150001,True,258,False,100,0.9265435239350953,11.058317004702985,0.5018843626653253,0.47410946094415174,0.9710514197326453,1.0132108487914662,0.528756383154302,0.0014119523524372313,13,6,0.20816659994661327,2500,OLS_oracle,iid,False,5
2,8,8001,1,10001,True,170,False,100,0.8537373888613078,5.346880804747343,0.5906885340703152,0.5840629429787387,0.9704792389087459,1.1583183406591622,0.3940738380212529,0.0018450191486914893,13,6,0.20816659994661327,2500,OLS_oracle,iid,False,5
2,8,8001,20,200001,True,145,False,100,0.7769255038978906,4.649262787774205,0.4369869722051883,0.41237360733768386,0.6427996542839376,0.848527153580858,0.6086132007588168,0.0010570658010308352,13,6,0.20816659994661327,2500,OLS_oracle,iid,False,5
2,8,8001,17,170001,True,154,False,100,0.7721309434333804,4.695416858885437,0.591963949737168,0.5796467682320846,0.8900091551925566,1.0746024221072763,0.5138973946976306,0.0009286933127449204,13,6,0.20816659994661327,2500,OLS_oracle,iid,False,5
2,8,8001,22,220001,True,145,False,100,0.7671164578727816,4.440627101343125,0.5781577149832502,0.5777532513639974,0.94887544522929,1.0039408074726857,0.5340294082685524,0.000845764068059201,13,6,0.20816659994661327,2500,OLS_oracle,iid,False,5
2,9,9001,17,170001,True,117,False,100,0.7721309434333804,3.475749555043876,0.6040314281310615,0.5976928390798568,1.011479680705328,1.036583334879465,0.4850424517831707,0.0009108582071660901,13,6,0.20816659994661327,2500,OLS_oracle,iid,False,5
2,9,9001,19,190001,True,108,False,100,0.8476754650208856,3.49649367807433,0.5351136751475029,0.5158089006908401,1.0647438699467715,0.9439667850909135,0.5564927255457127,0.0008679798149112797,13,6,0.20816659994661327,2500,OLS_oracle,iid,False,5
2,6,6001,15,150001,True,268,False,100,0.9265435239350953,7.911096296273172,0.4868796343183718,0.46186860927065587,0.8807589492184745,0.9599697576065984,0.5392292466757002,0.0014084820381028238,13,6,0.20816659994661327,2500,OLS_oracle,iid,False,5
2,9,9001,5,50001,True,123,False,100,0.9090716719005624,4.0071529829874635,0.609180656411875,0.6107070659844679,1.0853012686479653,1.048216320112344,0.4922879831622584,0.0008552085099978524,13,6,0.20816659994661327,2500,OLS_oracle,iid,False,5
2,6,6001,11,110001,True,183,False,100,0.9584297398558851,8.709382075816393,0.6030418978757563,0.6011341365883247,0.9863611906849846,1.082448125641575,0.48486320996175536,0.00162795443495632,13,6,0.20816659994661327,2500,OLS_oracle,iid,False,5
2,8,8001,23,230001,True,160,False,100,0.8588706917275976,4.481477873399854,0.5622818832380432,0.5638014378336538,1.0913386236943223,1.095135270998418,0.5026619089351988,0.00140119683796767,13,6,0.20816659994661327,2500,OLS_oracle,iid,False,5
2,4,4001,20,200001,True,190,False,100,0.7769255038978906,11.198305292986333,0.551051788181366,0.5276839670811706,1.0794936745311494,1.1085896913893918,0.5142347689366248,0.0010720657223719271,13,6,0.20816659994661327,2500,OLS_oracle,iid,False,5
2,9,9001,24,240001,True,121,False,100,0.881706198732095,3.6524430247955024,0.5109675207710863,0.4823250386739347,1.044870649914126,0.9544954963787015,0.5085353987982401,0.0013483124053644152,13,6,0.20816659994661327,2500,OLS_oracle,iid,False,5
3,0,1,21,210001,True,96,False,100,0.8084603117799328,2.503428218886256,0.5571009367452932,0.5285699216743335,1.2132868918193236,0.9997673840807678,0.5687163502139628,0.001031742957073091,13,6,0.20816659994661327,2500,OLS_oracle,iid,False,5
2,4,4001,17,170001,True,287,False,100,0.7721309434333804,11.553720924071968,0.5623250779157842,0.5515083581163174,1.2193642368539073,1.17146236194453,0.4847221966033626,0.0009713670978411308,13,6,0.20816659994661327,2500,OLS_oracle,iid,False,5
2,9,9001,8,80001,True,91,False,100,0.7893747089092475,4.248489107936621,0.6090596819438088,0.6105875654616766,1.1419190941502975,1.1085848602933905,0.49517427179742785,0.0007860032216248295,13,6,0.20816659994661327,2500,OLS_oracle,iid,False,5
2,8,8001,27,270001,True,139,False,100,0.7945350624642444,4.608321506995708,0.5269948946032084,0.5118143451426918,0.8448019637477864,1.0101825205162802,0.5134454640051588,0.0011029580376273832,13,6,0.20816659994661327,2500,OLS_oracle,iid,False,5
3,0,1,6,60001,True,109,False,100,0.7309951493229003,3.1238860399462283,0.5630263865092456,0.5333387920408528,1.1904442457356552,1.0373752409780974,0.5603216357547176,0.0009300308486734956,13,6,0.20816659994661327,2500,OLS_oracle,iid,False,5
2,9,9001,16,160001,True,109,False,100,0.9064272971130153,4.141228578053415,0.5140263124626918,0.49274856544018947,1.0654684535059415,1.1346193177664494,0.5035954638372947,0.0010249481475690563,13,6,0.20816659994661327,2500,OLS_oracle,iid,False,5
2,9,9001,23,230001,True,118,False,100,0.8588706917275976,3.9003714877180755,0.5516374627338061,0.5396122671762755,1.0822950515062952,1.0453723278855587,0.47739013216369924,0.0014214437151635502,13,6,0.20816659994661327,2500,OLS_oracle,iid,False,5
2,8,8001,21,210001,True,173,False,100,0.8084603117799328,5.320491985883564,0.5770955798383017,0.5678249505448651,1.0922258853497953,1.1040889438934325,0.4809456417686327,0.0008808776624468884,13,6,0.20816659994661327,2500,OLS_oracle,iid,False,5
2,7,7001,19,190001,True,144,False,100,0.8476754650208856,6.593797619920224,0.630648849618694,0.6381327339880705,1.0218412394953773,1.109241981728963,0.44621356038994264,0.0008717828908755598,13,6,0.20816659994661327,2500,OLS_oracle,iid,False,5
2,9,9001,20,200001,True,140,False,100,0.7769255038978906,4.240194697398692,0.5885130462697545,0.585178918449693,0.9026676223021319,0.9856820114267627,0.5244617953582899,0.0010265107889300075,13,6,0.20816659994661327,2500,OLS_oracle,iid,False,5
2,8,8001,3,30001,True,221,False,100,0.922673366122412,6.259566457942128,0.4545133440623737,0.41973860208730956,0.8342513442305408,1.0020959418482969,0.5300542148268216,0.0019043803889969531,13,6,0.20816659994661327,2500,OLS_oracle,iid,False,5
2,8,8001,7,70001,True,191,False,100,0.8658879630482433,6.059270482044667,0.5483865163001027,0.5291193734566119,0.8609965841325032,1.0909832365076797,0.5087816049065049,0.0009798837962170781,13,6,0.20816659994661327,2500,OLS_oracle,iid,False,5
3,0,1,26,260001,True,100,False,100,0.792281736594413,2.615983677562326,0.554285910990672,0.5228642450877083,0.8671636710340296,1.0085955366909238,0.5383482705718243,0.001129397953305995,13,6,0.20816659994661327,2500,OLS_oracle,iid,False,5
3,0,1,16,160001,True,130,False,100,0.9064272971130153,3.2393711316399276,0.5635666630749212,0.5229882376270832,0.9410382286121175,1.0985645358818785,0.4361454407421811,0.0015066822683080271,13,6,0.20816659994661327,2500,OLS_oracle,iid,False,5
2,7,7001,15,150001,True,177,False,100,0.9265435239350953,7.182981708087027,0.5063357745333339,0.4878228932957127,1.035051722161762,0.9674386907402389,0.5198432960157927,0.0013395648111977103,13,6,0.20816659994661327,2500,OLS_oracle,iid,False,5
2,8,8001,26,260001,True,174,False,100,0.8786732207452969,5.357207717373967,0.5538809430040019,0.5483486607996451,0.9371759196138653,1.0423116502615668,0.5315307357865524,0.001094971754871088,13,6,0.20816659994661327,2500,OLS_oracle,iid,False,5
2,8,8001,4,40001,True,237,False,100,0.7846581871320228,6.571799329016358,0.5268397286359531,0.5073049929915022,0.88433425884192,1.050261642180827,0.49441220294182425,0.0010843055029561475,13,6,0.20816659994661327,2500,OLS_oracle,iid,False,5
2,6,6001,10,100001,True,267,False,100,0.9189981573007079,9.744931400753558,0.453898481853549,0.4140634255073303,0.8844152787969262,0.9368567750856659,0.5654616046695194,0.0013280765910861356,13,6,0.20816659994661327,2500,OLS_oracle,iid,False,5
2,9,9001,28,280001,True,142,False,100,0.9117481397231634,4.219406564719975,0.5757632290729191,0.5636627982161302,0.9764528072173997,1.0117463317135393,0.5120044427352979,0.0011379245067676634,13,6,0.20816659994661327,2500,OLS_oracle,iid,False,5
2,6,6001,20,200001,True,163,False,100,0.7769255038978906,8.88392748683691,0.5432981352321617,0.5401892116013362,0.8306726441565311,0.988559471233787,0.5925419770936217,0.0010381465337584782,13,6,0.20816659994661327,2500,OLS_oracle,iid,False,5
2,9,9001,2,20001,True,175,False,100,0.9245281397826336,5.411631309892982,0.5822909163881757,0.5996611644611038,1.048518116068546,1.025571551373871,0.48867157991390986,0.0008388235378501001,13,6,0.20816659994661327,2500,OLS_oracle,iid,False,5
2,7,7001,10,100001,True,248,False,100,0.9189981573007079,7.7526717516593635,0.4565888299407236,0.42988041430450596,0.6993220028939748,0.9613985503127381,0.554140925887723,0.0013014920076773906,13,6,0.20816659994661327,2500,OLS_oracle,iid,False,5
2,8,8001,16,160001,True,202,False,100,0.9064272971130153,6.31030602613464,0.5305848658816272,0.5084254211936226,0.974850571960824,0.9780642537741969,0.5642670854327582,0.001067779290366588,13,6,0.20816659994661327,2500,OLS_oracle,iid,False,5
3,0,1,11,110001,True,149,False,100,0.9584297398558851,3.7815365279093385,0.4558877870095122,0.3954790688955633,0.8682499521517401,0.8220910423903387,0.6030774049849572,0.002040411764362924,13,6,0.20816659994661327,2500,OLS_oracle,iid,False,5
2,9,9001,27,270001,True,147,False,100,0.7945350624642444,4.601490461733192,0.5616119020227439,0.559122372907749,0.8510291664973927,1.0944186930539692,0.5172256719155667,0.0010917116230976542,13,6,0.20816659994661327,2500,OLS_oracle,iid,False,5
2,8,8001,13,130001,True,96,False,100,0.70273688421089,6.601343108341098,0.5602247113265666,0.5456547278772507,0.9583268178062728,0.989861703868323,0.5000854133399207,0.0009403048586711575,13,6,0.20816659994661327,2500,OLS_oracle,iid,False,5
2,9,9001,21,210001,True,132,False,100,0.8084603117799328,4.926360583864152,0.5769956476518432,0.564567659141534,1.0350696093326328,0.9914026909060276,0.5200623601261526,0.0008723837222886408,13,6,0.20816659994661327,2500,OLS_oracle,iid,False,5
3,0,1,20,200001,True,151,False,100,0.7769255038978906,3.930419561918825,0.5636351158945272,0.5322275761143607,1.006619766370943,1.1434903071889502,0.46908807141493963,0.0012529073035666312,13,6,0.20816659994661327,2500,OLS_oracle,iid,False,5
2,9,9001,10,100001,True,170,False,100,0.9189981573007079,5.552508180961013,0.5564356644773331,0.5523230874140219,0.9592321386690723,1.1044522503480332,0.40400104092912675,0.0012759024155359839,13,6,0.20816659994661327,2500,OLS_oracle,iid,False,5
3,0,1,9,90001,True,161,False,100,0.8953736093115022,4.1645705052651465,0.5773605391256529,0.5493486871063452,1.0427292308633833,1.0416049568834167,0.5194222820228356,0.0015775670220584711,13,6,0.20816659994661327,2500,OLS_oracle,iid,False,5
2,3,3001,24,240001,True,232,False,100,0.881706198732095,14.480576077010483,0.4650398764502163,0.43050604432810147,1.093711180501006,1.0278330553345483,0.5286607896820342,0.00139463790498879,13,6,0.20816659994661327,2500,OLS_oracle,iid,False,5
3,0,1,7,70001,True,103,False,100,0.8658879630482433,4.302888281177729,0.5253147504254514,0.4833501894658303,0.996926645328728,1.0244427273665153,0.5031727503920194,0.0010059490243809026,13,6,0.20816659994661327,2500,OLS_oracle,iid,False,5
2,1,1001,6,60001,True,227,False,100,0.7309951493229003,18.460095312912017,0.6274088304036144,0.6320174393194592,0.9676327997114127,1.1668499214564696,0.42609725795557124,0.0009035715239054606,13,6,0.20816659994661327,2500,OLS_oracle,iid,False,5
3,0,1,2,20001,True,145,False,100,0.9245281397826336,4.720629699062556,0.4996882099726114,0.449880506188789,0.9827274024573012,1.1286941139345665,0.5892182874625594,0.0009360808417319688,13,6,0.20816659994661327,2500,OLS_oracle,iid,False,5
3,0,1,24,240001,True,122,False,100,0.881706198732095,3.8757924321107566,0.5351695061090953,0.4901718838651337,1.0164644709169899,1.0490827451727816,0.4880970911795437,0.0013920700655460632,13,6,0.20816659994661327,2500,OLS_oracle,iid,False,5
2,9,9001,6,60001,True,123,False,100,0.7309951493229003,5.929154479876161,0.546970003237746,0.5507676720700705,0.8190095987022173,0.9409504157123956,0.5582540116331635,0.0008532262015881839,13,6,0.20816659994661327,2500,OLS_oracle,iid,False,5
3,0,1,0,1,True,189,False,100,0.7618382172975056,4.901753367390484,0.5132556160732455,0.47982774096244957,0.9235111404717575,1.0527951250821972,0.5312432958598116,0.0015619686754412747,13,6,0.20816659994661327,2500,OLS_oracle,iid,False,5
2,5,5001,19,190001,True,362,False,100,0.8476754650208856,11.580572179052979,0.43842399634292634,0.3991288248986279,0.7443971888698877,1.0343888003437038,0.5558007056734865,0.0009719227972256928,13,6,0.20816659994661327,2500,OLS_oracle,iid,False,5
2,9,9001,12,120001,True,194,False,100,0.9602988976342225,5.910950061865151,0.5161491331679015,0.4846184944888779,1.1500014567903223,0.9075498055090616,0.5533494310700392,0.001028198448082929,13,6,0.20816659994661327,2500,OLS_oracle,iid,False,5
2,6,6001,27,270001,True,186,False,100,0.7945350624642444,9.451945976819843,0.5397780843223482,0.5270181406809895,0.9442635414907913,1.0009427650842346,0.5237623518267756,0.0011116816390448266,13,6,0.20816659994661327,2500,OLS_oracle,iid,False,5
3,0,1,8,80001,True,154,False,100,0.7893747089092475,4.609700154047459,0.5381851297018334,0.48735355048438006,1.0602002141625106,0.990183586230408,0.5648189763897158,0.0010173178412759775,13,6,0.20816659994661327,2500,OLS_oracle,iid,False,5
2,7,7001,7,70001,True,130,False,100,0.8658879630482433,8.823283293750137,0.5783564988312165,0.5680913352030333,1.1851033129423492,1.0835870975368505,0.4956630986793771,0.0009587910700972391,13,6,0.20816659994661327,2500,OLS_oracle,iid,False,5
2,8,8001,12,120001,True,170,False,100,0.9602988976342225,7.300164265092462,0.5546670352440106,0.5446899695212509,0.9976184260694024,1.0647059801135308,0.4714881151106093,0.0010260938842274344,13,6,0.20816659994661327,2500,OLS_oracle,iid,False,5
2,3,3001,10,100001,True,261,False,100,0.9189981573007079,16.027538069989532,0.5402106799294676,0.5200524607066538,0.9753050185912444,1.1109369551296349,0.5227626572870325,0.0013224585702638213,13,6,0.20816659994661327,2500,OLS_oracle,iid,False,5
3,0,1,22,220001,True,162,False,100,0.7528364811080336,4.330967583693564,0.5752325516267305,0.5473039440922959,0.9604520161595684,1.066996003619485,0.5330433852791915,0.001003088994310842,13,6,0.20816659994661327,2500,OLS_oracle,iid,False,5
2,9,9001,14,140001,True,194,False,100,0.963199284990812,5.962551461998373,0.431948159775728,0.39072094470072627,0.8955559942808198,0.9730498654435501,0.5194547381284235,0.002064797602474471,13,6,0.20816659994661327,2500,OLS_oracle,iid,False,5
2,0,1,29,290001,True,272,False,100,0.804370103928677,19.467808462213725,0.6087033593510944,0.6102195494277558,1.1409840959209587,1.3133079752245918,0.4209737109245337,0.0013386546444093654,13,6,0.20816659994661327,2500,OLS_oracle,iid,False,5
2,9,9001,3,30001,True,213,False,100,0.922673366122412,6.421189791057259,0.5417794902418481,0.5279971874833377,1.0131508916073488,0.9873312706922746,0.5047629513303259,0.0018814087890630907,13,6,0.20816659994661327,2500,OLS_oracle,iid,False,5
3,0,1,5,50001,True,194,False,100,0.8490287847098211,5.041410498786718,0.41899563592565614,0.366362302263435,0.7604956061322085,0.8311000524417779,0.636733685001702,0.0009766992523902339,13,6,0.20816659994661327,2500,OLS_oracle,iid,False,5
3,1,1001,22,220001,True,89,False,100,0.7528364811080336,2.524312910158187,0.5129781730383242,0.4741407161122083,0.8165405372848183,0.9888500874049427,0.5322447969088849,0.001000059151004673,13,6,0.20816659994661327,2500,OLS_oracle,iid,False,5
3,1,1001,9,90001,True,119,False,100,0.8953736093115022,3.2616019207052886,0.49769656585641675,0.455080282485874,1.0089291228571682,1.0086380412326912,0.523735649187361,0.001591856653410921,13,6,0.20816659994661327,2500,OLS_oracle,iid,False,5
2,7,7001,23,230001,True,280,False,100,0.8588706917275976,8.288395438808948,0.48198119574418574,0.45864928891696033,0.7486088246336253,1.0285547599306486,0.5123677198466238,0.001498763836176442,13,6,0.20816659994661327,2500,OLS_oracle,iid,False,5
2,2,2001,25,250001,True,205,False,100,0.9201883798541622,16.6619388977997,0.5230818892377569,0.4778307374617342,0.8083754735500882,0.9315555201486884,0.5626882577194713,0.0013548595130961078,13,6,0.20816659994661327,2500,OLS_oracle,iid,False,5
3,0,1,15,150001,True,188,False,100,0.9265435239350953,4.950091417878866,0.4718232206835899,0.4302600289148497,1.1158087790678994,0.9487219254967009,0.5774079095303304,0.0014067691386661523,13,6,0.20816659994661327,2500,OLS_oracle,iid,False,5
3,1,1001,13,130001,True,109,False,100,0.70273688421089,3.1818671580404043,0.5285311893041974,0.4908386974644643,1.0878504565216942,1.0336836112170573,0.5150192568937468,0.0010874554778626288,13,6,0.20816659994661327,2500,OLS_oracle,iid,False,5
3,1,1001,17,170001,True,112,False,100,0.7721309434333804,2.955728428903967,0.6036606452165174,0.5778290711059512,0.9304801648784522,1.0714163781454633,0.5365974499301472,0.0011374150951061366,13,6,0.20816659994661327,2500,OLS_oracle,iid,False,5
3,0,1,28,280001,True,155,False,100,0.9117481397231634,4.341844590846449,0.4774599537827264,0.4204552156678841,0.9163134062921394,0.8760968433517261,0.5783915446247044,0.0018326427121393876,13,6,0.20816659994661327,2500,OLS_oracle,iid,False,5
3,1,1001,6,60001,True,118,False,100,0.7309951493229003,3.545308053959161,0.5678812098757645,0.5384181320968685,0.8642221114084785,1.0082634918013926,0.548118473146429,0.000936447511251683,13,6,0.20816659994661327,2500,OLS_oracle,iid,False,5
2,9,9001,4,40001,True,173,False,100,0.7846581871320228,6.89085464598611,0.5223474424125437,0.5073339700709849,0.8354077168680042,0.9035252079161903,0.5415840147333287,0.0010570390378329437,13,6,0.20816659994661327,2500,OLS_oracle,iid,False,5
3,0,1,4,40001,True,237,False,100,0.7846581871320228,5.762971268966794,0.5039618006957302,0.46331285975421194,1.162578826763058,0.955422233377581,0.5779697847657321,0.0014641589054534435,13,6,0.20816659994661327,2500,OLS_oracle,iid,False,5
3,2,2001,17,170001,True,78,False,100,0.7721309434333804,2.0755491573363543,0.5634441010339412,0.5324764150597697,0.9073528047891619,0.9470784642598277,0.5704121677806763,0.0011041105556738719,13,6,0.20816659994661327,2500,OLS_oracle,iid,False,5
2,4,4001,28,280001,True,283,False,100,0.9117481397231634,13.644265688955784,0.5433055172113609,0.5298330755605167,1.061773595063611,1.2702577309980223,0.41402455638149943,0.001233258974574313,13,6,0.20816659994661327,2500,OLS_oracle,iid,False,5
3,1,1001,29,290001,True,123,False,100,0.7969099998499383,3.016990187112242,0.505376852463418,0.4702411279668519,0.771444232379492,0.9567386790500727,0.5420291778093137,0.0014516906608498322,13,6,0.20816659994661327,2500,OLS_oracle,iid,False,5
2,9,9001,25,250001,True,202,False,100,0.9201883798541622,6.457736803684384,0.5236052068041963,0.4969994425652118,0.8530142836563366,1.0013929337312673,0.5456106982970753,0.0013078796171100658,13,6,0.20816659994661327,2500,OLS_oracle,iid,False,5
2,7,7001,12,120001,True,215,False,100,0.9602988976342225,9.387973264791071,0.4455795127291363,0.4154669992136819,0.8126276491853872,0.9814730311932318,0.5609896848353274,0.0010577742124236334,13,6,0.20816659994661327,2500,OLS_oracle,iid,False,5
2,3,3001,2,20001,True,230,False,100,0.9245281397826336,17.310593721922487,0.589713132635782,0.5836459004068101,1.018189400288591,1.055262629644438,0.5086876085483785,0.0008594469693189395,13,6,0.20816659994661327,2500,OLS_oracle,iid,False,5
3,1,1001,2,20001,True,164,False,100,0.9245281397826336,4.510448608081788,0.5756997178200612,0.544407426557282,0.8498854019027712,1.0340173861702544,0.5361469066942265,0.0009474038981491937,13,6,0.20816659994661327,2500,OLS_oracle,iid,False,5
3,2,2001,6,60001,True,102,False,100,0.7309951493229003,2.9377094102092087,0.5527991881579992,0.519664968534125,0.9784835770940727,1.0839968476515756,0.5388047856915974,0.0009420990135337644,13,6,0.20816659994661327,2500,OLS_oracle,iid,False,5
2,9,9001,26,260001,True,112,False,100,0.8786732207452969,6.814504032954574,0.5303697755881897,0.5099618810105758,1.0077417006451406,1.336059278880044,0.5455154734744747,0.0010686462340544186,13,6,0.20816659994661327,2500,OLS_oracle,iid,False,5
2,6,6001,14,140001,True,197,False,100,0.963199284990812,11.576509648002684,0.4983642018853539,0.47647914407102754,0.7993221403951075,0.9668241161003773,0.5234081284930231,0.0020461148550971163,13,6,0.20816659994661327,2500,OLS_oracle,iid,False,5
3,0,1,14,140001,True,168,False,100,0.963199284990812,5.864321975968778,0.4458695255781129,0.3947195389712487,0.7627888560546263,0.8960593130941584,0.6188541494667076,0.0023588749516049896,13,6,0.20816659994661327,2500,OLS_oracle,iid,False,5
3,1,1001,24,240001,True,113,False,100,0.881706198732095,3.7119844891130924,0.5445468797137193,0.5128041079051748,0.9336308049182885,1.0489323428943331,0.47446025251289015,0.0013923927343951073,13,6,0.20816659994661327,2500,OLS_oracle,iid,False,5
3,1,1001,20,200001,True,147,False,100,0.7769255038978906,3.867840667720884,0.5269077910800658,0.4840565645716293,1.1241822554407819,1.2092620740867432,0.4559445669740666,0.0012776412156054505,13,6,0.20816659994661327,2500,OLS_oracle,iid,False,5
3,2,2001,8,80001,True,99,False,100,0.7893747089092475,3.011716255918145,0.5833464856017989,0.5527933369834739,1.0417667864728484,1.0452706005543797,0.5435222478642531,0.0010096190347390344,13,6,0.20816659994661327,2500,OLS_oracle,iid,False,5
3,2,2001,2,20001,True,123,False,100,0.9245281397826336,3.286928370129317,0.5396575085453963,0.5032259422159914,1.028345762317384,0.9874190169465719,0.5579502561129119,0.000913692069286228,13,6,0.20816659994661327,2500,OLS_oracle,iid,False,5
3,1,1001,27,270001,True,137,False,100,0.7770282139242266,3.6865675798617303,0.5415959241979287,0.5108358423306111,0.9836167421805575,0.9971177885759419,0.5301758592958687,0.001216715867410825,13,6,0.20816659994661327,2500,OLS_oracle,iid,False,5
3,0,1,27,270001,True,139,False,100,0.7770282139242266,5.514920248184353,0.556708614810936,0.5139938405894184,1.0887709081655834,1.0782011094341564,0.49065845173422573,0.0011942816429442752,13,6,0.20816659994661327,2500,OLS_oracle,iid,False,5
2,9,9001,11,110001,True,242,False,100,0.9584297398558851,7.690916809719056,0.46152624590385255,0.42015903749343564,0.8419466656565364,0.995640652758184,0.5007548579635108,0.0016764048039085537,13,6,0.20816659994661327,2500,OLS_oracle,iid,False,5
2,9,9001,22,220001,True,112,False,100,0.7671164578727816,7.2469246606342494,0.5796241765421754,0.5694560443050993,0.9245229055821166,0.9803802605699247,0.5434279618750871,0.0008198414698908063,13,6,0.20816659994661327,2500,OLS_oracle,iid,False,5
2,8,8001,29,290001,True,129,False,100,0.804370103928677,8.055418213829398,0.5795980468667568,0.5608403413454979,0.9834066116297958,1.0805255483640028,0.45429504013538063,0.001269911553294696,13,6,0.20816659994661327,2500,OLS_oracle,iid,False,5
2,9,9001,18,180001,True,133,False,100,0.8337458072174108,7.592061530333012,0.5807274411133887,0.5741779164492663,1.0212805088315127,1.0436664792185864,0.4893439439099737,0.0009975050358084704,13,6,0.20816659994661327,2500,OLS_oracle,iid,False,5
3,0,1,19,190001,True,166,False,100,0.8288766553414016,6.3027538768947124,0.4852635405401918,0.4327584934667642,0.8818368269482445,0.8679222942303155,0.6102730428040237,0.0009909396291040316,13,6,0.20816659994661327,2500,OLS_oracle,iid,False,5
3,1,1001,26,260001,True,138,False,100,0.792281736594413,4.134406763128936,0.48502864059529294,0.45140420966133504,0.8820682152119418,0.9170307456457426,0.6379976764157185,0.0011840691320213694,13,6,0.20816659994661327,2500,OLS_oracle,iid,False,5
3,2,2001,7,70001,True,112,False,100,0.8658879630482433,3.550967468880117,0.5656804476495426,0.5359499799081406,0.9911721988894182,1.0615938425210356,0.4858303618978385,0.000988569355052504,13,6,0.20816659994661327,2500,OLS_oracle,iid,False,5
3,0,1,29,290001,True,96,False,100,0.7969099998499383,5.6795744420960546,0.5068072535911233,0.4609856541009695,0.8150693064752902,0.9889839623790193,0.49955132046579925,0.0014348340863061203,13,6,0.20816659994661327,2500,OLS_oracle,iid,False,5
3,2,2001,24,240001,True,104,False,100,0.881706198732095,2.763126799836755,0.5462763906744541,0.5155705216126504,0.9251032102139336,0.9426309416483549,0.5725214397533478,0.0013603618936639198,13,6,0.20816659994661327,2500,OLS_oracle,iid,False,5
3,1,1001,0,1,True,106,False,100,0.7618382172975056,5.437248677015305,0.5370190831737445,0.5181750929816573,0.8684252947669094,1.1132381146770105,0.5512072842990977,0.0015292358289329853,13,6,0.20816659994661327,2500,OLS_oracle,iid,False,5
3,2,2001,23,230001,True,108,False,100,0.8588706917275976,2.9122601519338787,0.45676725340366725,0.40685898287493993,0.7919047131626746,0.8373714833715787,0.6213875286828141,0.0017353088509585105,13,6,0.20816659994661327,2500,OLS_oracle,iid,False,5
2,8,8001,14,140001,True,256,False,100,0.963199284990812,9.329212763812393,0.456489058421066,0.41278711268972107,0.7669427372683975,0.9200801742902143,0.5864914038235031,0.0020808416163500673,13,6,0.20816659994661327,2500,OLS_oracle,iid,False,5
3,1,1001,4,40001,True,224,False,100,0.7846581871320228,5.400271637830883,0.4163439050212758,0.3687211442442546,0.7533167696278656,0.8564658234516921,0.645824009127793,0.0014681039822173113,13,6,0.20816659994661327,2500,OLS_oracle,iid,False,5
2,9,9001,7,70001,True,115,False,100,0.8658879630482433,8.246931512840092,0.5745881358562561,0.5667572908183364,0.9401367827981504,0.9807687767454667,0.5101866886063181,0.0009370531553594294,13,6,0.20816659994661327,2500,OLS_oracle,iid,False,5
3,2,2001,20,200001,True,119,False,100,0.7769255038978906,3.159653270151466,0.5178032911278626,0.48198649793598813,1.1490707262649629,0.9203901184164367,0.5892826865538099,0.0012295021263011208,13,6,0.20816659994661327,2500,OLS_oracle,iid,False,5
3,1,1001,8,80001,True,199,False,100,0.7893747089092475,5.10454964870587,0.5229803915751998,0.48274093503860616,0.8902217999128843,0.9978767569074453,0.5701197280701538,0.0010421021141771957,13,6,0.20816659994661327,2500,OLS_oracle,iid,False,5
3,1,1001,23,230001,True,165,False,100,0.8588706917275976,4.5293144676834345,0.5255525327905508,0.48748241900979,0.9445427961885837,1.0176022847645931,0.5548461874790186,0.0017885319456925014,13,6,0.20816659994661327,2500,OLS_oracle,iid,False,5
3,2,2001,9,90001,True,147,False,100,0.8953736093115022,3.9081493341363966,0.49770696730845015,0.4592119637154835,1.1414694129819172,1.0818779568632113,0.5560050194761736,0.001621658732581429,13,6,0.20816659994661327,2500,OLS_oracle,iid,False,5
3,1,1001,21,210001,True,162,False,100,0.8084603117799328,4.7952517797239125,0.5633295075510582,0.5300852014063674,0.923522168641373,1.0108242884355971,0.5501499336299258,0.0010517236528889131,13,6,0.20816659994661327,2500,OLS_oracle,iid,False,5
2,2,2001,14,140001,True,350,False,100,0.963199284990812,19.19160497840494,0.4503989552071142,0.4136255999265123,0.8477819693879716,1.1029374867246147,0.5159657864578221,0.0021495754500359876,13,6,0.20816659994661327,2500,OLS_oracle,iid,False,5
3,2,2001,16,160001,True,118,False,100,0.9064272971130153,3.6205058582127094,0.5079116274550934,0.4653245329855561,0.8900524433508631,1.02179959031125,0.4611152498832447,0.0014884924643178226,13,6,0.20816659994661327,2500,OLS_oracle,iid,False,5
3,3,3001,8,80001,True,101,False,100,0.7893747089092475,2.6734257331117988,0.5619078582973993,0.5284095628961968,0.8872310126236498,1.0385569966606032,0.5154758829040184,0.001011997912863544,13,6,0.20816659994661327,2500,OLS_oracle,iid,False,5
3,2,2001,22,220001,True,116,False,100,0.7528364811080336,3.3556751660071313,0.501819056202012,0.4626688572545795,1.0254451600711336,0.878551287959246,0.6282390634415178,0.0009965940001848495,13,6,0.20816659994661327,2500,OLS_oracle,iid,False,5
2,7,7001,1,10001,True,248,False,100,0.8537373888613078,11.859411547891796,0.5065393563121487,0.48294068966295156,0.9082630737067338,1.1217751159842193,0.5052218231773834,0.0018825431016487944,13,6,0.20816659994661327,2500,OLS_oracle,iid,False,5
3,1,1001,19,190001,True,123,False,100,0.8288766553414016,5.0185481971129775,0.5417920080941238,0.5079835136240287,1.0058589450482875,0.9487869586079908,0.5830850104167393,0.0009758071306402664,13,6,0.20816659994661327,2500,OLS_oracle,iid,False,5
2,8,8001,6,60001,True,233,False,100,0.7309951493229003,10.072138929739594,0.5856155611888003,0.5753274659902339,1.042924075166954,1.2435062605783327,0.48703622699344307,0.0009118921649139343,13,6,0.20816659994661327,2500,OLS_oracle,iid,False,5
3,1,1001,25,250001,True,184,False,100,0.9201883798541622,4.883519389666617,0.5349513484827348,0.4855894799344404,0.8322480788762888,1.05229501710481,0.5254897215676226,0.0015187580343173142,13,6,0.20816659994661327,2500,OLS_oracle,iid,False,5
2,2,2001,28,280001,True,338,False,100,0.9117481397231634,18.932282553985715,0.45798682389005,0.4137906253885794,0.7779916597008387,0.9657521738962447,0.5498845960003828,0.0012629629244730442,13,6,0.20816659994661327,2500,OLS_oracle,iid,False,5
3,1,1001,18,180001,True,169,False,100,0.8337458072174108,5.132190136238933,0.5597015058075469,0.5280368072454829,0.9453365163939343,1.042136149040685,0.5275265353622498,0.0011532507628561719,13,6,0.20816659994661327,2500,OLS_oracle,iid,False,5
3,2,2001,19,190001,True,138,False,100,0.8288766553414016,3.676608356181532,0.532399404647949,0.48451379332924965,1.106821648568275,0.9519261048342958,0.5624321082099629,0.0009734441628765254,13,6,0.20816659994661327,2500,OLS_oracle,iid,False,5
2,9,9001,15,150001,True,249,False,100,0.9265435239350953,8.539302913937718,0.4725321195723041,0.4408228236272386,0.8315719560561065,1.018761398433347,0.5348450003745697,0.0013879263612757587,13,6,0.20816659994661327,2500,OLS_oracle,iid,False,5
2,5,5001,26,260001,True,214,False,100,0.8786732207452969,14.047129917889833,0.5778621605200505,0.5786605390032374,0.9296192406961172,1.0834859614428154,0.510770904801671,0.0011123359345681053,13,6,0.20816659994661327,2500,OLS_oracle,iid,False,5
2,8,8001,15,150001,True,227,False,100,0.9265435239350953,9.907107900362462,0.4919559043564567,0.4820694472740319,0.9734074074968232,1.0198353216853981,0.5689613558478182,0.0013585936996970218,13,6,0.20816659994661327,2500,OLS_oracle,iid,False,5
3,1,1001,11,110001,True,190,False,100,0.9584297398558851,5.693446579854935,0.40561472234876594,0.3512623342675315,0.9286903011284247,0.9286057274317056,0.5654050531099062,0.0020350098402540135,13,6,0.20816659994661327,2500,OLS_oracle,iid,False,5
3,1,1001,28,280001,True,143,False,100,0.9117481397231634,4.8807121380232275,0.47024049842365373,0.43292626149160623,0.7358600634814735,0.9025441083660194,0.5924592618140638,0.001848437331747741,13,6,0.20816659994661327,2500,OLS_oracle,iid,False,5
3,2,2001,14,140001,True,157,False,100,0.963199284990812,4.17765599116683,0.3853409224377761,0.33446740209586273,0.8360241346312055,0.8206524306760308,0.670390656337944,0.002358242656950619,13,6,0.20816659994661327,2500,OLS_oracle,iid,False,5
3,3,3001,17,170001,True,114,False,100,0.7721309434333804,2.7890064138919115,0.5613398197394458,0.5275679675615264,1.0138177150624113,1.0332590311818113,0.5356705190459465,0.0011307299047555617,13,6,0.20816659994661327,2500,OLS_oracle,iid,False,5
3,0,1,13,130001,True,148,False,100,0.70273688421089,7.470167288091034,0.4954393173476301,0.45127248780111795,0.9205805930457787,1.0041967017061992,0.567549931657116,0.0011057016148840909,13,6,0.20816659994661327,2500,OLS_oracle,iid,False,5
3,2,2001,29,290001,True,133,False,100,0.7969099998499383,3.4563445090316236,0.5571686134716959,0.524692903919137,0.8634725242219738,1.0464736801928922,0.5204296077968228,0.0014352485673724072,13,6,0.20816659994661327,2500,OLS_oracle,iid,False,5
3,3,3001,22,220001,True,104,False,100,0.7528364811080336,2.66881985636428,0.5749580487484816,0.5475884700109662,1.0381607948009122,1.1125087869722696,0.5091087148119507,0.0010062353085696773,13,6,0.20816659994661327,2500,OLS_oracle,iid,False,5
3,3,3001,1,10001,True,130,False,100,0.8537373888613078,3.428337496239692,0.5022314975124809,0.45473179982234124,1.0284513443746044,0.9553854233892964,0.5888428229963456,0.002167647806100617,13,6,0.20816659994661327,2500,OLS_oracle,iid,False,5
3,2,2001,25,250001,True,139,False,100,0.9201883798541622,3.871519422158599,0.5116803923728422,0.4920442829947071,0.9787026501279441,0.894637398823671,0.5850363488219139,0.0014637341853654395,13,6,0.20816659994661327,2500,OLS_oracle,iid,False,5
3,0,1,3,30001,True,197,False,100,0.922673366122412,8.158514295239002,0.3418823398712982,0.2994314094020114,0.639519567725444,0.8500523234975164,0.5868503854105536,0.00425824889038333,13,6,0.20816659994661327,2500,OLS_oracle,iid,False,5
3,3,3001,21,210001,True,120,False,100,0.8084603117799328,3.1188599579036236,0.5739116663073123,0.5436523385424715,1.0623639453009899,1.0584776191737217,0.5250528600648179,0.0010637139569403303,13,6,0.20816659994661327,2500,OLS_oracle,iid,False,5
3,1,1001,14,140001,True,227,False,100,0.963199284990812,5.928724813275039,0.45555181341909146,0.3918343402811905,1.020157253336941,9.374990841821738,0.49569783249455857,0.0024131338159134063,13,6,0.20816659994661327,2500,OLS_oracle,iid,False,5
3,3,3001,0,1,True,117,False,100,0.7618382172975056,3.7674804711714387,0.49217473233901754,0.45022031305728477,0.8256441685607795,0.8981629881034046,0.5806674312580736,0.0015310522450355597,13,6,0.20816659994661327,2500,OLS_oracle,iid,False,5
3,2,2001,26,260001,True,153,False,100,0.792281736594413,4.095985758118331,0.5140199651956823,0.4754928242714677,1.0419175275978436,0.9575412896118289,0.5830615601097231,0.0011574286152483103,13,6,0.20816659994661327,2500,OLS_oracle,iid,False,5
3,0,1,25,250001,True,135,False,100,0.9201883798541622,7.463243814185262,0.5477849453541597,0.5058583521661396,0.9741307762985522,1.045084980836675,0.514391124199607,0.0014766246085342188,13,6,0.20816659994661327,2500,OLS_oracle,iid,False,5
3,1,1001,1,10001,True,252,False,100,0.8537373888613078,6.848418950103223,0.4912057395720424,0.4474537097108262,0.7488946347367482,1.0937411933663799,0.4954494380857944,0.0021090498436784357,13,6,0.20816659994661327,2500,OLS_oracle,iid,False,5
3,3,3001,25,250001,True,116,False,100,0.9201883798541622,3.0383488228544593,0.5097853421852763,0.47995551429325867,1.1276383430740813,1.0139536333131463,0.5471730071344431,0.0014843851712493944,13,6,0.20816659994661327,2500,OLS_oracle,iid,False,5
3,2,2001,13,130001,True,184,False,100,0.70273688421089,4.893224558793008,0.5601630280741334,0.5285676622046721,1.2308066614518314,1.235921180826746,0.5093745574503218,0.0010956306666111504,13,6,0.20816659994661327,2500,OLS_oracle,iid,False,5
3,2,2001,28,280001,True,127,False,100,0.9117481397231634,4.074839329347014,0.528261606170772,0.480553286686207,1.033119524396849,0.9887129913778836,0.5340590744137821,0.0018337003909000694,13,6,0.20816659994661327,2500,OLS_oracle,iid,False,5
3,2,2001,4,40001,True,116,False,100,0.7846581871320228,5.370397101622075,0.5160462049337767,0.4787461145784832,0.9157368557968435,1.021142117677455,0.5759524109799895,0.0013824928725383306,13,6,0.20816659994661327,2500,OLS_oracle,iid,False,5
3,2,2001,15,150001,True,162,False,100,0.9265435239350953,4.856554677244276,0.4089373410040506,0.356709810812714,0.7012624443120733,0.8086075882461147,0.6524706646485863,0.001410572566113772,13,6,0.20816659994661327,2500,OLS_oracle,iid,False,5
2,9,9001,1,10001,True,199,False,100,0.8537373888613078,10.11311568133533,0.5197123134365064,0.4972737640037035,0.9598069488948187,0.994770276925653,0.5418576375049861,0.001847805026960015,13,6,0.20816659994661327,2500,OLS_oracle,iid,False,5
3,3,3001,27,270001,True,126,False,100,0.7770282139242266,3.3408585670404136,0.4599024897339087,0.4186534287415361,0.7371866774805471,0.8505244780470035,0.6183692759934108,0.0012186413471862768,13,6,0.20816659994661327,2500,OLS_oracle,iid,False,5
3,3,3001,19,190001,True,140,False,100,0.8288766553414016,3.7018960653804243,0.4628847758718042,0.40186524305084104,0.8051158103001109,0.877410365597296,0.5836010281441774,0.0010057199349763637,13,6,0.20816659994661327,2500,OLS_oracle,iid,False,5
3,0,1,12,120001,True,166,False,100,0.9602988976342225,8.45183842536062,0.40131646575689184,0.34885213326866243,0.6882395690857119,0.7923016591287702,0.6541176850185413,0.0014221738485536302,13,6,0.20816659994661327,2500,OLS_oracle,iid,False,5
3,3,3001,20,200001,True,146,False,100,0.7769255038978906,3.8392667789012194,0.519765717471067,0.468163217396567,0.9185304272181845,1.0037919830795032,0.5145053154805496,0.0012770141328151314,13,6,0.20816659994661327,2500,OLS_oracle,iid,False,5
3,1,1001,10,100001,True,116,False,100,0.9189981573007079,6.924423987045884,0.5273617066248867,0.4832348278454686,0.9536020653367524,1.183963283316359,0.44820175498825454,0.0014253332908032111,13,6,0.20816659994661327,2500,OLS_oracle,iid,False,5
2,8,8001,28,280001,True,165,False,100,0.9117481397231634,10.365929966792464,0.5079146647879522,0.48607931754308825,0.796885336065772,1.0574476043147063,0.4824841038562413,0.0011714204224630342,13,6,0.20816659994661327,2500,OLS_oracle,iid,False,5
3,3,3001,9,90001,True,149,False,100,0.8953736093115022,4.187897903844714,0.5340281099178221,0.5150312711025037,0.9252360883530895,1.3058184829849757,0.4017042189470996,0.0016166661691302516,13,6,0.20816659994661327,2500,OLS_oracle,iid,False,5
3,3,3001,2,20001,True,113,False,100,0.9245281397826336,4.546613913029432,0.5750886894495143,0.5486643271653837,1.0523869393913605,1.0338643519399553,0.5249165645279995,0.0009455061125174922,13,6,0.20816659994661327,2500,OLS_oracle,iid,False,5
3,3,3001,16,160001,True,162,False,100,0.9064272971130153,4.162537444848567,0.4804959631621124,0.46734727726243047,0.906896016922293,0.9713530982897355,0.563678917375132,0.001493783158647855,13,6,0.20816659994661327,2500,OLS_oracle,iid,False,5
3,3,3001,26,260001,True,128,False,100,0.792281736594413,3.7966512041166425,0.5498077091987927,0.5179198621275634,1.0869304851893562,0.9962949311558746,0.5266373678005342,0.0011881554407934896,13,6,0.20816659994661327,2500,OLS_oracle,iid,False,5
3,3,3001,6,60001,True,142,False,100,0.7309951493229003,4.561895487830043,0.5071607666639117,0.45800318727997397,1.0526869574622026,0.9753055914374922,0.566856252123755,0.0009675189849738571,13,6,0.20816659994661327,2500,OLS_oracle,iid,False,5
3,3,3001,10,100001,True,168,False,100,0.9189981573007079,4.378817479126155,0.4514791943322129,0.40577199198015845,0.9731862852096516,0.9207831757730421,0.6088971808366596,0.0014877851707676688,13,6,0.20816659994661327,2500,OLS_oracle,iid,False,5
3,3,3001,29,290001,True,130,False,100,0.7969099998499383,3.8444393589161336,0.530998760947892,0.49155770578725366,0.8097660072902025,0.9100571515451815,0.5910063759196058,0.00143249979122846,13,6,0.20816659994661327,2500,OLS_oracle,iid,False,5
3,2,2001,3,30001,True,223,False,100,0.922673366122412,6.204807059373707,0.38765551688336775,0.33701649782483784,0.6780231089739076,0.9460282321617035,0.5622092873216135,0.0044033496115048355,13,6,0.20816659994661327,2500,OLS_oracle,iid,False,5
3,4,4001,7,70001,True,135,False,100,0.8658879630482433,3.239960466977209,0.49154135897186413,0.45315789087384417,1.0612918133815077,1.0126141630992584,0.5497661950195034,0.0010181850122953206,13,6,0.20816659994661327,2500,OLS_oracle,iid,False,5
3,1,1001,16,160001,True,251,False,100,0.9064272971130153,6.992786317132413,0.5692994075006534,0.5323199510413352,1.0771598880354913,1.193769892839696,0.5428739273266046,0.001604154647898888,13,6,0.20816659994661327,2500,OLS_oracle,iid,False,5
3,3,3001,12,120001,True,157,False,100,0.9602988976342225,4.50757662486285,0.49374533451151176,0.43551040398879687,0.8955016876470223,0.9199949274207416,0.5638670932295256,0.00140360135122117,13,6,0.20816659994661327,2500,OLS_oracle,iid,False,5
3,4,4001,19,190001,True,110,False,100,0.8288766553414016,2.775603352114558,0.5738028156482733,0.5446139184905361,0.9844528918335013,1.0574306245121678,0.499915892059445,0.0009634941691636789,13,6,0.20816659994661327,2500,OLS_oracle,iid,False,5
3,3,3001,28,280001,True,127,False,100,0.9117481397231634,4.002082111313939,0.4818152779466722,0.439945996634617,0.887055798467746,0.9259067764148554,0.544982141552778,0.0018647734957052602,13,6,0.20816659994661327,2500,OLS_oracle,iid,False,5
3,2,2001,11,110001,True,225,False,100,0.9584297398558851,5.95500965276733,0.38904250425637626,0.3426661597569964,0.6591944859490365,0.8868418407614957,0.5981532594737776,0.00207450783544475,13,6,0.20816659994661327,2500,OLS_oracle,iid,False,5
2,8,8001,25,250001,True,194,False,100,0.9201883798541622,11.089760935865343,0.4837820817504274,0.4641868045870276,0.8317424807384158,0.9491350644476513,0.5698038121610641,0.001342147533644165,13,6,0.20816659994661327,2500,OLS_oracle,iid,False,5
3,1,1001,7,70001,True,288,False,100,0.8658879630482433,7.594535196200013,0.4116860783261125,0.35399192436663623,0.8415981541116151,1.1069524772212376,0.5992709709807149,0.0011069311071184198,13,6,0.20816659994661327,2500,OLS_oracle,iid,False,5
3,1,1001,5,50001,True,293,False,100,0.8490287847098211,7.765030675102025,0.4039747848701075,0.3494740722839048,0.7525813376869608,0.8556367540879031,0.6309208835359539,0.0010307533729484919,13,6,0.20816659994661327,2500,OLS_oracle,iid,False,5
3,2,2001,5,50001,True,227,False,100,0.8490287847098211,6.45302388863638,0.4736678353893078,0.41901244391211373,0.9236255355638275,0.878060973281294,0.6078082564926583,0.000967377803554194,13,6,0.20816659994661327,2500,OLS_oracle,iid,False,5
3,0,1,17,170001,True,357,False,100,0.7721309434333804,9.23282602103427,0.45102250970248214,0.4040199356375362,1.2921631296629439,1.1523707978984485,0.5739307474731713,0.0012116777982775194,13,6,0.20816659994661327,2500,OLS_oracle,iid,False,5
3,2,2001,1,10001,True,238,False,100,0.8537373888613078,6.622137411031872,0.4617644878075695,0.41386218340521275,1.0724757383951355,0.8520091510658737,0.6065183372912252,0.0021595210970102763,13,6,0.20816659994661327,2500,OLS_oracle,iid,False,5
2,7,7001,3,30001,True,252,False,100,0.922673366122412,13.901216646190733,0.29682357648180707,0.25655043998995547,0.5474896794652159,0.8256916559127834,0.6166855739113453,0.0019231750505200012,13,6,0.20816659994661327,2500,OLS_oracle,iid,False,5
3,4,4001,29,290001,True,105,False,100,0.7969099998499383,2.731988246086985,0.5566710658640095,0.5199279403619905,0.942215411344351,1.0390997671517466,0.5020577265474347,0.001439935541118349,13,6,0.20816659994661327,2500,OLS_oracle,iid,False,5
3,4,4001,8,80001,True,115,False,100,0.7893747089092475,3.6793060898780823,0.5186899857740966,0.4807560982833218,1.13128312256451,1.048915125256311,0.4987705452613331,0.0009984685856280493,13,6,0.20816659994661327,2500,OLS_oracle,iid,False,5
3,4,4001,17,170001,True,115,False,100,0.7721309434333804,3.444856727961451,0.5973269615430694,0.571985378416161,0.9623531806417212,1.03067524914538,0.524787486566977,0.0010985655793224708,13,6,0.20816659994661327,2500,OLS_oracle,iid,False,5
3,5,5001,1,10001,True,110,False,100,0.8537373888613078,2.848216481041163,0.48780050859218543,0.4396953074053489,0.8732757529699954,0.9767624435549914,0.4985532146206082,0.0021308067868986745,13,6,0.20816659994661327,2500,OLS_oracle,iid,False,5
3,2,2001,0,1,True,156,False,100,0.7618382172975056,6.909796306397766,0.522019443338494,0.4861909275264388,0.7838199364637979,0.9555405957273075,0.5715869816938164,0.001538399737968858,13,6,0.20816659994661327,2500,OLS_oracle,iid,False,5
3,4,4001,5,50001,True,147,False,100,0.8490287847098211,4.06246094731614,0.5649090713537795,0.532164128997326,0.9258986753473997,1.0287592095148235,0.5447115535776664,0.000944395392084969,13,6,0.20816659994661327,2500,OLS_oracle,iid,False,5
3,0,1,1,10001,True,393,False,100,0.8537373888613078,10.145385833922774,0.47380350753647554,0.4162250435832244,0.8394217573539429,0.8941540471838841,0.5931203649698767,0.0022355543783251362,13,6,0.20816659994661327,2500,OLS_oracle,iid,False,5
2,7,7001,28,280001,True,257,False,100,0.9117481397231634,12.959718937054276,0.5558715045581165,0.5460587285878996,0.8561254474366826,1.150615931157272,0.46693972511471576,0.0012286238572273632,13,6,0.20816659994661327,2500,OLS_oracle,iid,False,5
2,9,9001,29,290001,True,122,False,100,0.804370103928677,10.311636154074222,0.5361016053373371,0.524478144450215,0.9611635948541574,1.0384383366766587,0.4851405722385111,0.0012368149689326571,13,6,0.20816659994661327,2500,OLS_oracle,iid,False,5
3,4,4001,22,220001,True,121,False,100,0.7528364811080336,3.340176783967763,0.5431210632908264,0.5080201790770504,0.9675848312312474,1.022078627074731,0.528464756947012,0.0009868115543973253,13,6,0.20816659994661327,2500,OLS_oracle,iid,False,5
3,5,5001,19,190001,True,108,False,100,0.8288766553414016,2.520019490737468,0.5917578109466175,0.5659121239657359,1.0776905317630583,1.0686404649557044,0.49818960761911557,0.0009691425813904878,13,6,0.20816659994661327,2500,OLS_oracle,iid,False,5
3,4,4001,24,240001,True,131,False,100,0.881706198732095,3.4695649640634656,0.5128313736919106,0.4781677044440691,0.883570302993498,0.9502667493310263,0.5717901352440357,0.0013882517809966682,13,6,0.20816659994661327,2500,OLS_oracle,iid,False,5
3,4,4001,2,20001,True,171,False,100,0.9245281397826336,4.506800661794841,0.5388899251016228,0.49891616117993143,0.9287230622605069,0.9863320209058524,0.5511952011305867,0.0009467744538720941,13,6,0.20816659994661327,2500,OLS_oracle,iid,False,5
3,4,4001,16,160001,True,152,False,100,0.9064272971130153,4.056403584778309,0.49808123205496463,0.46558455191159026,0.980005848855749,0.8724382282773586,0.6127521863992993,0.0015344705445967527,13,6,0.20816659994661327,2500,OLS_oracle,iid,False,5
3,5,5001,24,240001,True,102,False,100,0.881706198732095,2.7005505552515388,0.5410519649474675,0.5006420130174868,0.9676756004971703,0.9602127256135506,0.5659994549774823,0.001354342620474205,13,6,0.20816659994661327,2500,OLS_oracle,iid,False,5
3,4,4001,15,150001,True,149,False,100,0.9265435239350953,4.144755073823035,0.54250778594264,0.5247289572549984,0.9407567506285222,1.0033360959762907,0.5453989338807397,0.001353514658512731,13,6,0.20816659994661327,2500,OLS_oracle,iid,False,5
3,4,4001,27,270001,True,116,False,100,0.7770282139242266,3.6567936441861093,0.5695682754192009,0.5445344006835271,1.15556624931367,1.746814777416482,0.5018580607006008,0.0011889464258828671,13,6,0.20816659994661327,2500,OLS_oracle,iid,False,5
3,5,5001,2,20001,True,122,False,100,0.9245281397826336,3.4763784180395305,0.5954253678829811,0.569010049669891,1.0133542435628473,1.0298627918100776,0.5278614679050186,0.0009253323793716032,13,6,0.20816659994661327,2500,OLS_oracle,iid,False,5
3,1,1001,3,30001,True,350,False,100,0.922673366122412,9.10950415302068,0.42500686383286107,0.35184287623658617,0.8582161718605117,0.9108936929249818,0.5681283476968799,0.004386576096436784,13,6,0.20816659994661327,2500,OLS_oracle,iid,False,5
3,5,5001,5,50001,True,139,False,100,0.8490287847098211,3.553471535909921,0.53254502515168,0.5162365535236701,0.969613098549233,0.9611313057499713,0.5903880982661851,0.0009256401847742583,13,6,0.20816659994661327,2500,OLS_oracle,iid,False,5
3,5,5001,22,220001,True,110,False,100,0.7528364811080336,3.0118636661209166,0.5600047672694274,0.5282071437229224,0.916033442201655,1.050658115562905,0.4954205233307333,0.0009809941700746477,13,6,0.20816659994661327,2500,OLS_oracle,iid,False,5
3,2,2001,12,120001,True,291,False,100,0.9602988976342225,7.265159816946834,0.4139808965076871,0.36396997996627767,0.7514989585724126,0.8796494509554507,0.6035531469198594,0.0014477874585111196,13,6,0.20816659994661327,2500,OLS_oracle,iid,False,5
3,5,5001,0,1,True,137,False,100,0.7618382172975056,3.7281969753094018,0.5172521649038238,0.4748857421633553,0.8669535320089516,0.9782100793083611,0.5099099677811271,0.0015188186386646027,13,6,0.20816659994661327,2500,OLS_oracle,iid,False,5
3,6,6001,8,80001,True,89,False,100,0.7893747089092475,2.3702229550108314,0.5579081221050955,0.5203178129167825,0.917728914237133,1.0249532478665555,0.5253369111902548,0.0009997061574729968,13,6,0.20816659994661327,2500,OLS_oracle,iid,False,5
3,5,5001,12,120001,True,104,False,100,0.9602988976342225,3.42896266002208,0.48753811768096833,0.44221597702508186,0.9627073700409663,1.4015212083998903,0.5184693931460193,0.0013734266764586645,13,6,0.20816659994661327,2500,OLS_oracle,iid,False,5
3,5,5001,4,40001,True,147,False,100,0.7846581871320228,3.834031849168241,0.4298526204340154,0.3771315788978536,0.7952328048772475,0.9164479638251523,0.6243156250338606,0.0014396445897014193,13,6,0.20816659994661327,2500,OLS_oracle,iid,False,5
3,6,6001,7,70001,True,107,False,100,0.8658879630482433,2.549399551935494,0.5151201505767934,0.4730553495908223,0.9289104555570995,0.9594638515741982,0.5357416085287764,0.0010071491384284856,13,6,0.20816659994661327,2500,OLS_oracle,iid,False,5
3,4,4001,14,140001,True,176,False,100,0.963199284990812,4.60846281517297,0.4667320255323552,0.41178836028402305,1.0579318465644718,0.980515122391979,0.5622658424530467,0.002314823724980593,13,6,0.20816659994661327,2500,OLS_oracle,iid,False,5
3,2,2001,27,270001,True,129,False,100,0.7770282139242266,6.669668599031866,0.5222865261362687,0.482573034319608,1.3082055673310404,1.0937618980775743,0.5295302719474049,0.0012080720145539914,13,6,0.20816659994661327,2500,OLS_oracle,iid,False,5
3,5,5001,25,250001,True,126,False,100,0.9201883798541622,3.1523562790825963,0.5392959569943181,0.5050908159212997,0.9204723462961625,1.1206095392122404,0.4141458007277577,0.0014491022883375236,13,6,0.20816659994661327,2500,OLS_oracle,iid,False,5
3,5,5001,29,290001,True,121,False,100,0.7969099998499383,3.1822101157158613,0.5206747687101659,0.47997050885330916,0.8220840993146897,0.999992011527041,0.5069824946863974,0.001434324659514155,13,6,0.20816659994661327,2500,OLS_oracle,iid,False,5
3,1,1001,12,120001,True,151,False,100,0.9602988976342225,9.001391841098666,0.5585144033919908,0.522635759616768,0.9337907771733491,1.1216109553905835,0.46474539201787907,0.0014067555481412756,13,6,0.20816659994661327,2500,OLS_oracle,iid,False,5
3,5,5001,7,70001,True,135,False,100,0.8658879630482433,3.9105947809293866,0.5417166258470117,0.5079042581254227,1.0090555853365601,1.0925042892605457,0.4936563104928612,0.001003538973157075,13,6,0.20816659994661327,2500,OLS_oracle,iid,False,5
3,5,5001,18,180001,True,138,False,100,0.8337458072174108,3.7680072258226573,0.5458001568278374,0.509763095916986,0.9486211839538023,1.121990119723805,0.4066802113754127,0.0011576486989561942,13,6,0.20816659994661327,2500,OLS_oracle,iid,False,5
3,5,5001,10,100001,True,156,False,100,0.9189981573007079,4.082253529224545,0.49414989303320445,0.45719626979613276,0.77862938968569,0.9868455313236517,0.53009018451479,0.001437087605106091,13,6,0.20816659994661327,2500,OLS_oracle,iid,False,5
3,0,1,18,180001,True,176,False,100,0.8337458072174108,11.062011879868805,0.49993119074279724,0.4473227547379753,0.8681638906480885,1.293570119789185,0.5311157823792428,0.0011712143600099486,13,6,0.20816659994661327,2500,OLS_oracle,iid,False,5
3,0,1,23,230001,True,157,False,100,0.8588706917275976,10.825674555730075,0.461658263269059,0.4176327317605893,0.8697899277914425,0.8915657310465681,0.6061184227632881,0.0018000063344046353,13,6,0.20816659994661327,2500,OLS_oracle,iid,False,5
3,5,5001,13,130001,True,118,False,100,0.70273688421089,4.07841683505103,0.5656133840721892,0.5340520054515128,1.0099821436357397,1.0001184996761268,0.5783287780994004,0.0010802940331490285,13,6,0.20816659994661327,2500,OLS_oracle,iid,False,5
3,1,1001,15,150001,True,162,False,100,0.9265435239350953,9.283674937207252,0.500324585395199,0.4283028910255568,0.9914783864307777,1.7299286139511842,0.5305144590853552,0.0014062055477716807,13,6,0.20816659994661327,2500,OLS_oracle,iid,False,5
3,5,5001,17,170001,True,136,False,100,0.7721309434333804,3.9266325677745044,0.508044640744934,0.459985201081035,0.9618397558999899,0.9517263621247899,0.5510976213701502,0.001114533923461011,13,6,0.20816659994661327,2500,OLS_oracle,iid,False,5
3,4,4001,1,10001,True,234,False,100,0.8537373888613078,5.954861435107887,0.45427351879205724,0.4052072992748391,0.7267058536504756,1.003812681462543,0.5509921551808202,0.0021333764869476894,13,6,0.20816659994661327,2500,OLS_oracle,iid,False,5
3,5,5001,9,90001,True,132,False,100,0.8953736093115022,4.295588739681989,0.4710265409643872,0.4221886526855484,1.057873551236988,0.8876670218803732,0.5829758016653894,0.0015865811227333585,13,6,0.20816659994661327,2500,OLS_oracle,iid,False,5
3,4,4001,9,90001,True,164,False,100,0.8953736093115022,5.484530696645379,0.5407308625636886,0.49311342342523196,0.8381472949086207,1.0169228242289763,0.48165183424618735,0.001576017527036399,13,6,0.20816659994661327,2500,OLS_oracle,iid,False,5
3,4,4001,6,60001,True,107,False,100,0.7309951493229003,5.786739832721651,0.5415177671574429,0.5054795395987933,1.060663393787551,0.9989084362624203,0.5688872058360557,0.0009318783406713893,13,6,0.20816659994661327,2500,OLS_oracle,iid,False,5
3,3,3001,15,150001,True,152,False,100,0.9265435239350953,6.692343864124268,0.45370417468225577,0.4089496690459154,1.0035461760821167,0.8741278229561129,0.5672173216043891,0.0013652848357113465,13,6,0.20816659994661327,2500,OLS_oracle,iid,False,5
3,3,3001,4,40001,True,192,False,100,0.7846581871320228,7.125621983781457,0.5523577756753548,0.5376512173988783,0.9074408257180644,0.9843238934482507,0.5552688173779508,0.0014391969314209456,13,6,0.20816659994661327,2500,OLS_oracle,iid,False,5
3,6,6001,12,120001,True,123,False,100,0.9602988976342225,3.203824230004102,0.488854796510641,0.4457285924454075,1.2312957087104381,1.0221105121353598,0.5344178097773964,0.0014276625015013868,13,6,0.20816659994661327,2500,OLS_oracle,iid,False,5
3,6,6001,26,260001,True,94,False,100,0.792281736594413,2.4490281059406698,0.44670065136660675,0.4051944816857047,0.8384408247936238,0.8668122694908866,0.6038395310355287,0.0011639906019895283,13,6,0.20816659994661327,2500,OLS_oracle,iid,False,5
3,3,3001,7,70001,True,123,False,100,0.8658879630482433,7.056522350758314,0.5292082145810104,0.48813173981626473,0.9708062799597446,0.9520043071978351,0.5621898893420104,0.0010079583762170876,13,6,0.20816659994661327,2500,OLS_oracle,iid,False,5
3,6,6001,2,20001,True,138,False,100,0.9245281397826336,3.5732103581540287,0.4929328478645331,0.45253772862448893,0.8671176691021212,0.9705379404478902,0.5874768991838575,0.0009466428712483139,13,6,0.20816659994661327,2500,OLS_oracle,iid,False,5
3,6,6001,17,170001,True,110,False,100,0.7721309434333804,2.92385560227558,0.5110263998760395,0.4579456525808863,0.8574839127627302,0.952424046519309,0.545369261856295,0.0011339284495610659,13,6,0.20816659994661327,2500,OLS_oracle,iid,False,5
3,6,6001,0,1,True,143,False,100,0.7618382172975056,3.8455770290456712,0.5327459366655934,0.49227871814463015,1.0926738449481008,0.9918647619054507,0.5342642140771141,0.0015700282203188242,13,6,0.20816659994661327,2500,OLS_oracle,iid,False,5
3,4,4001,0,1,True,209,False,100,0.7618382172975056,6.340177002362907,0.5045978293474722,0.4648998728475455,1.1204698025019502,1.044707537245454,0.5229910621685814,0.0015361805260654597,13,6,0.20816659994661327,2500,OLS_oracle,iid,False,5
3,0,1,10,100001,True,224,False,100,0.9189981573007079,11.560457780957222,0.47196511502655275,0.41960226706456016,0.9215406331072498,0.9452179537360449,0.594751181657888,0.0014325164082562391,13,6,0.20816659994661327,2500,OLS_oracle,iid,False,5
3,4,4001,23,230001,True,156,False,100,0.8588706917275976,5.25841425685212,0.5089707194104348,0.4707008294328071,0.8344264830034326,0.9523788738373022,0.5258825459108735,0.0017198284426484828,13,6,0.20816659994661327,2500,OLS_oracle,iid,False,5
3,2,2001,18,180001,True,307,False,100,0.8337458072174108,8.25797114893794,0.47578192702768196,0.4247094877262009,0.9121235883460206,0.9944816165117111,0.5387578564212887,0.001237557511832161,13,6,0.20816659994661327,2500,OLS_oracle,iid,False,5
3,4,4001,21,210001,True,115,False,100,0.8084603117799328,5.442642935086042,0.5522977480897467,0.522953781666226,0.9251225642304101,1.0150624912883373,0.5214058569931777,0.0010414144077122794,13,6,0.20816659994661327,2500,OLS_oracle,iid,False,5
3,4,4001,18,180001,True,133,False,100,0.8337458072174108,5.672216942068189,0.5572738383759797,0.5184242907953256,0.9379034656183182,1.0345141245869165,0.49095433362085894,0.0011400979472672773,13,6,0.20816659994661327,2500,OLS_oracle,iid,False,5
3,5,5001,3,30001,True,182,False,100,0.922673366122412,5.2192838583141565,0.4116957479605247,0.35476403965076425,0.8225852933301525,1.0071110570568451,0.49379607244806606,0.004361700457118551,13,6,0.20816659994661327,2500,OLS_oracle,iid,False,5
3,6,6001,22,220001,True,125,False,100,0.7528364811080336,3.241685430984944,0.5865216011381389,0.5595034828763876,1.0440956959904673,1.0230910303089356,0.5284910035218412,0.001004824997520171,13,6,0.20816659994661327,2500,OLS_oracle,iid,False,5
3,3,3001,3,30001,True,214,False,100,0.922673366122412,7.828324583824724,0.4107572569351801,0.36482649579534177,0.7956923602334379,0.9229990319032042,0.5517153417734946,0.004473606558558208,13,6,0.20816659994661327,2500,OLS_oracle,iid,False,5
3,6,6001,24,240001,True,118,False,100,0.881706198732095,3.2261980269104242,0.5639266859011706,0.5288521989382899,0.959159789336772,1.020303407590336,0.5376703922855637,0.0013985595605757273,13,6,0.20816659994661327,2500,OLS_oracle,iid,False,5
3,7,7001,21,210001,True,97,False,100,0.8084603117799328,2.3495892910286784,0.5247917144267638,0.5080459222611151,0.8416495587160059,0.940028483919012,0.588996989424532,0.0010607102211651553,13,6,0.20816659994661327,2500,OLS_oracle,iid,False,5
3,6,6001,29,290001,True,123,False,100,0.7969099998499383,3.170627455227077,0.5398349009731707,0.5064936088316732,1.0974024617105647,1.4534077932954135,0.5367271724267155,0.0014655549323254028,13,6,0.20816659994661327,2500,OLS_oracle,iid,False,5
3,6,6001,25,250001,True,131,False,100,0.9201883798541622,3.2748291050083935,0.442210260107406,0.3985007544305322,0.7245899873090837,0.8516395918198597,0.5993490504109674,0.0014602139029193347,13,6,0.20816659994661327,2500,OLS_oracle,iid,False,5
3,7,7001,13,130001,True,101,False,100,0.70273688421089,2.6584659651853144,0.5896314903313168,0.5566219478661846,1.021102234401537,1.1263877139101477,0.5031400583571313,0.0010881653827033491,13,6,0.20816659994661327,2500,OLS_oracle,iid,False,5
3,3,3001,24,240001,True,109,False,100,0.881706198732095,7.262109216302633,0.5355588275965306,0.5258651361585455,1.093458008617849,0.9412028620410275,0.5796225044742966,0.0013850278728143864,13,6,0.20816659994661327,2500,OLS_oracle,iid,False,5
3,4,4001,25,250001,True,151,False,100,0.9201883798541622,5.719388962723315,0.5132735236651507,0.4826243298459437,0.9215981633641787,1.147726835407711,0.458377900889242,0.0014987466601003897,13,6,0.20816659994661327,2500,OLS_oracle,iid,False,5
3,7,7001,8,80001,True,109,False,100,0.7893747089092475,2.8941742940805852,0.5624441152117186,0.5270929757786904,0.7830443740468517,1.0446259599869876,0.49842391491948224,0.001001002040053694,13,6,0.20816659994661327,2500,OLS_oracle,iid,False,5
3,5,5001,27,270001,True,177,False,100,0.7770282139242266,4.652683585416526,0.4924960824422083,0.44481760420159805,0.8939108384794503,0.9176782868212818,0.6026696615284315,0.0012283155702837955,13,6,0.20816659994661327,2500,OLS_oracle,iid,False,5
3,7,7001,5,50001,True,117,False,100,0.8490287847098211,3.100207795854658,0.5785025924180736,0.5510814749734634,0.9731092336663983,1.1185414698421574,0.46671772269383915,0.0009268382227424957,13,6,0.20816659994661327,2500,OLS_oracle,iid,False,5
3,4,4001,4,40001,True,259,False,100,0.7846581871320228,6.70378587488085,0.4800012819615436,0.4242325190617455,0.8975031506387809,1.1011610862663508,0.568782360205177,0.0014468537021554188,13,6,0.20816659994661327,2500,OLS_oracle,iid,False,5
3,6,6001,14,140001,True,147,False,100,0.963199284990812,3.904788226354867,0.3810242775556781,0.3497942424140557,0.6451921807090011,0.844262422814006,0.5816471728149238,0.0023023599790849888,13,6,0.20816659994661327,2500,OLS_oracle,iid,False,5
3,4,4001,13,130001,True,189,False,100,0.70273688421089,6.288353363983333,0.6064830535556804,0.5863441155096101,0.9313369621972157,1.1271854425041614,0.5218557801452656,0.0010985194485818156,13,6,0.20816659994661327,2500,OLS_oracle,iid,False,5
3,6,6001,23,230001,True,134,False,100,0.8588706917275976,3.4600158841349185,0.49049181882282733,0.4477926450318349,0.8598000411088792,0.8652138011973826,0.5880778367031856,0.001748381134144038,13,6,0.20816659994661327,2500,OLS_oracle,iid,False,5
3,7,7001,1,10001,True,130,False,100,0.8537373888613078,3.2518464429304004,0.510362267880809,0.46417750434021465,1.1076669936593762,0.9462902744155051,0.5747644723635886,0.0020842052857254667,13,6,0.20816659994661327,2500,OLS_oracle,iid,False,5
3,3,3001,23,230001,True,307,False,100,0.8588706917275976,7.566255865152925,0.43185682280699667,0.3862438155154866,0.7626962721995301,0.955640835883717,0.6023408514579613,0.001815263482142972,13,6,0.20816659994661327,2500,OLS_oracle,iid,False,5
3,5,5001,6,60001,True,225,False,100,0.7309951493229003,5.646401337813586,0.5014971923793025,0.4563152888191867,0.9492644374756982,0.9631281565335904,0.5900532457378299,0.000996803042459599,13,6,0.20816659994661327,2500,OLS_oracle,iid,False,5
3,7,7001,2,20001,True,138,False,100,0.9245281397826336,3.546635801438242,0.5535225769992881,0.5145122968294391,0.9003062109993074,0.9927914564142484,0.5731327045201116,0.0009349220143070515,13,6,0.20816659994661327,2500,OLS_oracle,iid,False,5
3,7,7001,26,260001,True,105,False,100,0.792281736594413,2.4833264308981597,0.5332811746092275,0.49868292705092043,0.8777162487199134,0.932564298039549,0.5879193768942539,0.0011748393981910025,13,6,0.20816659994661327,2500,OLS_oracle,iid,False,5
3,7,7001,24,240001,True,100,False,100,0.881706198732095,2.678849520627409,0.5007641094338673,0.46201050541917693,0.9005989457280303,0.8570508386655469,0.6130057264236198,0.001390688275983945,13,6,0.20816659994661327,2500,OLS_oracle,iid,False,5
3,5,5001,14,140001,True,206,False,100,0.963199284990812,5.6310613341629505,0.44826464475517047,0.41418597620745684,0.7128658606956685,0.9150980804712265,0.6059233806306583,0.002351463155993384,13,6,0.20816659994661327,2500,OLS_oracle,iid,False,5
3,3,3001,13,130001,True,153,False,100,0.70273688421089,8.327336819376796,0.5902540259219553,0.5668063355334808,0.9719149416076737,1.2249743364410475,0.41420208200406305,0.0011181996126250538,13,6,0.20816659994661327,2500,OLS_oracle,iid,False,5
3,5,5001,11,110001,True,237,False,100,0.9584297398558851,5.907122489064932,0.40967321571442616,0.3514398490422501,0.7224137524225959,0.9917662826488807,0.49448911700777876,0.0020309330824827797,13,6,0.20816659994661327,2500,OLS_oracle,iid,False,5
3,6,6001,16,160001,True,151,False,100,0.9064272971130153,4.490367968101054,0.5243566082953378,0.47699091970370705,0.9396879275245038,1.0219640718168879,0.5481672268835253,0.0015107839295219218,13,6,0.20816659994661327,2500,OLS_oracle,iid,False,5
3,8,8001,2,20001,True,102,False,100,0.9245281397826336,2.5894675911404192,0.5632764053123511,0.5346360073377606,0.973961446371423,1.0271293222087208,0.5007666340888736,0.0009408559641873299,13,6,0.20816659994661327,2500,OLS_oracle,iid,False,5
3,7,7001,27,270001,True,107,False,100,0.7770282139242266,2.8343485626392066,0.5454510014188336,0.5102051394036121,0.8509717511905736,1.037891969097744,0.46680751430807543,0.0011935214788876742,13,6,0.20816659994661327,2500,OLS_oracle,iid,False,5
2,8,8001,19,190001,True,217,False,100,0.8476754650208856,15.545687871985137,0.474803084480027,0.44816469503501644,0.8846738552366785,0.9259758195985651,0.5893313711499943,0.0009305674724990466,13,6,0.20816659994661327,2500,OLS_oracle,iid,False,5
3,2,2001,21,210001,True,171,False,100,0.8084603117799328,9.518001769203693,0.5333348730441528,0.5112150333465273,0.839261787243537,1.0554851181543492,0.5718451434060612,0.0010851488418822048,13,6,0.20816659994661327,2500,OLS_oracle,iid,False,5
3,7,7001,3,30001,True,154,False,100,0.922673366122412,4.019342746119946,0.46672243668523095,0.41457749422096235,0.9380593829381406,0.9726763509875314,0.4795526416935135,0.0043913320111421345,13,6,0.20816659994661327,2500,OLS_oracle,iid,False,5
3,6,6001,9,90001,True,193,False,100,0.8953736093115022,5.022989643737674,0.501196750360851,0.4574575410741474,0.9635378404954325,0.9608218072257959,0.5670685933206907,0.0016071060552362245,13,6,0.20816659994661327,2500,OLS_oracle,iid,False,5
3,7,7001,22,220001,True,122,False,100,0.7528364811080336,3.2288505318574607,0.47695031641124763,0.4288369423076187,0.9097175255752666,0.8890593254539605,0.5836432332479372,0.001005656787498666,13,6,0.20816659994661327,2500,OLS_oracle,iid,False,5
3,7,7001,6,60001,True,155,False,100,0.7309951493229003,3.981798942666501,0.5610342855294878,0.5367213736533943,1.1134000018927606,1.1879706395493204,0.5380202259181046,0.0009719438028061761,13,6,0.20816659994661327,2500,OLS_oracle,iid,False,5
3,6,6001,15,150001,True,182,False,100,0.9265435239350953,4.826412793714553,0.5261639483844458,0.48772397497458125,0.8605986682027257,1.1759422524243341,0.4679605079472826,0.0013860511040362715,13,6,0.20816659994661327,2500,OLS_oracle,iid,False,5
3,5,5001,15,150001,True,233,False,100,0.9265435239350953,6.063367233145982,0.49926866226645616,0.46216346520924334,0.9396627312322081,0.9768597993864301,0.5361672231794308,0.001449545716228368,13,6,0.20816659994661327,2500,OLS_oracle,iid,False,5
3,7,7001,16,160001,True,138,False,100,0.9064272971130153,3.834697251673788,0.49367181853604186,0.4484328295368075,0.858650920119097,0.9846240443743426,0.5544963869024084,0.0015151629425085961,13,6,0.20816659994661327,2500,OLS_oracle,iid,False,5
3,6,6001,4,40001,True,131,False,100,0.7846581871320228,5.530681018251926,0.5149534673265908,0.45595299490888885,1.085557947004363,0.9429440829948386,0.5872964357218237,0.0014101138410016446,13,6,0.20816659994661327,2500,OLS_oracle,iid,False,5
3,5,5001,23,230001,True,208,False,100,0.8588706917275976,6.089386875741184,0.4305938054562547,0.38504773744869014,0.7368970498670154,0.9696976216534123,0.5269421988505147,0.0018125886801315001,13,6,0.20816659994661327,2500,OLS_oracle,iid,False,5
3,7,7001,29,290001,True,111,False,100,0.7969099998499383,3.192704905755818,0.5570170101590137,0.5240430624438971,1.099978793607637,1.0565717791555367,0.48660583635872534,0.0014343361360734475,13,6,0.20816659994661327,2500,OLS_oracle,iid,False,5
3,8,8001,6,60001,True,116,False,100,0.7309951493229003,3.059492363128811,0.5655236114734205,0.5345308093460219,1.1105075168371508,1.0867760827693658,0.5370880426728067,0.0009564888416213629,13,6,0.20816659994661327,2500,OLS_oracle,iid,False,5
3,7,7001,20,200001,True,130,False,100,0.7769255038978906,3.893626152072102,0.5102604181035757,0.502444967656159,0.9747581546891222,1.0478058728720259,0.5602298186853919,0.0012646129654807757,13,6,0.20816659994661327,2500,OLS_oracle,iid,False,5
3,6,6001,5,50001,True,224,False,100,0.8490287847098211,5.899547371082008,0.41830097408201633,0.3660993839903648,0.7193365047102748,0.8493492402282463,0.6445059479324514,0.0009923656953287623,13,6,0.20816659994661327,2500,OLS_oracle,iid,False,5
3,7,7001,12,120001,True,165,False,100,0.9602988976342225,4.505739112850279,0.42401698422213197,0.3679411857540619,0.7396113721089251,0.8333591328560612,0.6291502835736302,0.0014338572010892383,13,6,0.20816659994661327,2500,OLS_oracle,iid,False,5
2,8,8001,0,1,True,247,False,100,0.7618382172975056,17.249883159063756,0.5173862128149521,0.5089041557250149,0.9022463953944401,1.1575738944716714,0.47367555364134756,0.001292206763707786,13,6,0.20816659994661327,2500,OLS_oracle,iid,False,5
3,5,5001,8,80001,True,121,False,100,0.7893747089092475,7.1442735167220235,0.5267633347853469,0.48269186311993934,1.0648395334592635,0.9377624402065186,0.6009225331393659,0.001004514928458909,13,6,0.20816659994661327,2500,OLS_oracle,iid,False,5
3,8,8001,21,210001,True,109,False,100,0.8084603117799328,2.8656979240477085,0.550893237212186,0.51575509181177,0.9977616889469091,1.0230957006169052,0.5602723832783295,0.0010745085641840231,13,6,0.20816659994661327,2500,OLS_oracle,iid,False,5
3,8,8001,8,80001,True,131,False,100,0.7893747089092475,3.5384270190261304,0.5459383658618797,0.5119547815010097,0.9769253025109643,1.0272622041372015,0.558548745141372,0.0010273299728321718,13,6,0.20816659994661327,2500,OLS_oracle,iid,False,5
3,8,8001,15,150001,True,119,False,100,0.9265435239350953,3.0508733838796616,0.5774242037510554,0.5522414115060291,0.9874071935219669,1.1607777404438901,0.3905248404367904,0.0013598006291206984,13,6,0.20816659994661327,2500,OLS_oracle,iid,False,5
3,6,6001,3,30001,True,242,False,100,0.922673366122412,6.344253292307258,0.315950559506597,0.2634758615396842,0.6302212509215551,0.8283980352215712,0.6156491853827177,0.004441891655580687,13,6,0.20816659994661327,2500,OLS_oracle,iid,False,5
3,8,8001,13,130001,True,127,False,100,0.70273688421089,3.3877884913235903,0.5361698109673074,0.4923835951835892,1.0318619322581901,0.949692800002422,0.5675947944934123,0.0011038718301714715,13,6,0.20816659994661327,2500,OLS_oracle,iid,False,5
3,5,5001,21,210001,True,120,False,100,0.8084603117799328,6.988275779876858,0.5809080082239867,0.5527240186862993,1.047193334765544,1.0182373056407101,0.5434086190028105,0.0010415792173454526,13,6,0.20816659994661327,2500,OLS_oracle,iid,False,5
3,8,8001,18,180001,True,99,False,100,0.8337458072174108,3.4341953797265887,0.47861895254385656,0.4302405516043845,0.8867877886768895,0.9453957391507991,0.5196468159023065,0.001167201622914261,13,6,0.20816659994661327,2500,OLS_oracle,iid,False,5
3,5,5001,16,160001,True,215,False,100,0.9064272971130153,7.6108976998366416,0.5121152838910696,0.47135796505322153,0.9824956424146388,1.0446565981263611,0.5541363365890424,0.0015297938457611744,13,6,0.20816659994661327,2500,OLS_oracle,iid,False,5
3,8,8001,5,50001,True,132,False,100,0.8490287847098211,4.266547316219658,0.6031028268087828,0.5757437198929334,0.9696393896172197,1.1233607161582364,0.5036554877110545,0.0009475238143316924,13,6,0.20816659994661327,2500,OLS_oracle,iid,False,5
3,9,9001,19,190001,True,100,False,100,0.8288766553414016,2.6300593451596797,0.5180111480096006,0.5199098122541401,0.9241762534837511,1.359557266672132,0.5443955427301511,0.0009767437888422881,13,6,0.20816659994661327,2500,OLS_oracle,iid,False,5
3,7,7001,14,140001,True,191,False,100,0.963199284990812,5.319296187721193,0.48010011505726463,0.43145856840632607,0.8591564249298775,1.0524146366738882,0.48791192800257327,0.0023658400813624516,13,6,0.20816659994661327,2500,OLS_oracle,iid,False,5
3,7,7001,0,1,True,233,False,100,0.7618382172975056,5.998984824866056,0.4349905841856564,0.3815667105741777,0.9774158382420748,0.9125586531403356,0.6018689282310485,0.0016555873223362474,13,6,0.20816659994661327,2500,OLS_oracle,iid,False,5
3,8,8001,3,30001,True,185,False,100,0.922673366122412,4.709342907182872,0.4544870938644288,0.4012401525128763,0.9284495877957678,0.9591012288023151,0.533856702071194,0.00437997398523135,13,6,0.20816659994661327,2500,OLS_oracle,iid,False,5
3,4,4001,3,30001,True,180,False,100,0.922673366122412,9.599294995889068,0.4525924871026752,0.3968123247767657,1.1979235198995515,1.0828709146615934,0.4455123468914297,0.004363013770731648,13,6,0.20816659994661327,2500,OLS_oracle,iid,False,5
3,6,6001,6,60001,True,108,False,100,0.7309951493229003,7.2196923601441085,0.5610222593959562,0.5302045454129364,1.1184538866992713,0.9905137359143925,0.5525004973762765,0.0009374348336371722,13,6,0.20816659994661327,2500,OLS_oracle,iid,False,5
4,0,1,4,40001,True,99,False,100,0.7846581871320228,2.2159101921133697,0.5243078925833378,0.47061807306036607,0.9588246095408728,1.1962678192756313,0.5162347056380971,0.0016323393958398407,13,6,0.20816659994661327,2500,OLS_oracle,iid,False,5
3,9,9001,0,1,True,158,False,100,0.7618382172975056,3.8443013508804142,0.4977319337095469,0.4595592886521234,1.0445387888141495,0.8856116059498623,0.6013114013489801,0.0015303600818330839,13,6,0.20816659994661327,2500,OLS_oracle,iid,False,5
3,8,8001,22,220001,True,129,False,100,0.7528364811080336,4.092756158206612,0.4973675083927098,0.45965993709581626,0.9644936682283708,0.9708298881961058,0.5603271386018258,0.0009982969003586165,13,6,0.20816659994661327,2500,OLS_oracle,iid,False,5
3,4,4001,10,100001,True,167,False,100,0.9189981573007079,9.498671691864729,0.466009673384447,0.4224002839941393,1.0095163602662296,0.8705823508115902,0.6069786932591434,0.0014398259719646726,13,6,0.20816659994661327,2500,OLS_oracle,iid,False,5
3,6,6001,19,190001,True,124,False,100,0.8288766553414016,6.9051767298951745,0.5357009371651206,0.49699720780611006,1.003171912910118,1.0160393623281476,0.5271992933546958,0.001011807511796758,13,6,0.20816659994661327,2500,OLS_oracle,iid,False,5
3,3,3001,5,50001,True,229,False,100,0.8490287847098211,11.240702230017632,0.540090138101259,0.5008404624223952,1.1622345838789574,1.2115905380976177,0.5181094042507063,0.00097395799577316,13,6,0.20816659994661327,2500,OLS_oracle,iid,False,5
3,9,9001,29,290001,True,105,False,100,0.7969099998499383,2.886950503103435,0.5702421860921617,0.5425042483896686,1.027125283937426,0.9667079475287401,0.5460726728666931,0.0014457723950344957,13,6,0.20816659994661327,2500,OLS_oracle,iid,False,5
3,8,8001,7,70001,True,191,False,100,0.8658879630482433,4.92069573700428,0.5204567519264292,0.48567553989155776,0.8101927419712434,1.0171285687062668,0.5709585156714948,0.0010336162530016665,13,6,0.20816659994661327,2500,OLS_oracle,iid,False,5
3,6,6001,13,130001,True,117,False,100,0.70273688421089,7.18465298274532,0.5208690603876577,0.4787327203169103,1.0261093506744057,1.0143599907465644,0.4946397544505282,0.001085203304047205,13,6,0.20816659994661327,2500,OLS_oracle,iid,False,5
3,7,7001,17,170001,True,229,False,100,0.7721309434333804,5.926703862845898,0.505009571768571,0.4445796826769335,0.9177652323899665,0.9960433831597294,0.5953586247046468,0.001177683527216865,13,6,0.20816659994661327,2500,OLS_oracle,iid,False,5
3,7,7001,28,280001,True,227,False,100,0.9117481397231634,5.416003867983818,0.4657198954874434,0.40605883517757557,1.0139658720101672,0.88397681654754,0.6338275191528632,0.0019326561649226541,13,6,0.20816659994661327,2500,OLS_oracle,iid,False,5
3,3,3001,18,180001,True,212,False,100,0.8337458072174108,10.93621694529429,0.498036493442978,0.45525340378101126,0.9472509032345423,0.890108951857376,0.606678429136059,0.0011728295562729964,13,6,0.20816659994661327,2500,OLS_oracle,iid,False,5
3,9,9001,26,260001,True,140,False,100,0.792281736594413,3.3402600530534983,0.49603582085341424,0.45486003400807423,0.8714476275839607,0.9479567288571704,0.5789271936432161,0.0011618092691531852,13,6,0.20816659994661327,2500,OLS_oracle,iid,False,5
4,0,1,13,130001,True,106,False,100,0.70273688421089,2.459968082141131,0.48018581399913934,0.42036477063527045,1.0094992602186255,0.9338169877916866,0.6023167268633204,0.0014661620175395857,13,6,0.20816659994661327,2500,OLS_oracle,iid,False,5
3,9,9001,9,90001,True,153,False,100,0.8953736093115022,3.8095368910580873,0.4870879257199224,0.44292420194366416,1.0334783856915166,0.9753421319439504,0.5508290620070169,0.0016135411982900025,13,6,0.20816659994661327,2500,OLS_oracle,iid,False,5
3,8,8001,14,140001,True,179,False,100,0.963199284990812,4.725021607242525,0.4626807241679933,0.4041011493082036,0.8502282563102415,0.9993786952105511,0.5527946703716251,0.002420278791102502,13,6,0.20816659994661327,2500,OLS_oracle,iid,False,5
3,6,6001,18,180001,True,131,False,100,0.8337458072174108,7.240172795020044,0.48980964868405946,0.4368237493793222,0.8695364254008996,0.9535294365221537,0.5866887047804498,0.0011569246180239976,13,6,0.20816659994661327,2500,OLS_oracle,iid,False,5
3,4,4001,20,200001,True,244,False,100,0.7769255038978906,9.544071590993553,0.4211640033339585,0.3647931547350582,0.8772770056980393,0.8617778320977647,0.5847456153567708,0.0013243351010223355,13,6,0.20816659994661327,2500,OLS_oracle,iid,False,5
3,8,8001,11,110001,True,193,False,100,0.9584297398558851,5.1191444508731365,0.4384236849638592,0.38765395365050437,0.8773163182989467,0.9410830342939647,0.501896286209537,0.002002615474787574,13,6,0.20816659994661327,2500,OLS_oracle,iid,False,5
3,5,5001,26,260001,True,125,False,100,0.792281736594413,8.383831582032144,0.49750320651714114,0.4518380243325571,0.9821377260228119,0.9391885404054605,0.608237310426739,0.0011604950403355863,13,6,0.20816659994661327,2500,OLS_oracle,iid,False,5
3,3,3001,14,140001,True,208,False,100,0.963199284990812,11.358907476998866,0.4444247378157283,0.3702612445738626,0.8295723136658653,1.2813777406573599,0.5601798950688327,0.002422048156857212,13,6,0.20816659994661327,2500,OLS_oracle,iid,False,5
4,0,1,14,140001,True,123,False,100,0.963199284990812,2.7783977049402893,0.5340667214888986,0.5196710133908587,0.8688698823457218,1.0391111175289796,0.5295681136045693,0.0031440194501317457,13,6,0.20816659994661327,2500,OLS_oracle,iid,False,5
3,7,7001,23,230001,True,226,False,100,0.8588706917275976,6.15823387214914,0.49014031501361877,0.43545566610954717,1.000204626978303,1.0227938060705195,0.5251777088789886,0.0017641001648957646,13,6,0.20816659994661327,2500,OLS_oracle,iid,False,5
3,9,9001,6,60001,True,167,False,100,0.7309951493229003,4.469967212993652,0.5311722210743708,0.4938196431065425,1.0003339705670957,1.0627100390246222,0.5226215961302197,0.0009539660547156838,13,6,0.20816659994661327,2500,OLS_oracle,iid,False,5
4,0,1,21,210001,True,103,False,100,0.8084603117799328,2.6362577970139682,0.4958310463616988,0.4476305956763819,0.9584865402981165,0.9537827718660468,0.5782172809011258,0.0032089591931310766,13,6,0.20816659994661327,2500,OLS_oracle,iid,False,5
4,0,1,2,20001,True,129,False,100,0.9245281397826336,3.489804540760815,0.4654268671620467,0.40148148350689106,0.9879766320269956,0.9215582489690183,0.5890334563653029,0.0012741024553234823,13,6,0.20816659994661327,2500,OLS_oracle,iid,False,5
3,7,7001,15,150001,True,106,False,100,0.9265435239350953,6.886007572058588,0.4335135202871973,0.39925968145925034,0.7756023872107344,0.8287885179148455,0.6203926743017669,0.0014278896141532978,13,6,0.20816659994661327,2500,OLS_oracle,iid,False,5
3,8,8001,1,10001,True,162,False,100,0.8537373888613078,6.063930457923561,0.5329316405492918,0.48585890676386195,1.0050049657015192,1.068541061976391,0.48200827833069015,0.0021047037003356084,13,6,0.20816659994661327,2500,OLS_oracle,iid,False,5
3,7,7001,19,190001,True,178,False,100,0.8288766553414016,6.765094091650099,0.5389278259863075,0.5024338809696505,1.1033218698983718,0.9148871388761901,0.5924724680562654,0.000999926192168548,13,6,0.20816659994661327,2500,OLS_oracle,iid,False,5
3,5,5001,20,200001,True,132,False,100,0.7769255038978906,9.276740562636405,0.5008156924755957,0.45797577219519364,0.9423476653049468,0.9257415341838525,0.5678036919016782,0.0012516555908711163,13,6,0.20816659994661327,2500,OLS_oracle,iid,False,5
3,9,9001,22,220001,True,149,False,100,0.7528364811080336,4.367011191789061,0.5202413748699459,0.4829636848873493,0.8856000374080102,0.978644580599641,0.5849163965599727,0.0010140042392748289,13,6,0.20816659994661327,2500,OLS_oracle,iid,False,5
4,0,1,15,150001,True,144,False,100,0.9265435239350953,3.3875198429450393,0.48464523480200244,0.4260752220897573,0.9120178323350844,0.9267424303734065,0.6098538902694446,0.0016690742986054568,13,6,0.20816659994661327,2500,OLS_oracle,iid,False,5
3,9,9001,10,100001,True,170,False,100,0.9189981573007079,4.627252857200801,0.4921051520105878,0.44487913282298774,1.0113729866761876,0.9434721465281728,0.5833772318025346,0.0014571457880728582,13,6,0.20816659994661327,2500,OLS_oracle,iid,False,5
3,8,8001,10,100001,True,199,False,100,0.9189981573007079,6.053736114874482,0.41592103884551496,0.37075029398067055,0.7897947711876956,0.8498688852328522,0.6318255204687087,0.0014845371433545816,13,6,0.20816659994661327,2500,OLS_oracle,iid,False,5
3,5,5001,28,280001,True,251,False,100,0.9117481397231634,9.130475854035467,0.4748720769886965,0.4398698111247317,0.9307309227115792,1.1117397408228384,0.5436077460981301,0.001918842842537244,13,6,0.20816659994661327,2500,OLS_oracle,iid,False,5
4,0,1,12,120001,True,133,False,100,0.8520100870002809,3.516686966177076,0.5084505109754119,0.44618050633798045,0.9607037969280058,0.9959685341486888,0.5183374737050733,0.001496689993576085,13,6,0.20816659994661327,2500,OLS_oracle,iid,False,5
4,0,1,5,50001,True,113,False,100,0.8490287847098211,3.5813743700273335,0.48214403919953863,0.4140538649593853,0.9351558953150142,0.8763971887714189,0.6248602700733171,0.0010862770614092942,13,6,0.20816659994661327,2500,OLS_oracle,iid,False,5
3,9,9001,23,230001,True,150,False,100,0.8588706917275976,4.489556785672903,0.4617266296566507,0.4095378666444499,0.8366229081243716,0.9397594403208579,0.5856242060231643,0.001759960471354719,13,6,0.20816659994661327,2500,OLS_oracle,iid,False,5
4,1,1001,0,1,True,112,False,100,0.7618382172975056,2.5745693929493427,0.44368654157650905,0.36901024292886053,0.8478041247287303,0.9516073759792201,0.5587580348820664,0.0016411320102621503,13,6,0.20816659994661327,2500,OLS_oracle,iid,False,5
4,0,1,20,200001,True,128,False,100,0.7769255038978906,3.2369213858619332,0.48760572610738684,0.4253391801923192,1.0979134199236196,0.9853694583979661,0.5937371422082813,0.0016292308068291954,13,6,0.20816659994661327,2500,OLS_oracle,iid,False,5
4,0,1,7,70001,True,163,False,100,0.8658879630482433,3.86879700794816,0.4900613251791587,0.42714343852092046,1.0071339762024922,0.9940274738447444,0.5792769989027289,0.0012448729268757504,13,6,0.20816659994661327,2500,OLS_oracle,iid,False,5
3,9,9001,3,30001,True,190,False,100,0.922673366122412,5.384917113929987,0.4000922583661778,0.34924569462540955,0.8249147542805785,0.9318474254106748,0.5203434805280533,0.004405640323860444,13,6,0.20816659994661327,2500,OLS_oracle,iid,False,5
4,0,1,26,260001,True,115,False,100,0.792281736594413,2.7901780931279063,0.49486038913011765,0.4347795160570872,0.8459968384716172,0.931918858964266,0.5969053323691043,0.0013484044948312232,13,6,0.20816659994661327,2500,OLS_oracle,iid,False,5
3,9,9001,24,240001,True,167,False,100,0.881706198732095,4.655308041255921,0.5648771122298457,0.5382277695968051,1.0044658286832227,1.138458327662219,0.5453555675253241,0.0013934620206892125,13,6,0.20816659994661327,2500,OLS_oracle,iid,False,5
3,7,7001,4,40001,True,122,False,100,0.7846581871320228,7.8528022011742,0.4718518071208291,0.4232339417500554,0.8243468916094627,0.9283128017637401,0.599527253016468,0.0014524555284254636,13,6,0.20816659994661327,2500,OLS_oracle,iid,False,5
3,7,7001,25,250001,True,255,False,100,0.9201883798541622,6.937623761128634,0.5367098254540967,0.5012801855832207,0.9973716442550794,1.0321161039472213,0.5699591526958503,0.0015244772837113283,13,6,0.20816659994661327,2500,OLS_oracle,iid,False,5
3,8,8001,17,170001,True,128,False,100,0.7721309434333804,5.93282689480111,0.5299897156421272,0.48277583348169356,0.9868478418253087,0.9323657709410502,0.5846068676269168,0.001140764657192561,13,6,0.20816659994661327,2500,OLS_oracle,iid,False,5
4,0,1,29,290001,True,107,False,100,0.7969099998499383,2.9219484296627343,0.49899285894304446,0.43639999910090455,0.902683004152751,1.030889365823215,0.5116652349237597,0.0018562534742540856,13,6,0.20816659994661327,2500,OLS_oracle,iid,False,5
3,9,9001,21,210001,True,168,False,100,0.8084603117799328,4.927327673882246,0.5300452348868936,0.5066254199412492,0.9925489988408376,1.0352435846819872,0.5837587197918959,0.0010577584142286794,13,6,0.20816659994661327,2500,OLS_oracle,iid,False,5
3,8,8001,24,240001,True,134,False,100,0.881706198732095,5.855141252744943,0.5494716138990083,0.5164978307935122,0.8443806707690086,1.0574158803863436,0.514171409543493,0.0014282301607147067,13,6,0.20816659994661327,2500,OLS_oracle,iid,False,5
4,0,1,9,90001,True,163,False,100,0.8953736093115022,4.0451324209570885,0.5092063020085038,0.45829788126777654,1.057547165054674,39.393331896492846,0.5418462793759051,0.001972473891078915,13,6,0.20816659994661327,2500,OLS_oracle,iid,False,5
4,0,1,28,280001,True,128,False,100,0.8805932479718181,3.033705638255924,0.47258119517094205,0.4074257610673412,1.0182832660857004,1.0022167623723244,0.5199089147336846,0.002872838688655127,13,6,0.20816659994661327,2500,OLS_oracle,iid,False,5
3,7,7001,11,110001,True,289,False,100,0.9584297398558851,7.931378012988716,0.3973489221342887,0.34359423617564266,0.8243810663271309,0.7881761536951422,0.6432252774800848,0.00207004726152443,13,6,0.20816659994661327,2500,OLS_oracle,iid,False,5
3,7,7001,18,180001,True,135,False,100,0.8337458072174108,7.612048159819096,0.49562135671296226,0.45518483552764244,0.9444225680210974,0.9935400361310398,0.543651479053213,0.0011771196975179075,13,6,0.20816659994661327,2500,OLS_oracle,iid,False,5
3,9,9001,1,10001,True,205,False,100,0.8537373888613078,5.82152195321396,0.41979043846046066,0.3692472877726654,0.7423060134601094,0.9227518135133556,0.6186717353823515,0.002157101336618782,13,6,0.20816659994661327,2500,OLS_oracle,iid,False,5
3,2,2001,10,100001,True,329,False,100,0.9189981573007079,14.31772667588666,0.44209131226005827,0.38321536521425364,0.9994363430418403,0.9295974609307687,0.6217309345297484,0.0015244812522792793,13,6,0.20816659994661327,2500,OLS_oracle,iid,False,5
3,6,6001,20,200001,True,333,False,100,0.7769255038978906,8.732084780931473,0.4797890560210264,0.4130388419312857,0.9183644129454307,0.9723675023139325,0.5692771060975806,0.0013509930698692282,13,6,0.20816659994661327,2500,OLS_oracle,iid,False,5
4,0,1,0,1,True,195,False,100,0.7618382172975056,4.786606261972338,0.45169712796579276,0.3892074528756817,0.8365518311710078,0.9506390730272484,0.6341396830643707,0.0016808891929619757,13,6,0.20816659994661327,2500,OLS_oracle,iid,False,5
3,4,4001,11,110001,True,192,False,100,0.9584297398558851,11.550854992121458,0.52934442212209,0.48833816641112016,0.9673225961536306,1.099340502686201,0.4936490399688994,0.002017531743047831,13,6,0.20816659994661327,2500,OLS_oracle,iid,False,5
4,0,1,17,170001,True,150,False,100,0.7721309434333804,4.032690389081836,0.4869746796516242,0.41725354503374523,1.0563850274843025,0.9273868972759877,0.5997234517990704,0.0016940020783295802,13,6,0.20816659994661327,2500,OLS_oracle,iid,False,5
3,9,9001,15,150001,True,195,False,100,0.9265435239350953,5.349866617005318,0.5799886964211479,0.5490517860932326,0.945135711466079,1.2213654380489793,0.45288850595484326,0.0013875212074547936,13,6,0.20816659994661327,2500,OLS_oracle,iid,False,5
4,0,1,11,110001,True,190,False,100,0.8946748429429501,4.2038882919587195,0.39401184161290287,0.33264465851438424,0.7650469029556398,0.836924153582918,0.6532815574805654,0.002089582052301371,13,6,0.20816659994661327,2500,OLS_oracle,iid,False,5
4,1,1001,8,80001,True,124,False,100,0.7893747089092475,2.49699221085757,0.45392428461998846,0.3854150808113092,1.253888096257073,0.9448284536059073,0.6331849517402097,0.0011065855719539597,13,6,0.20816659994661327,2500,OLS_oracle,iid,False,5
4,0,1,1,10001,True,206,False,100,0.8537373888613078,4.83580911392346,0.4961750837505978,0.4290655334592961,1.0959393570542177,0.9962786546827402,0.5791000582551463,0.0024938267900660067,13,6,0.20816659994661327,2500,OLS_oracle,iid,False,5
3,8,8001,27,270001,True,224,False,100,0.7770282139242266,6.239280981011689,0.5035412958544899,0.4659388136764796,0.9214671718687067,1.0039320594360417,0.5587143227892918,0.0012949044069238544,13,6,0.20816659994661327,2500,OLS_oracle,iid,False,5
3,9,9001,14,140001,True,162,False,100,0.963199284990812,5.524578256066889,0.45074741998971346,0.3935770501275006,0.9387267518410046,0.9100268699323459,0.607880259491358,0.002394192648931786,13,6,0.20816659994661327,2500,OLS_oracle,iid,False,5
3,9,9001,12,120001,True,190,False,100,0.9602988976342225,5.5957298702560365,0.45851943689183006,0.41032070094950995,0.8022600728381363,0.973006778520344,0.5721717929984178,0.0014345526926077094,13,6,0.20816659994661327,2500,OLS_oracle,iid,False,5
4,1,1001,6,60001,True,101,False,100,0.7309951493229003,2.8490670127794147,0.46129143977712184,0.3979854581159554,0.8840465914328558,0.943961180081631,0.5828208193085697,0.0010431358252633112,13,6,0.20816659994661327,2500,OLS_oracle,iid,False,5
4,0,1,22,220001,True,153,False,100,0.7528364811080336,3.903312040027231,0.5280537988638669,0.4627104023219475,1.0259543127568826,1.070601337264996,0.5318906335749516,0.0013181872306093638,13,6,0.20816659994661327,2500,OLS_oracle,iid,False,5
3,7,7001,7,70001,True,307,False,100,0.8658879630482433,8.57730750227347,0.5436035764747923,0.5088175815927068,0.9558020578388107,1.1120005501632826,0.5361537889825321,0.001085852089301958,13,6,0.20816659994661327,2500,OLS_oracle,iid,False,5
4,0,1,16,160001,True,179,False,100,0.9064272971130153,4.422384594101459,0.4026093742841262,0.33764842035797477,0.9776943191024489,0.9726189140489337,0.5768255448696401,0.003594569864189433,13,6,0.20816659994661327,2500,OLS_oracle,iid,False,5
3,6,6001,10,100001,True,371,False,100,0.9189981573007079,9.790811374783516,0.33180008540301104,0.29001527167352115,0.569681977505479,0.8118662278731907,0.6584894917824897,0.0015302302383211164,13,6,0.20816659994661327,2500,OLS_oracle,iid,False,5
3,9,9001,18,180001,True,162,False,100,0.8337458072174108,5.845477905124426,0.511477787060116,0.4652444939912537,0.9215453659206386,1.0735136554254812,0.48299038851711973,0.0011677959731673708,13,6,0.20816659994661327,2500,OLS_oracle,iid,False,5
3,8,8001,0,1,True,283,False,100,0.7618382172975056,7.775866433046758,0.4547767530580063,0.40316881691617656,0.8243517662232298,0.9786068595070041,0.6032496560788301,0.0016302221145221192,13,6,0.20816659994661327,2500,OLS_oracle,iid,False,5
3,9,9001,7,70001,True,152,False,100,0.8658879630482433,6.406391472090036,0.549610091451971,0.5160665178247392,0.923738907010089,1.0908653652936229,0.5202462632376704,0.0010284788986371822,13,6,0.20816659994661327,2500,OLS_oracle,iid,False,5
4,0,1,18,180001,True,183,False,100,0.8337458072174108,4.683305034879595,0.4485793155774985,0.3773955939189211,0.8193414521348227,0.9681515982423308,0.5663648456985864,0.0018211228541703212,13,6,0.20816659994661327,2500,OLS_oracle,iid,False,5
4,1,1001,12,120001,True,118,False,100,0.8520100870002809,2.8875921270810068,0.5166274954822232,0.4595403001944487,1.015397267330619,1.019300379557035,0.5386640987035624,0.0014537844165726254,13,6,0.20816659994661327,2500,OLS_oracle,iid,False,5
3,9,9001,16,160001,True,239,False,100,0.9064272971130153,6.0555196879431605,0.5064641918522549,0.46775162089887484,0.9072562414377139,1.0802319956715325,0.5425008672541954,0.0015557369852752074,13,6,0.20816659994661327,2500,OLS_oracle,iid,False,5
3,8,8001,4,40001,True,290,False,100,0.7846581871320228,7.838880492839962,0.45722055232967523,0.3922879185673122,0.9742510792202015,0.9112537673704402,0.5936237779581045,0.001489793332058443,13,6,0.20816659994661327,2500,OLS_oracle,iid,False,5
3,6,6001,1,10001,True,209,False,100,0.8537373888613078,10.580441338010132,0.49382525830423524,0.44865270588960293,1.0376190391952662,1.1669687253909529,0.4288146541141922,0.002162187526535613,13,6,0.20816659994661327,2500,OLS_oracle,iid,False,5
3,7,7001,9,90001,True,323,False,100,0.8953736093115022,8.99219040805474,0.4330927677752638,0.38530964192456046,0.8234340077403883,0.9446613399220991,0.6376802743527766,0.0016429196211298494,13,6,0.20816659994661327,2500,OLS_oracle,iid,False,5
4,1,1001,11,110001,True,118,False,100,0.8946748429429501,3.17676832806319,0.49384802009062734,0.42979036348277594,0.8921511766851997,1.1242845313170489,0.41565892439156116,0.00203721863521016,13,6,0.20816659994661327,2500,OLS_oracle,iid,False,5
4,0,1,8,80001,True,113,False,100,0.7893747089092475,5.3361209677532315,0.5628163486353001,0.5173850898441847,1.0049741035446638,1.1713121526858528,0.5070236532785031,0.00110521244809797,13,6,0.20816659994661327,2500,OLS_oracle,iid,False,5
4,1,1001,7,70001,True,122,False,100,0.8658879630482433,3.4236446702852845,0.5600273335699609,0.5106146255204246,1.0317557879037573,1.0850357701360753,0.5389080178171856,0.0012114596361611544,13,6,0.20816659994661327,2500,OLS_oracle,iid,False,5
3,8,8001,28,280001,True,260,False,100,0.9117481397231634,7.117994816973805,0.48227294743969124,0.43295528217500845,1.116586888524422,0.9197976619483266,0.598128863197659,0.00190552059990268,13,6,0.20816659994661327,2500,OLS_oracle,iid,False,5
4,0,1,10,100001,True,236,False,100,0.9189981573007079,5.425556617323309,0.46635407764431985,0.39792062891957236,0.8103574847107688,0.9964650792225274,0.6112436534239014,0.001959091263671649,13,6,0.20816659994661327,2500,OLS_oracle,iid,False,5
4,1,1001,21,210001,True,106,False,100,0.8084603117799328,2.993682678323239,0.46374450006601514,0.40541315270392564,1.1392089248410708,0.9801073618069438,0.5876444825565247,0.0031326208264652747,13,6,0.20816659994661327,2500,OLS_oracle,iid,False,5
4,2,2001,6,60001,True,107,False,100,0.7309951493229003,2.2917640917003155,0.5413302251742257,0.48625405301802893,0.9316664197551581,1.0057391686355825,0.5709024792386939,0.0010596818385387528,13,6,0.20816659994661327,2500,OLS_oracle,iid,False,5
4,1,1001,13,130001,True,112,False,100,0.70273688421089,3.3109988407231867,0.5190061980146723,0.46039149359798787,0.8307971575217673,1.0400914515491748,0.5200254142413393,0.0014680227420970982,13,6,0.20816659994661327,2500,OLS_oracle,iid,False,5
4,1,1001,4,40001,True,138,False,100,0.7846581871320228,3.9102508439682424,0.4378945014661995,0.3749674089724323,0.7668197760768761,0.8375188849202109,0.6488999067817794,0.0015816354949375108,13,6,0.20816659994661327,2500,OLS_oracle,iid,False,5
4,0,1,6,60001,True,195,False,100,0.7309951493229003,5.764132298063487,0.5122996882887038,0.45568616929907346,0.9322223485452803,1.066611167023174,0.5601976387340499,0.0010947806804607642,13,6,0.20816659994661327,2500,OLS_oracle,iid,False,5
3,9,9001,25,250001,True,233,False,100,0.9201883798541622,6.6224892772734165,0.4706284437383756,0.41362200136024263,1.1916376062762428,1.529736581536573,0.5173506790171697,0.0014960323826706215,13,6,0.20816659994661327,2500,OLS_oracle,iid,False,5
4,1,1001,5,50001,True,164,False,100,0.8490287847098211,4.12746614869684,0.509833946322253,0.4730972271505533,0.8886907236024225,0.9375975309869337,0.6041656472995611,0.0010821506998732447,13,6,0.20816659994661327,2500,OLS_oracle,iid,False,5
4,1,1001,29,290001,True,125,False,100,0.7969099998499383,3.1025845129042864,0.4750941271301422,0.40974800495932906,0.8953580824100907,1.0378491985908544,0.4965301224768054,0.0018593154021383268,13,6,0.20816659994661327,2500,OLS_oracle,iid,False,5
3,8,8001,26,260001,True,166,False,100,0.792281736594413,7.614472706336528,0.5615166896292274,0.5463699830811362,1.1416541158092754,0.9763971095848412,0.5292456808820594,0.0011972039761534452,13,6,0.20816659994661327,2500,OLS_oracle,iid,False,5
4,1,1001,22,220001,True,90,False,100,0.7528364811080336,3.4249976272694767,0.49784977597413904,0.4330560898756846,0.9423980422115732,0.9467017060535636,0.5972353480341908,0.0012873496722585552,13,6,0.20816659994661327,2500,OLS_oracle,iid,False,5
3,8,8001,25,250001,True,163,False,100,0.9201883798541622,7.8186665256507695,0.4665126286297178,0.4160877076298877,0.9849423238509942,0.9835058330536338,0.5383368881182521,0.0014860802059604274,13,6,0.20816659994661327,2500,OLS_oracle,iid,False,5
3,3,3001,11,110001,True,333,False,100,0.9584297398558851,14.668846438173205,0.35752598766901794,0.2900992318395926,0.7249858632252095,0.9436459899524701,0.5569133297351374,0.0021243991131426683,13,6,0.20816659994661327,2500,OLS_oracle,iid,False,5
3,8,8001,12,120001,True,234,False,100,0.9602988976342225,8.428171750158072,0.5234666493715676,0.4841694821779638,1.114796514717003,1.178693316943815,0.5625467163988167,0.0014517683717645744,13,6,0.20816659994661327,2500,OLS_oracle,iid,False,5
3,8,8001,23,230001,True,287,False,100,0.8588706917275976,7.907061473932117,0.48349294723781494,0.43215704837601265,0.8509123283995873,3.904315398348578,0.5538258982887906,0.0018501349846977585,13,6,0.20816659994661327,2500,OLS_oracle,iid,False,5
4,1,1001,27,270001,True,124,False,100,0.7588206389274482,3.4165176479145885,0.5182071069348048,0.48764851805953274,0.8195469987827715,0.9399286290199179,0.5824917976466029,0.0013977624335614679,13,6,0.20816659994661327,2500,OLS_oracle,iid,False,5
4,2,2001,19,190001,True,105,False,100,0.8288766553414016,2.3509644493460655,0.5343864669591697,0.47454379696478843,1.0544035685741866,1.0525230586642182,0.5418484844784835,0.0010552154316376613,13,6,0.20816659994661327,2500,OLS_oracle,iid,False,5
3,9,9001,2,20001,True,298,False,100,0.9245281397826336,7.75703566102311,0.4692287540643313,0.42251382569069407,0.8354774862115113,0.851990407924618,0.629531847804284,0.0009765935248797885,13,6,0.20816659994661327,2500,OLS_oracle,iid,False,5
3,9,9001,28,280001,True,237,False,100,0.9117481397231634,6.748566539026797,0.3101734634635543,0.2526431703969657,0.6079014663313029,0.8001233435725498,0.6800412164426867,0.0019250620589105916,13,6,0.20816659994661327,2500,OLS_oracle,iid,False,5
3,9,9001,13,130001,True,283,False,100,0.70273688421089,7.216058143880218,0.5415588497787732,0.5141534379384056,0.9272971922998058,1.0329405936352039,0.5512928782741161,0.0011516067696994677,13,6,0.20816659994661327,2500,OLS_oracle,iid,False,5
4,1,1001,26,260001,True,141,False,100,0.792281736594413,3.5858469479717314,0.5176279881871889,0.46121521267475063,0.9002861353103035,0.9898430737133503,0.5711546137920984,0.0013442683483326674,13,6,0.20816659994661327,2500,OLS_oracle,iid,False,5
4,2,2001,4,40001,True,139,False,100,0.7846581871320228,3.150579437147826,0.4193703899818783,0.34414001488147544,1.0854903485322163,0.8387970115893351,0.6669857706895288,0.001633690240993405,13,6,0.20816659994661327,2500,OLS_oracle,iid,False,5
3,4,4001,12,120001,True,195,False,100,0.9602988976342225,13.479875241871923,0.4726408862149187,0.42513122437128126,0.9296772535863491,0.9315491347197415,0.5964950999997944,0.0014154880716168846,13,6,0.20816659994661327,2500,OLS_oracle,iid,False,5
4,2,2001,28,280001,True,101,False,100,0.8805932479718181,2.2727556717582047,0.49631072243426366,0.43675717230828603,1.1253390135095964,1.0146791776624546,0.5539613062319705,0.002828072907360433,13,6,0.20816659994661327,2500,OLS_oracle,iid,False,5
4,1,1001,28,280001,True,129,False,100,0.8805932479718181,3.602543979883194,0.4735344316688214,0.38611446486264894,0.9927910639719405,0.8830585686049416,0.6189844590680725,0.0028266405940730655,13,6,0.20816659994661327,2500,OLS_oracle,iid,False,5
3,9,9001,4,40001,True,156,False,100,0.7846581871320228,7.864772146102041,0.4909017232372078,0.4545719518222874,0.8435944577540676,1.001274274811194,0.5131808074198139,0.0014243848879447922,13,6,0.20816659994661327,2500,OLS_oracle,iid,False,5
4,0,1,27,270001,True,214,False,100,0.7588206389274482,5.296949100214988,0.45758114191222565,0.38869952782255895,1.0114754970039121,0.8479924443333314,0.6318545571636914,0.0014592384858622845,13,6,0.20816659994661327,2500,OLS_oracle,iid,False,5
4,2,2001,16,160001,True,122,False,100,0.9064272971130153,2.7610734892077744,0.523507788774161,0.45953860450948597,1.0958053542405473,1.093596740005198,0.4776804886296828,0.0035282346871887203,13,6,0.20816659994661327,2500,OLS_oracle,iid,False,5
4,2,2001,20,200001,True,122,False,100,0.7769255038978906,2.720618564169854,0.4686176513254857,0.39496876488298527,0.816684056762339,1.058459401879552,0.5367857882036762,0.0016319937843745076,13,6,0.20816659994661327,2500,OLS_oracle,iid,False,5
3,9,9001,20,200001,True,262,False,100,0.7769255038978906,7.3722864291630685,0.4807772150597943,0.41447721913400903,1.0700424071892,1.1751593489124745,0.580300754832088,0.0013571354502312709,13,6,0.20816659994661327,2500,OLS_oracle,iid,False,5
3,4,4001,26,260001,True,185,False,100,0.792281736594413,13.101904625073075,0.5040140496843902,0.46597947134622425,0.9621721394811238,1.0162316927258015,0.5748461487839592,0.0011980680478735726,13,6,0.20816659994661327,2500,OLS_oracle,iid,False,5
4,1,1001,18,180001,True,186,False,100,0.8337458072174108,4.149381530936807,0.4902879833811844,0.4236670667405698,0.9532807503227686,0.8857034621459513,0.6122019939603314,0.001707523883017191,13,6,0.20816659994661327,2500,OLS_oracle,iid,False,5
4,2,2001,8,80001,True,130,False,100,0.7893747089092475,3.2309258920140564,0.4674543590801342,0.4097549147596676,0.7807350372263927,0.9470407497605812,0.5496107721073934,0.001108864876260118,13,6,0.20816659994661327,2500,OLS_oracle,iid,False,5
4,1,1001,23,230001,True,160,False,100,0.8588706917275976,3.997228897176683,0.5091897591906053,0.44905193036184377,1.1274457678343002,0.9875753827856912,0.5724930949989465,0.0025109187469913737,13,6,0.20816659994661327,2500,OLS_oracle,iid,False,5
4,3,3001,16,160001,True,105,False,100,0.9064272971130153,2.147513823118061,0.5129007276821325,0.4507712500374824,0.7763973313088325,1.0123445731597476,0.5112793372161384,0.003497162330952067,13,6,0.20816659994661327,2500,OLS_oracle,iid,False,5
4,2,2001,26,260001,True,124,False,100,0.792281736594413,2.7672939696349204,0.5063449418440703,0.44555029188791334,0.8773389413768631,1.068091969403388,0.5116239051894828,0.0013152674900467744,13,6,0.20816659994661327,2500,OLS_oracle,iid,False,5
4,3,3001,13,130001,True,90,False,100,0.70273688421089,2.2986803660169244,0.5518266459616128,0.49765431097736446,1.0114615310742296,1.1072885145545897,0.4513063237027063,0.0014069962478854823,13,6,0.20816659994661327,2500,OLS_oracle,iid,False,5
4,3,3001,5,50001,True,118,False,100,0.8490287847098211,2.6438593436032534,0.5070909208081372,0.4424589344228516,1.0603124966793545,0.9650833372105948,0.596539027234675,0.0010776021429183197,13,6,0.20816659994661327,2500,OLS_oracle,iid,False,5
3,6,6001,27,270001,True,361,False,100,0.7770282139242266,11.025811024010181,0.46366134950671295,0.4205772670564834,0.8031063360468427,0.9796891004918054,0.599444023602602,0.0013042978832356344,13,6,0.20816659994661327,2500,OLS_oracle,iid,False,5
4,0,1,23,230001,True,261,False,100,0.8588706917275976,6.087530572898686,0.44702616536718154,0.38043247340325037,1.1006104149436309,0.9200309678033824,0.611037483744883,0.0026282162801054484,13,6,0.20816659994661327,2500,OLS_oracle,iid,False,5
4,3,3001,11,110001,True,123,False,100,0.8946748429429501,2.517484314739704,0.48531790722585233,0.43468411073834645,1.1628399159906688,1.111965234820765,0.4681672329320013,0.0021157784149691593,13,6,0.20816659994661327,2500,OLS_oracle,iid,False,5
3,8,8001,29,290001,True,164,False,100,0.7969099998499383,8.656545308884233,0.5641948347796172,0.5326085359464202,1.0368603195136736,1.0711781727024137,0.4686044453896224,0.001453590245701211,13,6,0.20816659994661327,2500,OLS_oracle,iid,False,5
4,2,2001,21,210001,True,143,False,100,0.8084603117799328,3.2338799349963665,0.5125911959455843,0.4542395952888035,0.9891178722436018,1.08970519991785,0.504126740668128,0.0032171939365413364,13,6,0.20816659994661327,2500,OLS_oracle,iid,False,5
4,1,1001,16,160001,True,117,False,100,0.9064272971130153,4.625439494848251,0.48218563296819344,0.41376806698789953,0.8531523066202135,1.0108025337477382,0.46919010258407595,0.0035546012262985412,13,6,0.20816659994661327,2500,OLS_oracle,iid,False,5
4,2,2001,24,240001,True,147,False,100,0.881706198732095,3.213838554918766,0.5071313300009277,0.4485243075332536,0.8637789692345037,0.9899721345694085,0.592460169644648,0.0016137653758871871,13,6,0.20816659994661327,2500,OLS_oracle,iid,False,5
4,3,3001,8,80001,True,125,False,100,0.7893747089092475,2.759135158266872,0.52280805882678,0.46482614562783325,0.8869529190019738,0.99196147554656,0.5400921456451497,0.001107772378671278,13,6,0.20816659994661327,2500,OLS_oracle,iid,False,5
3,8,8001,19,190001,True,191,False,100,0.8288766553414016,8.952587054111063,0.5518463527290256,0.5328228005690259,0.9110824336274251,1.0731897726124893,0.5383155092439142,0.001009063824473208,13,6,0.20816659994661327,2500,OLS_oracle,iid,False,5
3,6,6001,11,110001,True,209,False,100,0.9584297398558851,12.119420357048512,0.41027710271112894,0.34393756174849216,1.0188513472798397,0.8414229130587886,0.6520020246079461,0.0020894546303506824,13,6,0.20816659994661327,2500,OLS_oracle,iid,False,5
4,3,3001,15,150001,True,120,False,100,0.9265435239350953,2.6271043731831014,0.5280565244568912,0.470462891068181,0.9470441946881665,0.9837042821408725,0.5651855688325469,0.0015439676083622222,13,6,0.20816659994661327,2500,OLS_oracle,iid,False,5
4,3,3001,12,120001,True,123,False,100,0.8520100870002809,2.7512597027234733,0.5198093228554853,0.4802899785611414,0.9399086896004828,1.3168474221780884,0.5028524684909754,0.0014553325923082516,13,6,0.20816659994661327,2500,OLS_oracle,iid,False,5
3,9,9001,27,270001,True,215,False,100,0.7770282139242266,7.8074083318933845,0.42081517992965956,0.37182310439655514,0.7531851880982392,0.8204523603955229,0.6334547604216152,0.0012220793583902565,13,6,0.20816659994661327,2500,OLS_oracle,iid,False,5
3,7,7001,10,100001,True,218,False,100,0.9189981573007079,10.953251112718135,0.4589836157516964,0.4186134396938734,0.714572324108394,0.8417105126013544,0.608590301072092,0.0014617378530476814,13,6,0.20816659994661327,2500,OLS_oracle,iid,False,5
3,8,8001,16,160001,True,159,False,100,0.9064272971130153,9.151350865140557,0.46787144396230235,0.4326453001157734,0.7864080657257317,0.8833728074915632,0.5839142462975788,0.0015165482110526278,13,6,0.20816659994661327,2500,OLS_oracle,iid,False,5
4,2,2001,29,290001,True,145,False,100,0.7969099998499383,3.1820390070788562,0.5363075215398146,0.4800255637408109,1.0191600180053286,0.9516076913519682,0.5814028939295022,0.001864516309056189,13,6,0.20816659994661327,2500,OLS_oracle,iid,False,5
4,0,1,25,250001,True,142,False,100,0.9201883798541622,6.231258787214756,0.5250712979009869,0.46651062662814063,0.8734070668370361,1.0977331913155597,0.45276111811146236,0.001869434342139367,13,6,0.20816659994661327,2500,OLS_oracle,iid,False,5
4,3,3001,17,170001,True,119,False,100,0.7721309434333804,2.7418831018731,0.497884796377673,0.4416544312385601,0.9806486715638371,0.9417321135337295,0.5952268085393739,0.0016878753111601228,13,6,0.20816659994661327,2500,OLS_oracle,iid,False,5
4,1,1001,24,240001,True,195,False,100,0.881706198732095,4.810565384104848,0.45718025835014414,0.39194581937344436,1.0982016441036748,0.9108012166379849,0.6207133166866771,0.0016198513320438849,13,6,0.20816659994661327,2500,OLS_oracle,iid,False,5
3,6,6001,21,210001,True,195,False,100,0.8084603117799328,11.767491771839559,0.535189934468339,0.5007719300255565,1.0347612630035414,1.030283015490323,0.5477303463312728,0.0010720225702428592,13,6,0.20816659994661327,2500,OLS_oracle,iid,False,5
4,3,3001,21,210001,True,132,False,100,0.8084603117799328,2.6937264688313007,0.4879766386576147,0.42451560475568545,0.9310422680143953,0.9217491848917923,0.5702990842965403,0.0031419460973025524,13,6,0.20816659994661327,2500,OLS_oracle,iid,False,5
4,3,3001,24,240001,True,111,False,100,0.881706198732095,2.45880857296288,0.500167313082605,0.4394811919661002,1.073953498238,1.8175487565388113,0.49325271268783916,0.001588281553314069,13,6,0.20816659994661327,2500,OLS_oracle,iid,False,5
4,3,3001,27,270001,True,117,False,100,0.7588206389274482,2.5957792210392654,0.4773915895432045,0.40986342369570455,0.7914600653840527,0.9307847312931972,0.5749002479548594,0.0014263885446190035,13,6,0.20816659994661327,2500,OLS_oracle,iid,False,5
4,2,2001,13,130001,True,185,False,100,0.70273688421089,4.093026945833117,0.544653402544633,0.489781701489528,1.2098692553772745,1.0135056701372382,0.5590500312459744,0.0014813461672468782,13,6,0.20816659994661327,2500,OLS_oracle,iid,False,5
4,3,3001,14,140001,True,150,False,100,0.963199284990812,3.3838619380258024,0.40019882637452087,0.33596861481730705,0.7135504445161601,0.8788716005807952,0.6094075065420947,0.003177633648813841,13,6,0.20816659994661327,2500,OLS_oracle,iid,False,5
4,3,3001,29,290001,True,123,False,100,0.7969099998499383,2.7358609987422824,0.5350984146655043,0.4739345862613375,0.9615779649928984,1.1020252651419327,0.4746558632714914,0.0018359124534069965,13,6,0.20816659994661327,2500,OLS_oracle,iid,False,5
4,2,2001,12,120001,True,209,False,100,0.8520100870002809,4.397256423253566,0.47862654567465196,0.41246934885366865,0.9113072459964193,1.018871412900169,0.5605065040694003,0.0014896747062054228,13,6,0.20816659994661327,2500,OLS_oracle,iid,False,5
3,9,9001,17,170001,True,172,False,100,0.7721309434333804,8.939970364794135,0.5073761347745117,0.4642244168437708,1.0301134035753163,0.9580682082534342,0.5861565847174848,0.0011300940378251483,13,6,0.20816659994661327,2500,OLS_oracle,iid,False,5
4,3,3001,6,60001,True,113,False,100,0.7309951493229003,3.8567177429795265,0.584208566573864,0.567615281004457,0.9724013706698201,8.274681892870989,0.4904090913103781,0.0010378123725866767,13,6,0.20816659994661327,2500,OLS_oracle,iid,False,5
4,4,4001,27,270001,True,87,False,100,0.7588206389274482,1.82705781981349,0.5563687943229928,0.5077701026501986,0.9661270503206362,1.1341503010054215,0.46990925406516276,0.0014163278943068202,13,6,0.20816659994661327,2500,OLS_oracle,iid,False,5
4,4,4001,12,120001,True,106,False,100,0.8520100870002809,2.3796405559405684,0.588096541330212,0.5528701069001531,0.9851109817186067,1.3874126580151331,0.5163819798979445,0.0014714074823658381,13,6,0.20816659994661327,2500,OLS_oracle,iid,False,5
4,1,1001,17,170001,True,243,False,100,0.7721309434333804,5.812667137011886,0.42621278188935835,0.3491496129564003,0.9458634892680126,0.9131407357515582,0.6404378155726217,0.0017289027332948832,13,6,0.20816659994661327,2500,OLS_oracle,iid,False,5
4,2,2001,15,150001,True,119,False,100,0.9265435239350953,4.703142736107111,0.530863658341244,0.4772893786780305,0.9411477073290637,1.036112573291358,0.519162320968249,0.0015684317013582093,13,6,0.20816659994661327,2500,OLS_oracle,iid,False,5
4,2,2001,23,230001,True,211,False,100,0.8588706917275976,4.468855362851173,0.478346426087591,0.40327005280730693,0.8469549782082367,1.0523515990235266,0.49515626752491726,0.00261310197230113,13,6,0.20816659994661327,2500,OLS_oracle,iid,False,5
4,2,2001,3,30001,True,242,False,100,0.922673366122412,5.329889846034348,0.39254763537755893,0.31790132686514533,0.7920669378845847,0.9717077108460899,0.5258666274398754,0.006083635079987916,13,6,0.20816659994661327,2500,OLS_oracle,iid,False,5
3,4,4001,28,280001,True,323,False,100,0.9117481397231634,15.114339841995388,0.4557494858958006,0.38570283986774584,0.8045827739000312,0.9637147905509336,0.5561121676176707,0.001925519979677938,13,6,0.20816659994661327,2500,OLS_oracle,iid,False,5
4,4,4001,13,130001,True,119,False,100,0.70273688421089,2.6739959572441876,0.4054623416437283,0.321308762855154,0.7925531675262647,0.8103468768554112,0.6787633381165025,0.0014713214286292985,13,6,0.20816659994661327,2500,OLS_oracle,iid,False,5
4,3,3001,28,280001,True,155,False,100,0.8805932479718181,3.4543061587028205,0.4218519840613078,0.3569291889449741,1.102449301761804,0.8665231872240771,0.6312916686848521,0.002803195209276034,13,6,0.20816659994661327,2500,OLS_oracle,iid,False,5
4,2,2001,11,110001,True,236,False,100,0.8946748429429501,5.120267359074205,0.40538358041243233,0.3312413363144465,0.8410773062342499,1.1049658472410553,0.6016689702164927,0.0021327620119628247,13,6,0.20816659994661327,2500,OLS_oracle,iid,False,5
3,8,8001,20,200001,True,325,False,100,0.7769255038978906,10.448281234130263,0.4967854417540609,0.44838570204263734,0.7747050127602002,1.0382557275722466,0.5317542490200364,0.0013376395662442549,13,6,0.20816659994661327,2500,OLS_oracle,iid,False,5
4,4,4001,8,80001,True,125,False,100,0.7893747089092475,3.291599635966122,0.525350315779265,0.5020792069569864,0.9516314625233502,1.049623107069203,0.5914452998982997,0.0011263767458877718,13,6,0.20816659994661327,2500,OLS_oracle,iid,False,5
4,1,1001,19,190001,True,123,False,100,0.8288766553414016,6.363552728667855,0.5100736019929376,0.44495265249716176,0.9642270592814091,1.011755480790131,0.599033355686811,0.0010584394804782598,13,6,0.20816659994661327,2500,OLS_oracle,iid,False,5
4,1,1001,3,30001,True,225,False,100,0.922673366122412,7.109939592890441,0.30379125075037305,0.24179486817173457,0.6703584172669422,0.8498174070045814,0.6207572859421011,0.006006136491891292,13,6,0.20816659994661327,2500,OLS_oracle,iid,False,5
4,4,4001,14,140001,True,134,False,100,0.963199284990812,3.0207258202135563,0.5578203845843901,0.5072834998679943,0.9008774887209573,1.056337917140378,0.4811584805798299,0.0030958007726378063,13,6,0.20816659994661327,2500,OLS_oracle,iid,False,5
4,3,3001,7,70001,True,212,False,100,0.8658879630482433,4.626519723795354,0.4146064677004908,0.3413644782758111,1.1486423020004883,1.0064648113262498,0.6695744691150222,0.0013256934164127487,13,6,0.20816659994661327,2500,OLS_oracle,iid,False,5
4,0,1,3,30001,True,185,False,100,0.922673366122412,9.17319544730708,0.34478036253323796,0.2857508749257844,0.5189901391069656,0.9188667994756552,0.5486782522293763,0.006154335560170805,13,6,0.20816659994661327,2500,OLS_oracle,iid,False,5
4,5,5001,3,30001,True,122,False,100,0.922673366122412,2.577338556293398,0.3794502364065669,0.30968099971991125,0.9637309148030228,0.9110656330764935,0.5263151951105296,0.006194322780293323,13,6,0.20816659994661327,2500,OLS_oracle,iid,False,5
4,2,2001,17,170001,True,156,False,100,0.7721309434333804,5.420162708032876,0.49730728317403106,0.4396946403317464,0.8358748727814397,0.9907097682300249,0.584820908953716,0.0017048965971748296,13,6,0.20816659994661327,2500,OLS_oracle,iid,False,5
4,4,4001,23,230001,True,128,False,100,0.8588706917275976,2.8758716080337763,0.5486902836319694,0.4960389395953732,0.9527958093332256,1.0275013452929853,0.5563044258039072,0.0025261875997451763,13,6,0.20816659994661327,2500,OLS_oracle,iid,False,5
4,1,1001,25,250001,True,262,False,100,0.9201883798541622,6.427259594202042,0.4289459086332624,0.36074990617044994,0.9145512425009057,0.8526980950553218,0.6497958465092958,0.0019016531720580181,13,6,0.20816659994661327,2500,OLS_oracle,iid,False,5
4,1,1001,1,10001,True,146,False,100,0.8537373888613078,7.726711250375956,0.5096311458374289,0.45055696773058995,0.9275305068543691,1.1036828791795175,0.453854742222106,0.0024082018323429554,13,6,0.20816659994661327,2500,OLS_oracle,iid,False,5
4,5,5001,16,160001,True,104,False,100,0.9064272971130153,2.156805943697691,0.4738034300752143,0.42163385354881505,0.84461897043814,1.0072556957390233,0.528933878677798,0.0035289828963804173,13,6,0.20816659994661327,2500,OLS_oracle,iid,False,5
4,3,3001,23,230001,True,146,False,100,0.8588706917275976,4.131282533053309,0.4614873136919447,0.3928221036903731,0.9510169096795941,0.9597148035369142,0.5556182467623538,0.0025297561352733535,13,6,0.20816659994661327,2500,OLS_oracle,iid,False,5
4,2,2001,2,20001,True,274,False,100,0.9245281397826336,6.264221693854779,0.4616315165376878,0.40052220899687063,0.9311053379784489,0.8679811470467156,0.6669742145279615,0.001338271528460173,13,6,0.20816659994661327,2500,OLS_oracle,iid,False,5
4,5,5001,13,130001,True,103,False,100,0.70273688421089,2.328072036150843,0.5406357671239905,0.489936195665622,1.1128850276067064,3.937167860485858,0.5055172911598504,0.001453927204870853,13,6,0.20816659994661327,2500,OLS_oracle,iid,False,5
4,3,3001,18,180001,True,151,False,100,0.8337458072174108,4.617341410834342,0.4521276673895291,0.3920900050628876,0.7192128362450254,0.8838890769134053,0.5905641810411484,0.0017286896099051687,13,6,0.20816659994661327,2500,OLS_oracle,iid,False,5
3,9,9001,8,80001,True,174,False,100,0.7893747089092475,10.436229289043695,0.616010636102415,0.5983016211155395,0.9232788790810148,1.2200620078454274,0.46892046887960454,0.001040467016152855,13,6,0.20816659994661327,2500,OLS_oracle,iid,False,5
4,0,1,19,190001,True,366,False,100,0.8288766553414016,8.889955699909478,0.43499712406982355,0.3549316864596005,1.1777141152137802,0.9593926504128429,0.6290084449916978,0.0012184729499957869,13,6,0.20816659994661327,2500,OLS_oracle,iid,False,5
4,3,3001,0,1,True,118,False,100,0.7618382172975056,4.968859469052404,0.5213279343437146,0.4640654210746552,1.0322993411200327,1.0267171130253112,0.5299533575066532,0.0015866714082085251,13,6,0.20816659994661327,2500,OLS_oracle,iid,False,5
4,4,4001,1,10001,True,175,False,100,0.8537373888613078,3.9804023862816393,0.46908597668655677,0.408746379234865,0.9962121059413331,1.0404754964366774,0.5279707009365887,0.002494505393066072,13,6,0.20816659994661327,2500,OLS_oracle,iid,False,5
4,4,4001,24,240001,True,147,False,100,0.881706198732095,3.293269010260701,0.5244458732432379,0.46144923562169254,1.0166674113782448,1.0919404571357942,0.529920153399551,0.0016462850418903594,13,6,0.20816659994661327,2500,OLS_oracle,iid,False,5
4,5,5001,29,290001,True,102,False,100,0.7969099998499383,2.2652554931119084,0.4931638118338234,0.42956958644831683,0.9921701153540223,0.8843410712822776,0.6338431922420326,0.0018359676174088196,13,6,0.20816659994661327,2500,OLS_oracle,iid,False,5
4,5,5001,21,210001,True,118,False,100,0.8084603117799328,2.448726628907025,0.5138595514271257,0.44325223706735195,0.987028734033708,1.0554430498772023,0.5168548289952473,0.0030244338517184197,13,6,0.20816659994661327,2500,OLS_oracle,iid,False,5
4,4,4001,29,290001,True,146,False,100,0.7969099998499383,3.2555560381151736,0.5476711232300553,0.49620149283731024,0.8653228685138614,1.0467085856927825,0.5109045907653331,0.0018630117856676914,13,6,0.20816659994661327,2500,OLS_oracle,iid,False,5
4,5,5001,0,1,True,148,False,100,0.7618382172975056,3.259822387713939,0.48739148676200394,0.4287148711460773,0.8205756400463875,0.934113170427862,0.5739207621496999,0.0016343348486142235,13,6,0.20816659994661327,2500,OLS_oracle,iid,False,5
4,5,5001,8,80001,True,103,False,100,0.7893747089092475,3.0183200743049383,0.5898968368499624,0.5423494300817864,1.1047085496904605,1.1849279573583678,0.4281593529588608,0.0010855375438526505,13,6,0.20816659994661327,2500,OLS_oracle,iid,False,5
3,8,8001,9,90001,True,206,False,100,0.8953736093115022,12.118501734919846,0.5059949470417466,0.47222650597060956,1.1106051609990026,0.984964350749863,0.5621237081426372,0.0016280192866218802,13,6,0.20816659994661327,2500,OLS_oracle,iid,False,5
4,6,6001,8,80001,True,80,False,100,0.7893747089092475,1.7864659149199724,0.5172195669224886,0.4526908026962157,0.9785132272029168,1.0504525968559366,0.5649788141955197,0.0010762553245679844,13,6,0.20816659994661327,2500,OLS_oracle,iid,False,5
4,2,2001,7,70001,True,194,False,100,0.8658879630482433,6.348736840300262,0.4912583433282969,0.4057430856987282,1.0483165953690006,1.517310935652669,0.5376387222695276,0.0013273728599055195,13,6,0.20816659994661327,2500,OLS_oracle,iid,False,5
4,1,1001,20,200001,True,315,False,100,0.7769255038978906,7.279215973801911,0.49195003625525885,0.43026156503952395,0.9155875960659882,0.9674129852913382,0.6094616503760065,0.001673518852757506,13,6,0.20816659994661327,2500,OLS_oracle,iid,False,5
4,4,4001,7,70001,True,120,False,100,0.8658879630482433,4.241876360960305,0.5267742433905651,0.4726046512405952,1.0461600270709457,0.9865590259004396,0.5724717938788538,0.0012510384637075078,13,6,0.20816659994661327,2500,OLS_oracle,iid,False,5
4,5,5001,11,110001,True,137,False,100,0.8946748429429501,3.077076844871044,0.49630236644323233,0.4318443157477103,1.0532878019802825,1.0991804868149953,0.439085376034565,0.0020435390231836356,13,6,0.20816659994661327,2500,OLS_oracle,iid,False,5
3,6,6001,28,280001,True,260,False,100,0.9117481397231634,14.003178087063134,0.45061371012040097,0.3846351437777954,1.187898773364926,0.8860903189525235,0.5748474175834002,0.001970596545045748,13,6,0.20816659994661327,2500,OLS_oracle,iid,False,5
4,3,3001,22,220001,True,110,False,100,0.7528364811080336,4.767256685998291,0.4746867886514043,0.4121038442493129,1.0069238428554816,0.8553150824346193,0.6535686811957002,0.0012661890287896716,13,6,0.20816659994661327,2500,OLS_oracle,iid,False,5
4,6,6001,2,20001,True,123,False,100,0.9245281397826336,2.5664248899556696,0.5080785614087608,0.4502130352440878,0.8474780379301716,0.9740404296592384,0.575091339717796,0.001233456694481029,13,6,0.20816659994661327,2500,OLS_oracle,iid,False,5
4,5,5001,10,100001,True,153,False,100,0.9189981573007079,3.234593337867409,0.4734891922147077,0.40135838367559773,1.275806457760569,0.936465302021706,0.5882661611040644,0.0019024703812258546,13,6,0.20816659994661327,2500,OLS_oracle,iid,False,5
4,5,5001,9,90001,True,151,False,100,0.8953736093115022,3.347450563684106,0.4768238362824065,0.42172710914519485,0.9581560544631914,0.8364175356211265,0.6480159267808231,0.0019625487764871226,13,6,0.20816659994661327,2500,OLS_oracle,iid,False,5
4,6,6001,6,60001,True,106,False,100,0.7309951493229003,2.3408114849589765,0.5225700766436978,0.4652089399958642,1.0194069141808042,1.0375350127762157,0.5376581748043993,0.0010402954130227775,13,6,0.20816659994661327,2500,OLS_oracle,iid,False,5
4,5,5001,2,20001,True,165,False,100,0.9245281397826336,3.6566668450832367,0.4617841747472808,0.41607969630992236,0.9408158415870974,0.9212631404881945,0.5772000413191173,0.0012466540890676318,13,6,0.20816659994661327,2500,OLS_oracle,iid,False,5
4,5,5001,12,120001,True,113,False,100,0.8520100870002809,3.2431321470066905,0.5421101081458021,0.48832799664460036,1.080397258215052,1.0579860646567392,0.5130143789646042,0.0014218100400419276,13,6,0.20816659994661327,2500,OLS_oracle,iid,False,5
4,2,2001,5,50001,True,262,False,100,0.8490287847098211,6.93700986681506,0.4832363703585719,0.42142165569629125,0.986506242621917,0.9262741261397596,0.6037598312194737,0.0011195900471224268,13,6,0.20816659994661327,2500,OLS_oracle,iid,False,5
4,5,5001,18,180001,True,140,False,100,0.8337458072174108,3.1304959473200142,0.4553347715933365,0.3791644483842681,0.7394631780659503,0.9380548590089847,0.5716324034358353,0.001736936106321573,13,6,0.20816659994661327,2500,OLS_oracle,iid,False,5
4,4,4001,4,40001,True,216,False,100,0.7846581871320228,4.788450914435089,0.5221732470604186,0.4863710714364856,0.834239885873935,1.1936146092784512,0.49482663813129474,0.00167731028277608,13,6,0.20816659994661327,2500,OLS_oracle,iid,False,5
4,5,5001,6,60001,True,103,False,100,0.7309951493229003,3.670391974039376,0.4727829289132474,0.41941969429597525,0.832103995816447,0.9052685430552562,0.6415876498285671,0.0010476244270084924,13,6,0.20816659994661327,2500,OLS_oracle,iid,False,5
4,6,6001,5,50001,True,127,False,100,0.8490287847098211,2.7856059269979596,0.530506308670423,0.4737976013203894,1.0069763834804044,0.9811259998863753,0.5537940839451088,0.0010660821961419665,13,6,0.20816659994661327,2500,OLS_oracle,iid,False,5
4,6,6001,7,70001,True,116,False,100,0.8658879630482433,2.560858042910695,0.5462022068750748,0.49313523780528984,0.8963555012510812,1.0436623359072923,0.5206802991829161,0.0012001198341921285,13,6,0.20816659994661327,2500,OLS_oracle,iid,False,5
4,5,5001,23,230001,True,137,False,100,0.8588706917275976,3.1009237593971193,0.4711550020627476,0.41099702207964717,1.1322776440430407,0.9460021033316145,0.558933666822278,0.002443028365187402,13,6,0.20816659994661327,2500,OLS_oracle,iid,False,5
4,3,3001,9,90001,True,165,False,100,0.8953736093115022,5.903456503991038,0.46246785828407855,0.40989068415292296,0.8679876415405253,1.1138091006068602,0.5057881990349995,0.0020031532288604698,13,6,0.20816659994661327,2500,OLS_oracle,iid,False,5
4,3,3001,1,10001,True,137,False,100,0.8537373888613078,6.206356382928789,0.447036294767885,0.3775871630229843,0.9503740697284101,0.9606750356118615,0.4951943636693881,0.0024043543888450274,13,6,0.20816659994661327,2500,OLS_oracle,iid,False,5
4,4,4001,19,190001,True,123,False,100,0.8288766553414016,4.200305546168238,0.5887352131469361,0.5409579210808764,1.1295761274450797,1.6572916353193214,0.4764340293604744,0.0010858198735229207,13,6,0.20816659994661327,2500,OLS_oracle,iid,False,5
4,3,3001,19,190001,True,259,False,100,0.8288766553414016,5.67191951489076,0.4214195033747408,0.34381147714481997,0.8278584999912252,0.8789913280339963,0.6581095230365078,0.0011641709882841494,13,6,0.20816659994661327,2500,OLS_oracle,iid,False,5
4,6,6001,4,40001,True,135,False,100,0.7846581871320228,2.991075523197651,0.4522932804273912,0.38244423944794687,1.069314041401609,0.8093839123208748,0.6665592928418965,0.001626685240143155,13,6,0.20816659994661327,2500,OLS_oracle,iid,False,5
4,6,6001,12,120001,True,118,False,100,0.8520100870002809,2.417788503225893,0.5217082146274232,0.46486050221822894,1.0572516832863452,1.0283070500186962,0.5344906313692374,0.0014626382372725667,13,6,0.20816659994661327,2500,OLS_oracle,iid,False,5
4,4,4001,17,170001,True,142,False,100,0.7721309434333804,4.461860009934753,0.453229749882389,0.38840072861546215,0.9094834518414033,0.9151751158113155,0.5923846010524749,0.0017219802709864819,13,6,0.20816659994661327,2500,OLS_oracle,iid,False,5
4,5,5001,4,40001,True,187,False,100,0.7846581871320228,4.117537363432348,0.49206371855820336,0.4506977087974524,0.841320619590739,0.9894599412526784,0.5864619986876316,0.0016448365404167589,13,6,0.20816659994661327,2500,OLS_oracle,iid,False,5
4,4,4001,26,260001,True,179,False,100,0.792281736594413,4.2446374939754605,0.5503380071849112,0.5156702393959268,0.9642434182483768,1.0636953147265533,0.5811192053573541,0.001358630428236664,13,6,0.20816659994661327,2500,OLS_oracle,iid,False,5
4,2,2001,18,180001,True,314,False,100,0.8337458072174108,6.9670937708579,0.4025033215532539,0.3218152777045036,0.7698925618929675,0.8318149942776472,0.6783048297979402,0.0018365552054137003,13,6,0.20816659994661327,2500,OLS_oracle,iid,False,5
4,4,4001,5,50001,True,239,False,100,0.8490287847098211,5.246877936180681,0.486858297728121,0.42548775476994993,1.0999707766331475,1.0687947931491446,0.6194028583633251,0.0011153407364359904,13,6,0.20816659994661327,2500,OLS_oracle,iid,False,5
4,5,5001,14,140001,True,146,False,100,0.963199284990812,3.98389110295102,0.4734670125986551,0.4050669245515654,0.8340961027953137,0.9645144806144066,0.5372287984465179,0.0030993003580138297,13,6,0.20816659994661327,2500,OLS_oracle,iid,False,5
4,5,5001,26,260001,True,125,False,100,0.792281736594413,3.73620249889791,0.5234247577741079,0.4764914346673284,0.8850975496221346,0.9491982170579677,0.5814506435789352,0.001322084903175847,13,6,0.20816659994661327,2500,OLS_oracle,iid,False,5
4,6,6001,20,200001,True,124,False,100,0.7769255038978906,2.442951674107462,0.48760497957730664,0.42957476899421193,0.8047913217213863,0.978286119627284,0.5638234220177384,0.0015964134814323656,13,6,0.20816659994661327,2500,OLS_oracle,iid,False,5
4,6,6001,21,210001,True,104,False,100,0.8084603117799328,2.4247020380571485,0.5112793391528427,0.4621836081089852,0.9588963164977676,1.0863271374959989,0.4892693968309893,0.0031596648381529936,13,6,0.20816659994661327,2500,OLS_oracle,iid,False,5
4,2,2001,10,100001,True,161,False,100,0.9189981573007079,7.527585691772401,0.4883893483437126,0.42013715008039093,0.8440228671523596,1.0160570591226181,0.5887487920619101,0.0019777862465278164,13,6,0.20816659994661327,2500,OLS_oracle,iid,False,5
4,3,3001,26,260001,True,244,False,100,0.792281736594413,5.969108318910003,0.4154773433428252,0.34789731444425437,0.7423861322417982,0.8351749200614242,0.6916750741145951,0.001380569776802619,13,6,0.20816659994661327,2500,OLS_oracle,iid,False,5
4,4,4001,25,250001,True,205,False,100,0.9201883798541622,4.815176771022379,0.4475464559723751,0.38328771692873187,0.8986999111398476,0.8845316460065068,0.6320769186519902,0.0018566351182538398,13,6,0.20816659994661327,2500,OLS_oracle,iid,False,5
4,2,2001,0,1,True,244,False,100,0.7618382172975056,8.333561510313302,0.47107237263938295,0.4108759091045157,1.2222104857171923,0.9032024259075624,0.6357876739373934,0.0017147953581739415,13,6,0.20816659994661327,2500,OLS_oracle,iid,False,5
4,3,3001,3,30001,True,314,False,100,0.922673366122412,6.931824446190149,0.27266601352350583,0.21428494960914585,0.5884495035920201,0.8376777635411371,0.6327440265390448,0.006060299302733824,13,6,0.20816659994661327,2500,OLS_oracle,iid,False,5
4,4,4001,2,20001,True,289,False,100,0.9245281397826336,5.797238653991371,0.47553916229667337,0.40368887128351716,1.141667709462157,0.9983501738337607,0.6265667305077738,0.0013224546198037854,13,6,0.20816659994661327,2500,OLS_oracle,iid,False,5
4,3,3001,10,100001,True,260,False,100,0.9189981573007079,6.822739543858916,0.4448387191345376,0.3788009265104941,0.9329554675990684,1.0266053616385231,0.5577179211625876,0.001973658852091692,13,6,0.20816659994661327,2500,OLS_oracle,iid,False,5
4,6,6001,14,140001,True,123,False,100,0.963199284990812,3.0088425939902663,0.5480795687896239,0.4978044391977926,0.9520287907653866,1.1418529383724154,0.4763364562436001,0.003005763188699958,13,6,0.20816659994661327,2500,OLS_oracle,iid,False,5
4,4,4001,10,100001,True,230,False,100,0.9189981573007079,5.616493981797248,0.3836826910328103,0.3206154949717582,0.7239750509882468,0.9750758740312886,0.5634435502943071,0.002033890050446155,13,6,0.20816659994661327,2500,OLS_oracle,iid,False,5
4,1,1001,14,140001,True,228,False,100,0.963199284990812,8.961941775865853,0.4661250752223447,0.40172635617844416,0.9164259919515015,1.0153820625010879,0.549619850106656,0.003112852521094795,13,6,0.20816659994661327,2500,OLS_oracle,iid,False,5
4,6,6001,27,270001,True,111,False,100,0.7588206389274482,2.4508694875985384,0.45356307024979586,0.3898943068362328,0.7925339219490585,0.8623193154012788,0.5976920637033873,0.0014053432067412293,13,6,0.20816659994661327,2500,OLS_oracle,iid,False,5
4,6,6001,1,10001,True,168,False,100,0.8537373888613078,4.016998249106109,0.4632383670602105,0.39158041900250135,1.180630571136136,1.0581958186857876,0.5822377334001385,0.002422175908878374,13,6,0.20816659994661327,2500,OLS_oracle,iid,False,5
4,6,6001,9,90001,True,159,False,100,0.8953736093115022,3.480115933343768,0.45608915010834555,0.3801020595107504,0.9559646754086806,0.8800644439512995,0.6377953422190001,0.00193711121720956,13,6,0.20816659994661327,2500,OLS_oracle,iid,False,5
4,2,2001,22,220001,True,283,False,100,0.7528364811080336,7.5577596658840775,0.49234136544624607,0.4264442074367058,0.9223921818893327,1.080253612171295,0.5726290990907974,0.0013280147955620602,13,6,0.20816659994661327,2500,OLS_oracle,iid,False,5
4,6,6001,18,180001,True,113,False,100,0.8337458072174108,3.0110203339718282,0.5030564300890847,0.4467269791405822,0.9475265969008722,1.0519412487309232,0.4996004234519175,0.0017064857032202808,13,6,0.20816659994661327,2500,OLS_oracle,iid,False,5
4,4,4001,22,220001,True,225,False,100,0.7528364811080336,5.2869305750355124,0.49407236076343475,0.44032679921265294,0.8903384281383988,0.9833963417067524,0.5422519376368307,0.0013431522665952875,13,6,0.20816659994661327,2500,OLS_oracle,iid,False,5
4,5,5001,25,250001,True,188,False,100,0.9201883798541622,4.171184682752937,0.4041367673551823,0.3410476635440181,0.8205253190119677,0.8083379287010195,0.6700552015617125,0.0018694796464827628,13,6,0.20816659994661327,2500,OLS_oracle,iid,False,5
4,6,6001,13,130001,True,121,False,100,0.70273688421089,3.3621397740207613,0.5295566410660258,0.47121954995264836,1.213917524923331,1.1366442976394837,0.5488064638059668,0.0014420372789649496,13,6,0.20816659994661327,2500,OLS_oracle,iid,False,5
4,4,4001,3,30001,True,132,False,100,0.922673366122412,6.2039502072148025,0.42985535000443537,0.35931996910807457,0.7430268238183402,1.0215408913479755,0.44995506562250653,0.006023424629295249,13,6,0.20816659994661327,2500,OLS_oracle,iid,False,5
4,5,5001,19,190001,True,128,False,100,0.8288766553414016,4.486374186817557,0.4590323210215213,0.3922652109599302,0.952656915474811,0.8713056508954523,0.6266703185213024,0.0010728938857904001,13,6,0.20816659994661327,2500,OLS_oracle,iid,False,5
4,3,3001,20,200001,True,276,False,100,0.7769255038978906,6.910252591129392,0.46673991273193965,0.3943344403970955,1.003999664650139,0.9812158424572193,0.5891629625459969,0.0017375743746049855,13,6,0.20816659994661327,2500,OLS_oracle,iid,False,5
4,6,6001,17,170001,True,145,False,100,0.7721309434333804,3.321208314038813,0.48505858147647146,0.4383389645406007,0.9658539879141831,0.9017682969287864,0.6313636454530935,0.0017214951079175288,13,6,0.20816659994661327,2500,OLS_oracle,iid,False,5
4,5,5001,22,220001,True,129,False,100,0.7528364811080336,4.62666867300868,0.47851940840943274,0.41671588436102697,0.8606722074937679,0.8804408747123798,0.6289636113727903,0.0012894690755575074,13,6,0.20816659994661327,2500,OLS_oracle,iid,False,5
4,7,7001,5,50001,True,134,False,100,0.8490287847098211,2.727033552713692,0.510015481066771,0.4525264908786675,0.9682838252257417,0.9896165734624789,0.5849224493965854,0.0010575412491987805,13,6,0.20816659994661327,2500,OLS_oracle,iid,False,5
4,7,7001,3,30001,True,115,False,100,0.922673366122412,2.8188310600817204,0.40840697609966764,0.3382458789677827,0.8595681549552785,0.9227347211504693,0.5208060768475985,0.006071942888317518,13,6,0.20816659994661327,2500,OLS_oracle,iid,False,5
4,2,2001,9,90001,True,196,False,100,0.8953736093115022,8.569995991885662,0.48116376911631614,0.4167699908436719,0.8411199033198447,1.0938209686933198,0.534651975408393,0.0019765409445960573,13,6,0.20816659994661327,2500,OLS_oracle,iid,False,5
4,6,6001,16,160001,True,137,False,100,0.9064272971130153,3.7417500163428485,0.5191902686165188,0.47698957593761854,1.21340122893369,1.0878028091844436,0.45085232771404077,0.003494212252092829,13,6,0.20816659994661327,2500,OLS_oracle,iid,False,5
4,6,6001,10,100001,True,187,False,100,0.9189981573007079,4.082320138346404,0.39646540011851034,0.33061766304846646,0.841658607610783,0.903384655314742,0.5952293326544891,0.0019488681027010886,13,6,0.20816659994661327,2500,OLS_oracle,iid,False,5
4,7,7001,13,130001,True,116,False,100,0.70273688421089,2.633016017265618,0.48842989571047596,0.42395035419982235,1.0673258384661977,0.9276723320035354,0.6166747176166649,0.0014384897464999728,13,6,0.20816659994661327,2500,OLS_oracle,iid,False,5
4,1,1001,2,20001,True,256,False,100,0.9245281397826336,10.574686232022941,0.3902811220359972,0.31528735177404116,0.9453128044688557,0.7917423016678945,0.6814448575046439,0.00129277574210146,13,6,0.20816659994661327,2500,OLS_oracle,iid,False,5
4,4,4001,28,280001,True,193,False,100,0.8805932479718181,5.972010462079197,0.4523527998710377,0.3836868631895217,0.8887252595990409,1.0246380549822294,0.4960415474457514,0.002824096543346331,13,6,0.20816659994661327,2500,OLS_oracle,iid,False,5
4,6,6001,28,280001,True,139,False,100,0.8805932479718181,3.409133047796786,0.5090271683202721,0.44835442362842487,0.8198734391575646,1.048009568752533,0.5141180119146216,0.0028258124620027833,13,6,0.20816659994661327,2500,OLS_oracle,iid,False,5
4,7,7001,23,230001,True,119,False,100,0.8588706917275976,2.628043374978006,0.4341809972748133,0.3677347811345984,0.8064891504579219,0.9355427575978597,0.5411803873492446,0.0025456548675660837,13,6,0.20816659994661327,2500,OLS_oracle,iid,False,5
4,3,3001,2,20001,True,380,False,100,0.9245281397826336,8.272668309044093,0.4578887455432587,0.38616358103858034,0.9863639018014104,0.9508655210967404,0.6518120018468755,0.001412169610120644,13,6,0.20816659994661327,2500,OLS_oracle,iid,False,5
4,7,7001,7,70001,True,146,False,100,0.8658879630482433,3.2117043752223253,0.5307998652001725,0.4755357950219376,0.9106518421659976,0.9454684941711954,0.6023895344376925,0.001228044178733592,13,6,0.20816659994661327,2500,OLS_oracle,iid,False,5
4,5,5001,17,170001,True,156,False,100,0.7721309434333804,5.425987903028727,0.5176039792889376,0.46814888004521066,0.986883450396478,1.0489615790159597,0.5779122738865401,0.001697442359896581,13,6,0.20816659994661327,2500,OLS_oracle,iid,False,5
4,7,7001,21,210001,True,121,False,100,0.8084603117799328,2.7325271707959473,0.48981081376029806,0.42342426772872693,0.8180181097127138,1.0959138417521581,0.521815847772821,0.0031534497827498836,13,6,0.20816659994661327,2500,OLS_oracle,iid,False,5
4,6,6001,23,230001,True,102,False,100,0.8588706917275976,3.7626720471307635,0.42577542203239027,0.3562047637907142,1.2224050764105585,0.9212632037971178,0.6143609668236218,0.00248286562558991,13,6,0.20816659994661327,2500,OLS_oracle,iid,False,5
4,2,2001,14,140001,True,324,False,100,0.963199284990812,8.8916667830199,0.4262789963535651,0.3774664015718292,0.9439171282261962,1.0362411457810299,0.5641020646944909,0.003257576011407209,13,6,0.20816659994661327,2500,OLS_oracle,iid,False,5
4,2,2001,1,10001,True,234,False,100,0.8537373888613078,9.595328603871167,0.5116481800577989,0.46402703849699345,0.8888430486199935,1.196241427226865,0.497162989273406,0.002452915287270921,13,6,0.20816659994661327,2500,OLS_oracle,iid,False,5
4,6,6001,3,30001,True,122,False,100,0.922673366122412,5.112221077084541,0.3466999700820488,0.2828228613573263,0.8164979180795908,0.9659834348035718,0.5354487547576915,0.005971089701779692,13,6,0.20816659994661327,2500,OLS_oracle,iid,False,5
4,5,5001,24,240001,True,240,False,100,0.881706198732095,5.42403498198837,0.36240832555873914,0.2892726475168166,0.6890534451018802,0.7838563613330892,0.6989606207124549,0.001691926842570621,13,6,0.20816659994661327,2500,OLS_oracle,iid,False,5
4,4,4001,16,160001,True,156,False,100,0.9064272971130153,6.6775896842591465,0.5276131942374322,0.46578600176495544,1.0177683131167172,1.086750800973388,0.522564792296347,0.0034594779893328707,13,6,0.20816659994661327,2500,OLS_oracle,iid,False,5
4,7,7001,17,170001,True,150,False,100,0.7721309434333804,3.1517107747495174,0.45437054132743127,0.39189496028180426,1.1704545128459478,0.8634305989076555,0.624125547510198,0.0017061657373339213,13,6,0.20816659994661327,2500,OLS_oracle,iid,False,5
4,6,6001,22,220001,True,185,False,100,0.7528364811080336,4.103165210224688,0.5913208069748879,0.5479973664265361,1.007047667166292,1.1662506405808448,0.46683437754716883,0.001298855013330909,13,6,0.20816659994661327,2500,OLS_oracle,iid,False,5
4,6,6001,19,190001,True,122,False,100,0.8288766553414016,4.2345399502664804,0.5539588323894818,0.5021231729298617,1.014367497567093,1.0241287788906566,0.5720582943724926,0.0010479226342414677,13,6,0.20816659994661327,2500,OLS_oracle,iid,False,5
4,5,5001,7,70001,True,279,False,100,0.8658879630482433,6.228129866998643,0.40248128778754955,0.33805472414600407,0.7203507983637899,0.888432962559112,0.6623943272796287,0.0013280933400018023,13,6,0.20816659994661327,2500,OLS_oracle,iid,False,5
4,7,7001,25,250001,True,131,False,100,0.9201883798541622,2.943687082733959,0.44814144510529486,0.37933022910827,0.8070662319700773,0.896880853157715,0.6024264827889038,0.001840578870311509,13,6,0.20816659994661327,2500,OLS_oracle,iid,False,5
3,9,9001,11,110001,True,273,False,100,0.9584297398558851,13.839081146754324,0.40510898516706517,0.3560746266107019,0.7580895360111017,1.0041011513210294,0.5164776647397689,0.0021076257621229963,13,6,0.20816659994661327,2500,OLS_oracle,iid,False,5
4,7,7001,29,290001,True,123,False,100,0.7969099998499383,2.9034057962708175,0.4321562498084251,0.37122470265598717,0.7636616418066392,0.9053773302038685,0.584739413170232,0.0018664185293307942,13,6,0.20816659994661327,2500,OLS_oracle,iid,False,5
4,8,8001,6,60001,True,109,False,100,0.7309951493229003,2.803494095802307,0.5319428625841143,0.47521882129392307,1.2153547682243035,1.0373540870867186,0.5740146710640636,0.0010683824865715308,13,6,0.20816659994661327,2500,OLS_oracle,iid,False,5
4,7,7001,16,160001,True,134,False,100,0.9064272971130153,3.161955817602575,0.48813964976316404,0.4204740905573227,0.7894122811280988,1.044125368446173,0.5004328162128003,0.00344446099642783,13,6,0.20816659994661327,2500,OLS_oracle,iid,False,5
4,8,8001,14,140001,True,115,False,100,0.963199284990812,2.585362459998578,0.4882590633158298,0.422032789824878,0.8874107105046992,1.0129437750857915,0.513936626695286,0.0031128378015902454,13,6,0.20816659994661327,2500,OLS_oracle,iid,False,5
4,5,5001,5,50001,True,297,False,100,0.8490287847098211,6.563206211198121,0.4439628384511692,0.37661012720545456,0.9454550634335487,0.8994652390950504,0.6263610543065555,0.0011333737392229097,13,6,0.20816659994661327,2500,OLS_oracle,iid,False,5
4,7,7001,8,80001,True,174,False,100,0.7893747089092475,3.877305747009814,0.5268832770472954,0.4862061950998697,1.0560359308941534,1.1073295458549288,0.5651999015619009,0.001122348979964756,13,6,0.20816659994661327,2500,OLS_oracle,iid,False,5
4,6,6001,15,150001,True,209,False,100,0.9265435239350953,4.861413310747594,0.4641138237772722,0.4034896172759469,0.8995643705918573,1.116542167365624,0.6035036073354098,0.001676093730653598,13,6,0.20816659994661327,2500,OLS_oracle,iid,False,5
4,4,4001,6,60001,True,353,False,100,0.7309951493229003,7.726660360116512,0.4060759558216468,0.3359445760871266,0.9554674033388015,0.9140993723830653,0.6675261953686568,0.0011412622296700992,13,6,0.20816659994661327,2500,OLS_oracle,iid,False,5
4,7,7001,27,270001,True,125,False,100,0.7588206389274482,3.2721998039633036,0.5019587961373977,0.4474055968416344,0.7444910328230859,0.920891664650497,0.5839482180171566,0.0014112418990499954,13,6,0.20816659994661327,2500,OLS_oracle,iid,False,5
4,5,5001,15,150001,True,262,False,100,0.9265435239350953,6.266117426101118,0.4459633856294827,0.3828484906488984,1.2015656385073805,0.8348732973353432,0.6665802333256555,0.0016479028607817071,13,6,0.20816659994661327,2500,OLS_oracle,iid,False,5
4,4,4001,9,90001,True,235,False,100,0.8953736093115022,7.5560032981447875,0.4110116357074955,0.34748147891507764,0.8318977426027622,0.9442503785458981,0.6374014357638046,0.001991535465153984,13,6,0.20816659994661327,2500,OLS_oracle,iid,False,5
4,8,8001,1,10001,True,141,False,100,0.8537373888613078,3.156778821721673,0.4686293338971972,0.39798013700305945,1.0376688491259787,0.8725634566457303,0.6071907846983281,0.0024555594029779916,13,6,0.20816659994661327,2500,OLS_oracle,iid,False,5
3,9,9001,5,50001,True,380,False,100,0.8490287847098211,14.574404665734619,0.42663676378027293,0.36674937327733803,0.8608465064686778,0.8835387509221011,0.614659198569374,0.0010342740375455135,13,6,0.20816659994661327,2500,OLS_oracle,iid,False,5
4,6,6001,29,290001,True,106,False,100,0.7969099998499383,4.216342799831182,0.48464792227806053,0.4214154820018263,0.9207941694841971,0.9595110615097412,0.5679432424997525,0.001807672442318552,13,6,0.20816659994661327,2500,OLS_oracle,iid,False,5
4,5,5001,27,270001,True,195,False,100,0.7588206389274482,6.0392989669926465,0.3899555701045197,0.3172718224219123,0.7362675515375574,0.85888502015839,0.6564692540442331,0.0015032855237868963,13,6,0.20816659994661327,2500,OLS_oracle,iid,False,5
4,8,8001,8,80001,True,141,False,100,0.7893747089092475,3.058161460328847,0.529325887770907,0.48332179027541816,0.9782999113410316,0.9862583348070609,0.6074783957086569,0.0011156289920107542,13,6,0.20816659994661327,2500,OLS_oracle,iid,False,5
4,4,4001,11,110001,True,246,False,100,0.8946748429429501,7.6557767409831285,0.4770785437996523,0.40894607572438635,0.9693904574559367,1.0336690786329195,0.5506377377465411,0.0020901844857871997,13,6,0.20816659994661327,2500,OLS_oracle,iid,False,5
4,7,7001,18,180001,True,119,False,100,0.8337458072174108,3.726500348187983,0.45501567895120243,0.40214909185374176,1.1280544782681532,0.9922684544693711,0.5249835385547662,0.0017530771559274053,13,6,0.20816659994661327,2500,OLS_oracle,iid,False,5
4,8,8001,16,160001,True,134,False,100,0.9064272971130153,2.821551358792931,0.41771215185963173,0.35108182006117605,0.8122743556322215,0.9323843681966503,0.5396242051920943,0.003525432770583535,13,6,0.20816659994661327,2500,OLS_oracle,iid,False,5
4,8,8001,18,180001,True,125,False,100,0.8337458072174108,2.74370548594743,0.5374400669137086,0.48136243319757754,1.014365751285535,1.2404356258258837,0.5307355372683777,0.0017443554799863095,13,6,0.20816659994661327,2500,OLS_oracle,iid,False,5
4,6,6001,26,260001,True,117,False,100,0.792281736594413,4.5793695920147,0.5285525180000311,0.48169962991097715,0.9835644446314443,0.9822073731694305,0.5610505127115224,0.0013006451901227294,13,6,0.20816659994661327,2500,OLS_oracle,iid,False,5
4,7,7001,0,1,True,200,False,100,0.7618382172975056,4.483303896151483,0.4460109298355944,0.3782477029337103,0.9920402033832786,0.9583627799595921,0.6619573353556333,0.001669692639560366,13,6,0.20816659994661327,2500,OLS_oracle,iid,False,5
4,1,1001,10,100001,True,280,False,100,0.9189981573007079,11.418853572104126,0.399374569301068,0.3285424867016822,1.1232766332293287,0.9839793927999505,0.6599988092668604,0.002039987899866667,13,6,0.20816659994661327,2500,OLS_oracle,iid,False,5
4,8,8001,2,20001,True,162,False,100,0.9245281397826336,3.6172831496223807,0.5253464821688211,0.4608331425816813,1.054823224779422,0.9364360013195733,0.581231912919271,0.0012779289503508466,13,6,0.20816659994661327,2500,OLS_oracle,iid,False,5
4,2,2001,25,250001,True,180,False,100,0.9201883798541622,9.854245660360903,0.44806349659612027,0.3809130074609927,0.8629031216022418,1.0000792243288685,0.5419881344345765,0.0018786530951900298,13,6,0.20816659994661327,2500,OLS_oracle,iid,False,5
4,9,9001,6,60001,True,108,False,100,0.7309951493229003,2.4017873448319733,0.5347884531994416,0.4819413889605898,0.8925877137386725,0.9819718915749864,0.5895943409285134,0.0010675994037135281,13,6,0.20816659994661327,2500,OLS_oracle,iid,False,5
4,8,8001,4,40001,True,122,False,100,0.7846581871320228,3.664323099888861,0.4577278312626873,0.38648570375989383,0.7983693553723062,0.8754611545999519,0.6391801015562203,0.0015765779525605751,13,6,0.20816659994661327,2500,OLS_oracle,iid,False,5
4,2,2001,27,270001,True,220,False,100,0.7588206389274482,9.754977413918823,0.4212465333099181,0.34877208903275264,0.8188374094553165,0.7925443333798495,0.6662897339566161,0.0015001390251677385,13,6,0.20816659994661327,2500,OLS_oracle,iid,False,5
4,7,7001,12,120001,True,121,False,100,0.8520100870002809,4.5017134989611804,0.4247377599968637,0.3534129370559143,1.0373510479885584,1.7061480892011307,0.6442625400729441,0.0014861522549917234,13,6,0.20816659994661327,2500,OLS_oracle,iid,False,5
4,7,7001,9,90001,True,197,False,100,0.8953736093115022,4.697858058847487,0.5067199619584317,0.456988299844168,1.0326372073505465,1.1627043595623268,0.5017487552036307,0.0020070506376433602,13,6,0.20816659994661327,2500,OLS_oracle,iid,False,5
4,7,7001,14,140001,True,184,False,100,0.963199284990812,4.525132066104561,0.501426021723359,0.4439273284834169,0.8606086866569098,0.983911377877193,0.5864352242616131,0.003218942241727831,13,6,0.20816659994661327,2500,OLS_oracle,iid,False,5
4,8,8001,3,30001,True,188,False,100,0.922673366122412,3.974504895042628,0.40150693677059446,0.33387091309765626,0.8420027272737067,1.0784184399611105,0.445078655637559,0.006119048537116813,13,6,0.20816659994661327,2500,OLS_oracle,iid,False,5
4,8,8001,20,200001,True,152,False,100,0.7769255038978906,3.3878157502040267,0.42121777097427715,0.3506949574785346,0.8257540280703012,0.838556658303442,0.656469996561214,0.0016626950016132803,13,6,0.20816659994661327,2500,OLS_oracle,iid,False,5
4,8,8001,15,150001,True,161,False,100,0.9265435239350953,3.600465009920299,0.4033119524706724,0.3353557273367572,1.0469477420848676,0.8358537586252112,0.67143456944827,0.001639788955589593,13,6,0.20816659994661327,2500,OLS_oracle,iid,False,5
4,3,3001,4,40001,True,244,False,100,0.7846581871320228,9.93799532391131,0.44479291863721104,0.3802803654609981,0.9289065562104288,0.8040385855604487,0.6590459715029255,0.0016875013072251567,13,6,0.20816659994661327,2500,OLS_oracle,iid,False,5
4,9,9001,0,1,True,130,False,100,0.7618382172975056,3.0372139858081937,0.5512745966905327,0.4995046643656326,1.0730936250302712,1.0646253732431203,0.5731957918822865,0.0016263961057337599,13,6,0.20816659994661327,2500,OLS_oracle,iid,False,5
4,6,6001,25,250001,True,121,False,100,0.9201883798541622,5.4652959471568465,0.48382284114202584,0.44361879732803394,0.7905473408130052,1.088619899531135,0.45346420748912536,0.0018201807340267673,13,6,0.20816659994661327,2500,OLS_oracle,iid,False,5
4,7,7001,26,260001,True,97,False,100,0.792281736594413,4.573968527838588,0.5626574740630397,0.5328143131917783,1.022114049081802,1.1152451394549445,0.483198363574054,0.001294236143141443,13,6,0.20816659994661327,2500,OLS_oracle,iid,False,5
4,4,4001,21,210001,True,226,False,100,0.8084603117799328,8.341676782816648,0.5458170689115651,0.4870799671521102,1.0928563909414948,1.3028566811690139,0.49205212239286833,0.0031809270946252088,13,6,0.20816659994661327,2500,OLS_oracle,iid,False,5
4,7,7001,20,200001,True,227,False,100,0.7769255038978906,4.830443082842976,0.555269436845341,0.49716939669880766,1.0803312397456148,1.5671726657799767,0.5585958899813348,0.0016634965571500444,13,6,0.20816659994661327,2500,OLS_oracle,iid,False,5
4,9,9001,3,30001,True,131,False,100,0.922673366122412,3.2907816218212247,0.40426160028420044,0.33451346911375146,0.7733297563769057,0.9199339736197434,0.5767307057296028,0.006129198291426407,13,6,0.20816659994661327,2500,OLS_oracle,iid,False,5
4,7,7001,22,220001,True,158,False,100,0.7528364811080336,4.842677688691765,0.5432271847234096,0.4984890852150758,0.9007306883063655,1.1369044047927614,0.5031903517746059,0.0012918541872037825,13,6,0.20816659994661327,2500,OLS_oracle,iid,False,5
4,6,6001,24,240001,True,256,False,100,0.881706198732095,5.771348994225264,0.33286527463814974,0.27307286099890704,0.6318674209101316,0.8485920200669138,0.6780555649964065,0.0016904037477869444,13,6,0.20816659994661327,2500,OLS_oracle,iid,False,5
4,7,7001,11,110001,True,212,False,100,0.8946748429429501,5.327232777606696,0.3742446327506398,0.3050077136546437,0.7086251620318267,0.7999275401681573,0.6875463011031079,0.0021269721842023894,13,6,0.20816659994661327,2500,OLS_oracle,iid,False,5
5,0,1,4,40001,True,128,False,100,0.7846581871320228,2.4876519828103483,0.5012309268257441,0.4339435532967049,0.8496221315465029,1.0475615304346966,0.5127644366447854,0.002656897012994373,13,6,0.20816659994661327,2500,OLS_oracle,iid,False,5
4,7,7001,15,150001,True,249,False,100,0.9265435239350953,5.465042905882001,0.40623599331432503,0.33682616399379595,0.8758559613795585,0.9098114639899213,0.6520063766120264,0.0016647277887883074,13,6,0.20816659994661327,2500,OLS_oracle,iid,False,5
4,5,5001,20,200001,True,324,False,100,0.7769255038978906,7.9552257671020925,0.4286787381435657,0.3537321691834662,1.1452278543580667,0.8086048974688985,0.6637142814738065,0.0017083472046426744,13,6,0.20816659994661327,2500,OLS_oracle,iid,False,5
5,0,1,8,80001,True,111,False,100,0.7893747089092475,2.408181613776833,0.5071706985703016,0.43305280580348315,1.0195936433112804,1.216516226710917,0.4988481798081348,0.0014858539144226154,13,6,0.20816659994661327,2500,OLS_oracle,iid,False,5
4,9,9001,1,10001,True,183,False,100,0.8537373888613078,3.7448284877464175,0.48696464516556276,0.4225040220977976,1.037207450878084,1.1158556488507292,0.49992890940709106,0.0024555327476098615,13,6,0.20816659994661327,2500,OLS_oracle,iid,False,5
4,8,8001,24,240001,True,185,False,100,0.881706198732095,4.086478361859918,0.47297838629115785,0.4103371446899552,0.9022356741716793,0.985996181123262,0.5565800882919628,0.0016601225175935474,13,6,0.20816659994661327,2500,OLS_oracle,iid,False,5
4,8,8001,21,210001,True,149,False,100,0.8084603117799328,4.438338455744088,0.5204718093012078,0.4818023052064631,0.7628429393612746,1.0212914472181003,0.5682562906214979,0.0032024755139261896,13,6,0.20816659994661327,2500,OLS_oracle,iid,False,5
4,7,7001,19,190001,True,161,False,100,0.8288766553414016,5.509264884982258,0.542191070070616,0.4837136039692237,1.0730717448938178,2.605383328922125,0.5642281324281974,0.0010665876984765567,13,6,0.20816659994661327,2500,OLS_oracle,iid,False,5
5,0,1,2,20001,True,149,False,100,0.6619158957565,2.7278743670322,0.4796810026874017,0.4209285687280741,1.020305123632813,1.0043105943205208,0.6629953035306962,0.0015400787720215798,13,6,0.20816659994661327,2500,OLS_oracle,iid,False,5
5,0,1,23,230001,True,107,False,100,0.8588706917275976,1.9984179749153554,0.46160331363212437,0.37842844711105855,0.8607516784299007,1.2048629072208732,0.48456758402529626,0.002938556386333897,13,6,0.20816659994661327,2500,OLS_oracle,iid,False,5
4,8,8001,10,100001,True,245,False,100,0.9189981573007079,5.000161417759955,0.3643222796459394,0.2942168767187368,0.652102719486158,0.8719423132180028,0.6419904163635176,0.0020210813021604387,13,6,0.20816659994661327,2500,OLS_oracle,iid,False,5
4,8,8001,23,230001,True,170,False,100,0.8588706917275976,4.334191545844078,0.4527336724309598,0.3954625735545318,0.82466842418659,0.9223318900150138,0.5755007389808662,0.0025618289303582548,13,6,0.20816659994661327,2500,OLS_oracle,iid,False,5
4,7,7001,28,280001,True,218,False,100,0.8805932479718181,5.311706728301942,0.542280565326801,0.5003158561215991,1.0768269348806856,2.6180526659349033,0.4162578819426994,0.0028471242782195125,13,6,0.20816659994661327,2500,OLS_oracle,iid,False,5
4,9,9001,16,160001,True,131,False,100,0.9064272971130153,3.6573634850792587,0.466374584500679,0.4075444945263879,0.7449736476288495,0.9940592814129803,0.529496018197158,0.003582379911647457,13,6,0.20816659994661327,2500,OLS_oracle,iid,False,5
4,7,7001,1,10001,True,144,False,100,0.8537373888613078,6.247316925320774,0.5254060562358248,0.4602274853165057,1.0382725167188045,0.9980108840372856,0.5634923282575739,0.0024467937464194,13,6,0.20816659994661327,2500,OLS_oracle,iid,False,5
4,9,9001,13,130001,True,177,False,100,0.70273688421089,3.888187864329666,0.45792242601322186,0.3934334725827745,1.1138555089833213,0.9760844164857028,0.5810476631847483,0.001498022121242594,13,6,0.20816659994661327,2500,OLS_oracle,iid,False,5
4,8,8001,9,90001,True,234,False,100,0.8953736093115022,5.149577676784247,0.4580950227388156,0.38309427708617716,1.1407594123441278,1.0556915205159731,0.49830579273405423,0.0020209384037708803,13,6,0.20816659994661327,2500,OLS_oracle,iid,False,5
5,0,1,10,100001,True,146,False,100,0.6962106876760279,2.6834103083238006,0.3832845467378179,0.2999483992961841,0.9934159926598873,0.7965770973890904,0.7017293467224026,0.0019847237635325643,13,6,0.20816659994661327,2500,OLS_oracle,iid,False,5
5,1,1001,6,60001,True,107,False,100,0.6054868703637541,1.9870996088720858,0.5131964111539169,0.4480873946221401,1.1151562229723244,2.248939820573672,0.5185334207810991,0.0012547272464770041,13,6,0.20816659994661327,2500,OLS_oracle,iid,False,5
5,1,1001,8,80001,True,97,False,100,0.7893747089092475,1.8276062868535519,0.5116765671380874,0.43624540392125993,1.0298795348839025,1.0367521366764452,0.5336157009111089,0.0014724385976805736,13,6,0.20816659994661327,2500,OLS_oracle,iid,False,5
4,9,9001,11,110001,True,175,False,100,0.8946748429429501,4.041604993399233,0.5055626576396174,0.44265985636113664,0.9633044320952382,1.2607594113531466,0.3875636645795163,0.002139745378003049,13,6,0.20816659994661327,2500,OLS_oracle,iid,False,5
4,8,8001,22,220001,True,209,False,100,0.7528364811080336,4.63173325592652,0.4635915290652712,0.442431123099688,0.7705515638476271,0.9149756974324134,0.6066740141042773,0.0013359891944440003,13,6,0.20816659994661327,2500,OLS_oracle,iid,False,5
5,0,1,7,70001,True,126,False,100,0.8658879630482433,3.060787280090153,0.4959626439401788,0.4064398489966719,0.9058595958050705,1.0340018229662897,0.6043391792799988,0.0013828107778886109,13,6,0.20816659994661327,2500,OLS_oracle,iid,False,5
5,0,1,22,220001,True,135,False,100,0.7528364811080336,2.5103363529779017,0.4450955496111535,0.36843663052498565,0.8120596945757101,0.8255641414210898,0.6987619334087458,0.0020792100352827435,13,6,0.20816659994661327,2500,OLS_oracle,iid,False,5
4,4,4001,15,150001,True,213,False,100,0.9265435239350953,9.770393482875079,0.3494475225170722,0.28346832595971033,0.7753758328723023,0.8312162591347875,0.6594777621804622,0.0016907999049710167,13,6,0.20816659994661327,2500,OLS_oracle,iid,False,5
4,9,9001,29,290001,True,154,False,100,0.7969099998499383,3.3254271293990314,0.5235875076326542,0.4642545064540683,1.1054480192238194,1.034268358745766,0.5201439006185441,0.001830863217735079,13,6,0.20816659994661327,2500,OLS_oracle,iid,False,5
4,7,7001,6,60001,True,254,False,100,0.7309951493229003,6.6087214248254895,0.4978578726261895,0.4463668455549199,1.0913674835084102,0.8327394714766371,0.6344826549175333,0.001097288315248288,13,6,0.20816659994661327,2500,OLS_oracle,iid,False,5
4,8,8001,0,1,True,262,False,100,0.7618382172975056,5.775180353783071,0.45296134238173075,0.38203873781291126,0.9633381115338505,0.9755582349425398,0.6053487930778128,0.0017166713670273843,13,6,0.20816659994661327,2500,OLS_oracle,iid,False,5
4,9,9001,28,280001,True,158,False,100,0.8805932479718181,3.410000478848815,0.48482801258587876,0.4140388996206391,0.9976002749895797,1.5165387156631391,0.5608937295261417,0.0028074697133513224,13,6,0.20816659994661327,2500,OLS_oracle,iid,False,5
5,1,1001,14,140001,True,107,False,100,0.963199284990812,1.894114499911666,0.36157762572143953,0.28789693831445834,0.680788888503767,0.8385687988793307,0.643651726947787,0.0034665120093098,13,6,0.20816659994661327,2500,OLS_oracle,iid,False,5
5,0,1,3,30001,True,172,False,100,0.922673366122412,3.4756994643248618,0.2846208578430146,0.2178100091653477,0.5476439626551034,0.8232175125827363,0.6199857373166009,0.006319330875190547,13,6,0.20816659994661327,2500,OLS_oracle,iid,False,5
4,9,9001,19,190001,True,204,False,100,0.8288766553414016,4.1065556718967855,0.49638476586559804,0.4269317398603857,0.9228332686989403,0.9592811797602921,0.5826804484163757,0.0011014281854172371,13,6,0.20816659994661327,2500,OLS_oracle,iid,False,5
5,0,1,17,170001,True,152,False,100,0.7721309434333804,2.9880440407432616,0.3780486088032099,0.28772932592866396,0.7707711409242819,0.7775532220261666,0.6976946238158146,0.0020407541615489557,13,6,0.20816659994661327,2500,OLS_oracle,iid,False,5
4,9,9001,7,70001,True,164,False,100,0.8658879630482433,4.581124288961291,0.600422396295869,0.5576736004484992,0.9189764386282584,1.3151890367326056,0.4322295358919661,0.0012932687705723073,13,6,0.20816659994661327,2500,OLS_oracle,iid,False,5
4,9,9001,27,270001,True,127,False,100,0.7588206389274482,3.668393027037382,0.4642601613293773,0.42480740110184645,0.8719902534016821,1.8380526348848427,0.5792145558538785,0.0014494216794575748,13,6,0.20816659994661327,2500,OLS_oracle,iid,False,5
4,8,8001,19,190001,True,177,False,100,0.8288766553414016,5.370119988918304,0.5270469961752449,0.47360142989762927,0.9541554087229237,1.0476553195010527,0.5518838207583864,0.001082856479834079,13,6,0.20816659994661327,2500,OLS_oracle,iid,False,5
5,0,1,26,260001,True,146,False,100,0.792281736594413,2.8172217472456396,0.3703915736476318,0.28747953719702396,0.9061814837038218,0.7982480774432497,0.7331350361070009,0.0017847783263222705,13,6,0.20816659994661327,2500,OLS_oracle,iid,False,5
4,8,8001,26,260001,True,118,False,100,0.792281736594413,5.100243674125522,0.5045380175430484,0.44350629312658457,1.0465095953288854,1.068811472158193,0.48481620558094385,0.0013252512577668896,13,6,0.20816659994661327,2500,OLS_oracle,iid,False,5
4,8,8001,13,130001,True,132,False,100,0.70273688421089,5.79222568217665,0.525580103959745,0.4870406202019941,0.8610135154861023,1.0188805453627259,0.5500962661165608,0.0014607611252845474,13,6,0.20816659994661327,2500,OLS_oracle,iid,False,5
5,1,1001,10,100001,True,128,False,100,0.6962106876760279,2.3877807278186083,0.5009524033415471,0.4625028764978195,1.207139580084148,1.0322623749927924,0.5327034786863895,0.0019725808878513556,13,6,0.20816659994661327,2500,OLS_oracle,iid,False,5
5,0,1,15,150001,True,135,False,100,0.8242919900050558,3.300536761060357,0.48855314865028804,0.40823549322044644,0.9411463583582914,0.9988848637197493,0.5693234665339503,0.0017116063635147667,13,6,0.20816659994661327,2500,OLS_oracle,iid,False,5
4,5,5001,1,10001,True,214,False,100,0.8537373888613078,9.831547111272812,0.4227668724450635,0.3574328555564446,1.0375711351796626,0.933564708993192,0.5753317086187802,0.0023988341468350917,13,6,0.20816659994661327,2500,OLS_oracle,iid,False,5
4,6,6001,0,1,True,172,False,100,0.7618382172975056,8.951631417963654,0.5489230153931022,0.5010239331838717,0.959958901646308,1.035975561257211,0.5329645050854936,0.00160360075803098,13,6,0.20816659994661327,2500,OLS_oracle,iid,False,5
5,1,1001,15,150001,True,93,False,100,0.8242919900050558,2.2861702851951122,0.5247039460336358,0.4459993311832737,0.9683391924996094,1.0608864053715155,0.5448876124644312,0.0016553512473388495,13,6,0.20816659994661327,2500,OLS_oracle,iid,False,5
5,0,1,0,1,True,211,False,100,0.7618382172975056,3.9603052688762546,0.43208452378761747,0.35244505048960284,0.784924175686263,0.856762726325299,0.6823716828597257,0.0022076059504535267,13,6,0.20816659994661327,2500,OLS_oracle,iid,False,5
5,0,1,20,200001,True,176,False,100,0.7769255038978906,3.295956210233271,0.42515981747377435,0.33544841985091006,1.1357334594670134,1.1940421026373305,0.6542804198834121,0.0019430344408454196,13,6,0.20816659994661327,2500,OLS_oracle,iid,False,5
5,1,1001,21,210001,True,96,False,100,0.7635132529916642,2.1062858272343874,0.5034867743342232,0.46118494517877234,0.8204842854473292,1.1436965400484034,0.5401921647320372,0.0035132320500548377,13,6,0.20816659994661327,2500,OLS_oracle,iid,False,5
5,1,1001,17,170001,True,125,False,100,0.7721309434333804,2.3862291681580245,0.5166317922872184,0.4413579322478355,1.0522233578024052,1.0916938758687387,0.5158563720392605,0.0020207067627401104,13,6,0.20816659994661327,2500,OLS_oracle,iid,False,5
5,0,1,18,180001,True,184,False,100,0.8337458072174108,3.4497699537314475,0.341353661533259,0.26135191905472294,0.6868299129431342,0.7705732109306886,0.69546221917898,0.002414099243934728,13,6,0.20816659994661327,2500,OLS_oracle,iid,False,5
4,9,9001,2,20001,True,220,False,100,0.9245281397826336,5.319162801839411,0.47018895910751707,0.4350567393039848,0.8662907722519659,0.9321590244593898,0.5865298076760345,0.0013174602811075512,13,6,0.20816659994661327,2500,OLS_oracle,iid,False,5
5,0,1,27,270001,True,184,False,100,0.7588206389274482,3.434902880806476,0.30018051525231704,0.22009383319167247,0.7776174373993464,0.6159407092283339,0.7787160848889243,0.001802750302391887,13,6,0.20816659994661327,2500,OLS_oracle,iid,False,5
4,8,8001,27,270001,True,233,False,100,0.7588206389274482,5.590416545048356,0.4055621953532771,0.3235439798578738,0.864102169445538,0.8695988374852266,0.682543237704729,0.0015114913498046139,13,6,0.20816659994661327,2500,OLS_oracle,iid,False,5
4,1,1001,15,150001,True,263,False,100,0.9265435239350953,14.271843610797077,0.4140042480690258,0.3479879216800628,0.8996309249738754,0.8190471089042021,0.6664251744159793,0.0016540199187950555,13,6,0.20816659994661327,2500,OLS_oracle,iid,False,5
5,1,1001,3,30001,True,191,False,100,0.922673366122412,3.33390101371333,0.3148904729203045,0.2389578977025937,0.7068042467724642,0.8227427945553689,0.630733550539573,0.006411453629350645,13,6,0.20816659994661327,2500,OLS_oracle,iid,False,5
4,9,9001,8,80001,True,244,False,100,0.7893747089092475,5.30103765707463,0.510900027857181,0.46878478421940833,1.1719063669023249,1.0490695975673345,0.5192914576305953,0.0012182279512112947,13,6,0.20816659994661327,2500,OLS_oracle,iid,False,5
4,8,8001,25,250001,True,220,False,100,0.9201883798541622,5.6855060192756355,0.4719485488307502,0.40666150901111325,0.8554245494503796,0.9862423603701124,0.6096868274689251,0.001999852073852717,13,6,0.20816659994661327,2500,OLS_oracle,iid,False,5
4,4,4001,18,180001,True,378,False,100,0.8337458072174108,10.670357691124082,0.3580370652287834,0.29067602815954474,0.7856763963587102,0.8620191324481525,0.667726006525073,0.0018672820951855357,13,6,0.20816659994661327,2500,OLS_oracle,iid,False,5
4,9,9001,25,250001,True,190,False,100,0.9201883798541622,4.623959927819669,0.5433821594926525,0.4934886989497743,1.009651032849097,1.0754745633809295,0.4962997042164426,0.0018381862712950675,13,6,0.20816659994661327,2500,OLS_oracle,iid,False,5
4,9,9001,24,240001,True,213,False,100,0.881706198732095,4.691392670851201,0.503708968918391,0.43180714693247046,1.0909783632293797,1.0373930121983839,0.5981271149793419,0.0016575746282431112,13,6,0.20816659994661327,2500,OLS_oracle,iid,False,5
5,1,1001,20,200001,True,140,False,100,0.7769255038978906,2.6268545975908637,0.4754575356333563,0.393994558203697,1.1112632159335112,0.8915630037611528,0.6084159382563594,0.0018792290263310654,13,6,0.20816659994661327,2500,OLS_oracle,iid,False,5
4,9,9001,21,210001,True,104,False,100,0.8084603117799328,4.870493549387902,0.49602657723069604,0.4344164586325151,0.8202348166816807,0.9287174597407036,0.6120015807456991,0.003143262653036489,13,6,0.20816659994661327,2500,OLS_oracle,iid,False,5
5,1,1001,5,50001,True,119,False,100,0.8490287847098211,3.3994453228078783,0.5227790386558606,0.4686210553193718,0.9515431048031133,1.2574289412438417,0.5539966056468931,0.0018638979211374244,13,6,0.20816659994661327,2500,OLS_oracle,iid,False,5
4,9,9001,23,230001,True,176,False,100,0.8588706917275976,4.788858521729708,0.40547126106375075,0.3387804521603129,0.910930023534082,0.7902478834415465,0.6802432502571265,0.0025838476534017977,13,6,0.20816659994661327,2500,OLS_oracle,iid,False,5
4,6,6001,11,110001,True,218,False,100,0.8946748429429501,8.882807514164597,0.4291754120382057,0.3596328856914223,0.8638084816660547,0.9330417559629814,0.6219888636495614,0.002118086134081847,13,6,0.20816659994661327,2500,OLS_oracle,iid,False,5
4,3,3001,25,250001,True,240,False,100,0.9201883798541622,11.857775184791535,0.4702173728972595,0.4094246163232648,1.2004620488334448,1.0379874160917826,0.5181444359399882,0.0018874560059564066,13,6,0.20816659994661327,2500,OLS_oracle,iid,False,5
5,0,1,21,210001,True,170,False,100,0.7635132529916642,3.9516373998485506,0.40254518967272473,0.3093283628784226,0.7626966350774323,0.9083322878657982,0.622489269517709,0.00356114983556955,13,6,0.20816659994661327,2500,OLS_oracle,iid,False,5
4,9,9001,20,200001,True,222,False,100,0.7769255038978906,5.170049298088998,0.555347603397914,0.5037714371962841,0.997359288901792,1.1499363294422988,0.5240372440150148,0.001681937046619808,13,6,0.20816659994661327,2500,OLS_oracle,iid,False,5
5,2,2001,5,50001,True,109,False,100,0.8490287847098211,2.004824683070183,0.5041527916780353,0.4265289200860576,0.9215814717241493,0.967435032184972,0.594782671474733,0.001843304157234499,13,6,0.20816659994661327,2500,OLS_oracle,iid,False,5
5,0,1,25,250001,True,121,False,100,0.8543597406519545,3.9495949102565646,0.45024765204862544,0.3804887655268464,0.9149179952847374,1.0186034897767353,0.5462118150683863,0.0024290455761373664,13,6,0.20816659994661327,2500,OLS_oracle,iid,False,5
5,2,2001,6,60001,True,110,False,100,0.6054868703637541,2.0731183839961886,0.4870657644742152,0.4087625300936413,0.9234954804689524,0.8893595644050772,0.67126764011519,0.001273620262621913,13,6,0.20816659994661327,2500,OLS_oracle,iid,False,5
5,1,1001,27,270001,True,126,False,100,0.7588206389274482,2.5700564309954643,0.4415190315734614,0.35476506953215925,0.7892944315852407,0.9143104053897801,0.6308647967773363,0.0017380101496845893,13,6,0.20816659994661327,2500,OLS_oracle,iid,False,5
5,1,1001,7,70001,True,110,False,100,0.8658879630482433,3.800137281883508,0.44444374797904745,0.3569029418146891,0.9939938777418584,0.8979354275380371,0.6620294434965956,0.0013610804799110388,13,6,0.20816659994661327,2500,OLS_oracle,iid,False,5
5,0,1,16,160001,True,182,False,100,0.9064272971130153,4.36191076785326,0.3463123802053709,0.26255354270473413,0.8803685421860645,0.9681953662067202,0.6268107302667506,0.003923154555040627,13,6,0.20816659994661327,2500,OLS_oracle,iid,False,5
4,9,9001,12,120001,True,214,False,100,0.8520100870002809,5.842978843022138,0.49818741818261814,0.43108436268629907,0.9847044405242213,1.0407038392257295,0.58292196486811,0.001547786078475581,13,6,0.20816659994661327,2500,OLS_oracle,iid,False,5
4,8,8001,28,280001,True,237,False,100,0.8805932479718181,6.2886974099092185,0.4635048230075777,0.3866760447074749,0.8078652203174862,0.9554141684163713,0.5813095218440507,0.002978959668154664,13,6,0.20816659994661327,2500,OLS_oracle,iid,False,5
5,1,1001,0,1,True,218,False,100,0.7618382172975056,4.060068455059081,0.40399331224614066,0.31566092706924265,0.9421387935925675,0.8262452993015461,0.679286639925871,0.002243120776354372,13,6,0.20816659994661327,2500,OLS_oracle,iid,False,5
4,0,1,24,240001,True,315,False,100,0.881706198732095,16.49459116300568,0.47617436638096305,0.4442140172507841,0.9478932664248849,1.2447235442863473,0.47206066436824273,0.0016450337839901555,13,6,0.20816659994661327,2500,OLS_oracle,iid,False,5
5,1,1001,4,40001,True,237,False,100,0.7846581871320228,4.097611957695335,0.39993000200482504,0.3153245845015622,1.015414192581816,0.8040807007437341,0.7227765673857179,0.002698045101294632,13,6,0.20816659994661327,2500,OLS_oracle,iid,False,5
5,2,2001,7,70001,True,121,False,100,0.8658879630482433,2.317049383185804,0.5007975311308729,0.4230593210022653,0.9078394073046603,1.016647964544667,0.584039325665848,0.001353182580129259,13,6,0.20816659994661327,2500,OLS_oracle,iid,False,5
4,9,9001,9,90001,True,282,False,100,0.8953736093115022,6.0919166170060635,0.44324273311350043,0.37017889586381075,0.9084759995845082,1.032430185545645,0.6258401651045002,0.0020923842599042883,13,6,0.20816659994661327,2500,OLS_oracle,iid,False,5
5,0,1,19,190001,True,239,False,100,0.678000248893548,4.4242957648821175,0.38006126111948746,0.2879595975034394,1.0763514325882895,0.7333583178835363,0.7032033428621325,0.0013074654225457322,13,6,0.20816659994661327,2500,OLS_oracle,iid,False,5
5,0,1,13,130001,True,251,False,100,0.70273688421089,4.702808544971049,0.4272756193047749,0.3502761461402434,0.7347520762215685,0.8484156431539652,0.6939608197190011,0.002037623017100212,13,6,0.20816659994661327,2500,OLS_oracle,iid,False,5
5,0,1,12,120001,True,222,False,100,0.8520100870002809,4.715449744835496,0.4055720286613451,0.31883242635525016,1.015299088349021,0.7896789991968014,0.7147478915801952,0.0018641062965893379,13,6,0.20816659994661327,2500,OLS_oracle,iid,False,5
5,2,2001,21,210001,True,86,False,100,0.7635132529916642,1.8444872559048235,0.5219493459559058,0.44989060626196314,0.9451650020409865,0.9757585996390037,0.6011775511139185,0.0034782475801857734,13,6,0.20816659994661327,2500,OLS_oracle,iid,False,5
5,2,2001,8,80001,True,106,False,100,0.7893747089092475,2.3452927567996085,0.5324492018603764,0.4559414110008215,0.991234288867958,1.074829831361936,0.5350014072457645,0.001476032800204034,13,6,0.20816659994661327,2500,OLS_oracle,iid,False,5
4,9,9001,18,180001,True,133,False,100,0.8337458072174108,5.788735256996006,0.5183775686665715,0.45822220375734257,0.9913417716433752,1.0147740932643854,0.5348151839171925,0.0017570883890704518,13,6,0.20816659994661327,2500,OLS_oracle,iid,False,5
5,2,2001,0,1,True,143,False,100,0.7618382172975056,2.544360938947648,0.42521574440070503,0.33887640428341287,0.7821230090457878,0.7592411193036461,0.708161965248015,0.0021678572718545294,13,6,0.20816659994661327,2500,OLS_oracle,iid,False,5
5,2,2001,12,120001,True,129,False,100,0.8520100870002809,2.265832689125091,0.3856215896813501,0.30574958404468944,1.059622981277483,0.7721655809562414,0.7402838742253232,0.0017718792602435447,13,6,0.20816659994661327,2500,OLS_oracle,iid,False,5
5,2,2001,16,160001,True,114,False,100,0.9064272971130153,2.167670922819525,0.4788091619058767,0.414893527103471,1.0015805531374053,1.0929128843883584,0.5045125542812695,0.00379957423653683,13,6,0.20816659994661327,2500,OLS_oracle,iid,False,5
5,2,2001,19,190001,True,115,False,100,0.678000248893548,2.222173615824431,0.4691616566770821,0.38868577583020103,1.1819730763287084,0.9674170070166879,0.6499225724195888,0.0011839667265446945,13,6,0.20816659994661327,2500,OLS_oracle,iid,False,5
5,1,1001,28,280001,True,165,False,100,0.8805932479718181,3.08627246087417,0.33098258447662376,0.2576046109242504,0.5962115704059036,0.7966721638632503,0.6622668889585587,0.0035446654273143287,13,6,0.20816659994661327,2500,OLS_oracle,iid,False,5
5,2,2001,24,240001,True,107,False,100,0.881706198732095,2.0106938648968935,0.4425567168919865,0.3737054841903162,1.0246765164144975,0.8350145277386176,0.693214192724916,0.001937478215054449,13,6,0.20816659994661327,2500,OLS_oracle,iid,False,5
4,4,4001,20,200001,True,210,False,100,0.7769255038978906,11.601192974951118,0.493019961155987,0.4267129090537357,0.8857956339383586,1.14268996411995,0.503158894924699,0.0016355004959969957,13,6,0.20816659994661327,2500,OLS_oracle,iid,False,5
4,9,9001,22,220001,True,225,False,100,0.7528364811080336,5.785628203768283,0.47974674023886305,0.4251438220695804,0.8638825608994378,0.9023052760494588,0.6094155664751916,0.0013558509991732403,13,6,0.20816659994661327,2500,OLS_oracle,iid,False,5
5,3,3001,2,20001,True,101,False,100,0.6619158957565,1.9040918140672147,0.5251242396157251,0.44935439644881503,0.887139595267916,1.0676238572511099,0.5764889414520578,0.0015095499443902101,13,6,0.20816659994661327,2500,OLS_oracle,iid,False,5
5,1,1001,18,180001,True,133,False,100,0.8337458072174108,3.848365745972842,0.42491027248826024,0.3259568531874952,1.2105701549041332,1.2407191842596368,0.6677473856201815,0.0022936585793672244,13,6,0.20816659994661327,2500,OLS_oracle,iid,False,5
5,1,1001,25,250001,True,124,False,100,0.8543597406519545,3.4022419452667236,0.48400922708814953,0.4085761973314263,0.8483076141822301,1.0977482422724558,0.5874241711202561,0.0024424978963433932,13,6,0.20816659994661327,2500,OLS_oracle,iid,False,5
4,8,8001,5,50001,True,306,False,100,0.8490287847098211,7.826042952015996,0.46339359038939093,0.3925352673898077,0.8831246490821754,0.9759008849728045,0.5865430428116731,0.0011572857486678804,13,6,0.20816659994661327,2500,OLS_oracle,iid,False,5
5,3,3001,0,1,True,116,False,100,0.7618382172975056,2.0429237531498075,0.4926685565780505,0.41148065447044824,0.9066862578061389,1.0985545883105492,0.4437315667745576,0.0021419095824862316,13,6,0.20816659994661327,2500,OLS_oracle,iid,False,5
4,9,9001,26,260001,True,139,False,100,0.792281736594413,5.6899166707880795,0.5291137789197048,0.4704251572577197,0.9574097202881535,1.0357496977905578,0.5818678948591152,0.001323516428949673,13,6,0.20816659994661327,2500,OLS_oracle,iid,False,5
4,8,8001,17,170001,True,166,False,100,0.7721309434333804,7.4670110498555005,0.4758592742271759,0.41317918135909615,0.8145203899422175,0.9227805721989453,0.5725448659355485,0.0017262549257236735,13,6,0.20816659994661327,2500,OLS_oracle,iid,False,5
5,1,1001,1,10001,True,252,False,100,0.8537373888613078,4.745637251995504,0.4281657744382559,0.3748787578370663,0.6797141383201306,0.8810980055248954,0.6404690412288029,0.0027591068121031004,13,6,0.20816659994661327,2500,OLS_oracle,iid,False,5
4,9,9001,17,170001,True,268,False,100,0.7721309434333804,6.416669228114188,0.4598183346121215,0.3916398367352952,0.8727520293936891,0.9124460415492754,0.6148473094699693,0.0017256923555782617,13,6,0.20816659994661327,2500,OLS_oracle,iid,False,5
5,1,1001,19,190001,True,86,False,100,0.678000248893548,3.934326441027224,0.5337315559959502,0.45614694524240834,1.0628138289420814,2.302687996007909,0.5231833740734779,0.0011740357764827528,13,6,0.20816659994661327,2500,OLS_oracle,iid,False,5
4,8,8001,29,290001,True,143,False,100,0.7969099998499383,6.929317194968462,0.5193914359899964,0.4773934774174069,1.0773436383999075,0.9601826067005879,0.5927282455263966,0.001874733812938841,13,6,0.20816659994661327,2500,OLS_oracle,iid,False,5
5,0,1,9,90001,True,292,False,100,0.8953736093115022,5.383657068014145,0.39483428144221955,0.31903246484392017,0.7786515608298679,0.7597514738061766,0.7018974174526339,0.002903856917083247,13,6,0.20816659994661327,2500,OLS_oracle,iid,False,5
5,1,1001,9,90001,True,99,False,100,0.8953736093115022,4.347108099143952,0.47431310525635956,0.39147749518357,1.185397234093244,1.0942158441971257,0.5673616661545045,0.002912169610035959,13,6,0.20816659994661327,2500,OLS_oracle,iid,False,5
5,1,1001,11,110001,True,203,False,100,0.8946748429429501,4.354307702276856,0.41603679667134313,0.3306248140247129,0.9581857167459422,0.8969692547531716,0.5934685322168769,0.002822007061681692,13,6,0.20816659994661327,2500,OLS_oracle,iid,False,5
5,1,1001,2,20001,True,104,False,100,0.6619158957565,4.817921387031674,0.5042670419004898,0.4168903892237265,0.9313040656187727,1.2148770256666226,0.5426247998186063,0.0015224138064037953,13,6,0.20816659994661327,2500,OLS_oracle,iid,False,5
4,7,7001,2,20001,True,363,False,100,0.9245281397826336,9.09228384308517,0.33055720261322186,0.2783217397658501,0.537050828463877,0.7785921145168527,0.7249322499462324,0.001346134168512761,13,6,0.20816659994661327,2500,OLS_oracle,iid,False,5
5,2,2001,28,280001,True,134,False,100,0.8805932479718181,2.382280574180186,0.5147172299184674,0.4365832971521438,1.0036702951396714,1.106390785058349,0.48293680068183686,0.00344055674712365,13,6,0.20816659994661327,2500,OLS_oracle,iid,False,5
4,9,9001,10,100001,True,288,False,100,0.9189981573007079,6.797684013843536,0.3411550601719074,0.2753276410606174,0.7374483014845182,0.8281280880370834,0.6767162954564734,0.001982760297430143,13,6,0.20816659994661327,2500,OLS_oracle,iid,False,5
5,2,2001,3,30001,True,165,False,100,0.922673366122412,3.1500547220930457,0.36880628892763845,0.2790194432266016,0.9638264944014929,0.9458937126179491,0.49035018839472716,0.006389903203503851,13,6,0.20816659994661327,2500,OLS_oracle,iid,False,5
5,2,2001,4,40001,True,168,False,100,0.7846581871320228,3.1404519537463784,0.4044816073500176,0.31796575669809635,0.9408553601485053,0.7505051635825968,0.7296974666535629,0.002688472060634895,13,6,0.20816659994661327,2500,OLS_oracle,iid,False,5
5,2,2001,26,260001,True,137,False,100,0.792281736594413,2.5012243930250406,0.4985678294469743,0.4197696237658826,0.959559483624571,0.9720687456237862,0.5970388465195221,0.0017414512721829428,13,6,0.20816659994661327,2500,OLS_oracle,iid,False,5
4,9,9001,15,150001,True,146,False,100,0.9265435239350953,6.838972703088075,0.542341980098673,0.5019212687399535,1.0568850203825475,1.3401273351617213,0.5149655251125452,0.0016237882667359269,13,6,0.20816659994661327,2500,OLS_oracle,iid,False,5
5,2,2001,20,200001,True,131,False,100,0.7769255038978906,2.896292148157954,0.5480426552829183,0.47456881831507436,1.0928542679208832,1.2682295485184367,0.5496121089802856,0.0018913081001487432,13,6,0.20816659994661327,2500,OLS_oracle,iid,False,5
5,3,3001,6,60001,True,108,False,100,0.6054868703637541,2.307753263041377,0.5349943887759102,0.46165290224961086,0.9285671958018283,1.0930444980377665,0.5262463402233575,0.00127260211569532,13,6,0.20816659994661327,2500,OLS_oracle,iid,False,5
5,2,2001,14,140001,True,160,False,100,0.963199284990812,3.086577679030597,0.4007914423944577,0.3193520234200763,0.7813333897747968,0.8147265670553945,0.6676476432687055,0.0034393112248148764,13,6,0.20816659994661327,2500,OLS_oracle,iid,False,5
4,8,8001,12,120001,True,193,False,100,0.8520100870002809,8.21633726125583,0.5385384323819173,0.4900909086986362,1.10227932824781,1.0345515640937488,0.5805749348440954,0.0015277796438629878,13,6,0.20816659994661327,2500,OLS_oracle,iid,False,5
5,0,1,11,110001,True,129,False,100,0.8946748429429501,5.825300465803593,0.48759073883624754,0.40964550102603403,0.8456236527673194,1.038327840909122,0.5428631552135712,0.0028606112252041556,13,6,0.20816659994661327,2500,OLS_oracle,iid,False,5
4,9,9001,4,40001,True,344,False,100,0.7846581871320228,7.441475852858275,0.399619845351545,0.3342181797567919,0.9487108222745823,0.8146391155793946,0.685317367245167,0.0016696978472003892,13,6,0.20816659994661327,2500,OLS_oracle,iid,False,5
4,9,9001,14,140001,True,144,False,100,0.963199284990812,7.265700360760093,0.46221910648687425,0.42007338204532374,0.8320982802618723,1.0286937021394698,0.5574707156807326,0.003153932700662495,13,6,0.20816659994661327,2500,OLS_oracle,iid,False,5
5,3,3001,4,40001,True,142,False,100,0.7846581871320228,2.7705628839321434,0.47421985075408896,0.39735700082350284,0.7661936741562689,1.1265143754223181,0.45106453349123354,0.002670401782980005,13,6,0.20816659994661327,2500,OLS_oracle,iid,False,5
5,2,2001,18,180001,True,175,False,100,0.8337458072174108,3.3226023078896105,0.37339250696698395,0.29643304570800055,0.6089956248538436,0.7409704210801651,0.7216560796295279,0.002283900589233169,13,6,0.20816659994661327,2500,OLS_oracle,iid,False,5
5,3,3001,24,240001,True,115,False,100,0.881706198732095,2.143852809909731,0.4640319919556316,0.38884355473618254,0.9089830709364404,1.3478281610565168,0.5802638909062274,0.00193958141706539,13,6,0.20816659994661327,2500,OLS_oracle,iid,False,5
5,4,4001,13,130001,True,88,False,100,0.70273688421089,1.655079860240221,0.5461013339212845,0.46881115250904026,0.9611227113762523,1.2234675734444815,0.5258124151397712,0.001958724225046091,13,6,0.20816659994661327,2500,OLS_oracle,iid,False,5
5,2,2001,27,270001,True,172,False,100,0.7588206389274482,3.2589613660238683,0.33697905696412,0.25563731852723603,0.9777144370029727,0.7597105745735846,0.7112720553399394,0.0017623849996018961,13,6,0.20816659994661327,2500,OLS_oracle,iid,False,5
5,4,4001,6,60001,True,113,False,100,0.6054868703637541,1.9797262069769204,0.5126927865108556,0.4388339807196487,0.9908715334610001,0.9985970530959337,0.6236842541697076,0.00126351883088175,13,6,0.20816659994661327,2500,OLS_oracle,iid,False,5
5,4,4001,16,160001,True,94,False,100,0.9064272971130153,1.662824559956789,0.4766085637289165,0.3944552092230547,0.8630712858527673,1.011058557428223,0.5535022864473699,0.0038493413322174424,13,6,0.20816659994661327,2500,OLS_oracle,iid,False,5
5,2,2001,11,110001,True,207,False,100,0.8946748429429501,3.874361244030297,0.40024702616775965,0.3083427127569402,0.7549506402523756,0.8729132526847443,0.6140682426771884,0.0027730529337404108,13,6,0.20816659994661327,2500,OLS_oracle,iid,False,5
5,1,1001,26,260001,True,100,False,100,0.792281736594413,4.641567135695368,0.5190616254130194,0.4595437817008525,1.0316140467470725,1.193576245174188,0.4483149747122941,0.001730313817363395,13,6,0.20816659994661327,2500,OLS_oracle,iid,False,5
5,4,4001,8,80001,True,115,False,100,0.7893747089092475,2.0165549158118665,0.5243813622559483,0.4510522620974777,0.962348528079315,1.0848561731405844,0.5551156724476182,0.001464091349694904,13,6,0.20816659994661327,2500,OLS_oracle,iid,False,5
5,3,3001,23,230001,True,133,False,100,0.8588706917275976,2.5130333648994565,0.5208139271356611,0.44267428628197336,1.105153212466163,1.1651377984194502,0.43158541782050486,0.0029843595502477573,13,6,0.20816659994661327,2500,OLS_oracle,iid,False,5
5,1,1001,16,160001,True,201,False,100,0.9064272971130153,5.189821904990822,0.3503700228471754,0.26224406471039013,0.8094927634756941,0.7421976098438532,0.7083656172400267,0.003929363828649461,13,6,0.20816659994661327,2500,OLS_oracle,iid,False,5
5,2,2001,22,220001,True,189,False,100,0.7528364811080336,3.566359976772219,0.47636505044104815,0.4115637026707565,0.8767876882429807,0.9904757761278858,0.6054576650651717,0.002102860669922316,13,6,0.20816659994661327,2500,OLS_oracle,iid,False,5
5,2,2001,29,290001,True,154,False,100,0.7969099998499383,3.3641451061703265,0.45971528549241536,0.37996683140582793,0.8633747513653881,0.9778041248544942,0.560737632010576,0.002406123399278692,13,6,0.20816659994661327,2500,OLS_oracle,iid,False,5
5,3,3001,1,10001,True,150,False,100,0.8537373888613078,3.256907729897648,0.4394209366316002,0.3519581093974304,0.9527422652330516,0.8474842080924485,0.6438719064809035,0.002728546587384049,13,6,0.20816659994661327,2500,OLS_oracle,iid,False,5
5,1,1001,23,230001,True,175,False,100,0.8588706917275976,4.950713605154306,0.3005757682037302,0.21326676000399128,0.7647240888166738,0.6416081847338312,0.7527407702114111,0.0030073253346985943,13,6,0.20816659994661327,2500,OLS_oracle,iid,False,5
5,1,1001,12,120001,True,133,False,100,0.8520100870002809,5.6874533370137215,0.4505981144546832,0.37233195185924056,0.7918112329264986,0.9313781824694871,0.5933302028223245,0.0017715484851430637,13,6,0.20816659994661327,2500,OLS_oracle,iid,False,5
5,3,3001,27,270001,True,149,False,100,0.7588206389274482,2.7972096488811076,0.4616612883488929,0.38150017979388984,0.814418719111454,1.0557204938026974,0.5877940858473765,0.0018488658303029636,13,6,0.20816659994661327,2500,OLS_oracle,iid,False,5
5,3,3001,3,30001,True,193,False,100,0.922673366122412,3.676469654776156,0.3855265368957254,0.29315324437992735,0.7041584972625686,1.1882428951466983,0.3939802319132668,0.006667824493750423,13,6,0.20816659994661327,2500,OLS_oracle,iid,False,5
4,1,1001,9,90001,True,324,False,100,0.8953736093115022,17.763322342187166,0.38087911194360485,0.3172544040917564,0.7330245412153406,0.8404154497643286,0.6263650393467166,0.0020490287015962273,13,6,0.20816659994661327,2500,OLS_oracle,iid,False,5
5,4,4001,9,90001,True,140,False,100,0.8953736093115022,2.5970052829943597,0.4965317468062973,0.41856855192812675,0.8877483076651821,1.0503384525655117,0.5077234385963131,0.002880118554173526,13,6,0.20816659994661327,2500,OLS_oracle,iid,False,5
5,1,1001,29,290001,True,171,False,100,0.7969099998499383,4.85877696890384,0.39512463879755344,0.3084622007324163,0.9489408391734456,0.8781674758728808,0.6699317063317516,0.0024589422969996215,13,6,0.20816659994661327,2500,OLS_oracle,iid,False,5
5,5,5001,6,60001,True,105,False,100,0.6054868703637541,1.8768021240830421,0.5668676679440658,0.516770027378699,0.9170696738813562,1.237684134302501,0.5074051790630313,0.001257861492769202,13,6,0.20816659994661327,2500,OLS_oracle,iid,False,5
5,2,2001,15,150001,True,244,False,100,0.8242919900050558,4.54468336282298,0.32644544773143686,0.2661468108616761,0.6742313230382707,0.6760493159541185,0.7541653895930659,0.0017392804610456925,13,6,0.20816659994661327,2500,OLS_oracle,iid,False,5
5,3,3001,19,190001,True,180,False,100,0.678000248893548,3.427894346881658,0.46074687942141257,0.3815328607277363,0.8244101605116749,0.982498761108366,0.6496234926199724,0.0012232614357708359,13,6,0.20816659994661327,2500,OLS_oracle,iid,False,5
5,4,4001,19,190001,True,137,False,100,0.678000248893548,2.592320084106177,0.4269383525312079,0.3491765069854929,0.7430142809774709,0.7916397217821065,0.6926070188296933,0.0012049244243305614,13,6,0.20816659994661327,2500,OLS_oracle,iid,False,5
5,2,2001,2,20001,True,143,False,100,0.6619158957565,5.039784500841051,0.472220625629115,0.40671912747587513,0.8596809114327587,1.0403577002475348,0.5259793687261936,0.0015342645134338126,13,6,0.20816659994661327,2500,OLS_oracle,iid,False,5
5,4,4001,17,170001,True,140,False,100,0.7721309434333804,2.692300098016858,0.43622177389631156,0.34514895833712556,1.0841919045043538,0.9932518051068432,0.5501663373998366,0.0020120540161976063,13,6,0.20816659994661327,2500,OLS_oracle,iid,False,5
5,5,5001,19,190001,True,82,False,100,0.678000248893548,1.970855356194079,0.4905862928213367,0.40973007746164575,1.1355570911750736,1.0305837570991807,0.5866665953959644,0.0011601505345210776,13,6,0.20816659994661327,2500,OLS_oracle,iid,False,5
5,4,4001,20,200001,True,143,False,100,0.7769255038978906,2.713174569886178,0.4007824672244609,0.3139091832071158,0.8810785359620447,0.7898289269627503,0.7111027350940825,0.0018479725064786251,13,6,0.20816659994661327,2500,OLS_oracle,iid,False,5
5,3,3001,18,180001,True,189,False,100,0.8337458072174108,3.710060654208064,0.503909205083022,0.42541764103055374,0.9261184553129573,1.0923280534125295,0.519044417397075,0.002296682796121745,13,6,0.20816659994661327,2500,OLS_oracle,iid,False,5
5,0,1,24,240001,True,360,False,100,0.881706198732095,7.073663583025336,0.3956661979158406,0.3084344694875433,0.8880895231835161,0.8587884395966319,0.7093921890264497,0.0020489991645036634,13,6,0.20816659994661327,2500,OLS_oracle,iid,False,5
5,3,3001,16,160001,True,202,False,100,0.9064272971130153,3.8442942020483315,0.42465728665486535,0.32219279889558494,0.8907897527325828,0.8420708810901073,0.6259443119918322,0.003885832209006464,13,6,0.20816659994661327,2500,OLS_oracle,iid,False,5
5,5,5001,22,220001,True,107,False,100,0.7528364811080336,2.0682296459563076,0.40630920801243287,0.3287125784344696,0.7587237235591712,0.8120397782302453,0.6618307644449822,0.0020738724760467234,13,6,0.20816659994661327,2500,OLS_oracle,iid,False,5
4,8,8001,11,110001,True,299,False,100,0.8946748429429501,9.972467927727848,0.45370689368096784,0.392264732952977,0.8778676448571268,1.0629302244751004,0.5001824501473516,0.0021071099178999737,13,6,0.20816659994661327,2500,OLS_oracle,iid,False,5
5,3,3001,8,80001,True,222,False,100,0.7893747089092475,4.189628853928298,0.44769073772139073,0.3647020421353255,0.9289967550046687,0.9028979604502736,0.6393753380263263,0.0015303308721718925,13,6,0.20816659994661327,2500,OLS_oracle,iid,False,5
5,5,5001,21,210001,True,112,False,100,0.7635132529916642,2.161520834080875,0.4454858508155872,0.3628001540438837,0.9125576884940929,0.9434976812879521,0.5802662576435512,0.0034732621163005104,13,6,0.20816659994661327,2500,OLS_oracle,iid,False,5
5,3,3001,29,290001,True,97,False,100,0.7969099998499383,3.573242961894721,0.5215895782699034,0.44706174663102816,0.9035580542142226,1.0829068292675839,0.5329385133777048,0.0024006395270989153,13,6,0.20816659994661327,2500,OLS_oracle,iid,False,5
5,3,3001,26,260001,True,133,False,100,0.792281736594413,3.707147122826427,0.43060102536490213,0.3469343939068101,0.9796955430131571,0.9228878549114252,0.5699200481891291,0.0017489947963284052,13,6,0.20816659994661327,2500,OLS_oracle,iid,False,5
5,5,5001,7,70001,True,129,False,100,0.8658879630482433,2.5243716998957098,0.48159339980855215,0.3991453640748816,1.0597157145823233,1.0660344855180983,0.5567536313910707,0.001368000050142282,13,6,0.20816659994661327,2500,OLS_oracle,iid,False,5
5,0,1,14,140001,True,214,False,100,0.963199284990812,7.719877623021603,0.4123976871263234,0.3216116986084593,0.9351913292970349,0.9253982936240995,0.5760258683508117,0.003463636142178597,13,6,0.20816659994661327,2500,OLS_oracle,iid,False,5
5,3,3001,5,50001,True,240,False,100,0.8490287847098211,4.547922710888088,0.3947064754781229,0.314625423849305,0.7120488447143728,0.7972894912717146,0.7079950366373662,0.0019381652000146849,13,6,0.20816659994661327,2500,OLS_oracle,iid,False,5
5,3,3001,12,120001,True,228,False,100,0.8520100870002809,4.267895119730383,0.45314236383659134,0.3601107720019153,1.0102487247345313,0.8900849963038442,0.6522801035431898,0.0018289548941446503,13,6,0.20816659994661327,2500,OLS_oracle,iid,False,5
4,7,7001,24,240001,True,216,False,100,0.881706198732095,10.86625136481598,0.47817826310768513,0.40229833993528435,0.9473476991963231,1.0057610024197912,0.5546321153977383,0.0016847156208870146,13,6,0.20816659994661327,2500,OLS_oracle,iid,False,5
5,3,3001,9,90001,True,227,False,100,0.8953736093115022,4.442337553948164,0.35790619894736264,0.2786354419750018,0.7755861195421606,0.726034393477219,0.7336076871234068,0.0029375675481053292,13,6,0.20816659994661327,2500,OLS_oracle,iid,False,5
5,0,1,6,60001,True,225,False,100,0.6054868703637541,8.07106077671051,0.4669408947758379,0.37721910637041145,1.0012758343993884,0.919964993775126,0.6538413818864672,0.0013111696484893315,13,6,0.20816659994661327,2500,OLS_oracle,iid,False,5
5,3,3001,15,150001,True,108,False,100,0.8242919900050558,4.214160433039069,0.4688861369415289,0.39622266636743125,0.8531601658266652,0.8984614488062997,0.6519195477917024,0.0016998519770347253,13,6,0.20816659994661327,2500,OLS_oracle,iid,False,5
5,1,1001,13,130001,True,208,False,100,0.70273688421089,6.705453620757908,0.5096454857761231,0.4242129199487621,0.9489033716763982,0.9000930481868035,0.6381554047813605,0.0020127066097038637,13,6,0.20816659994661327,2500,OLS_oracle,iid,False,5
5,6,6001,7,70001,True,85,False,100,0.8658879630482433,1.5246083470992744,0.5453882546709617,0.4706054212024292,0.9884260296783728,1.1441051448272517,0.5345234007986384,0.0013574948599396615,13,6,0.20816659994661327,2500,OLS_oracle,iid,False,5
5,3,3001,20,200001,True,172,False,100,0.7769255038978906,3.974342677742243,0.4651468167495482,0.3836575965512438,0.9090219554091244,0.9375477793423744,0.576348367534185,0.0018701047662203819,13,6,0.20816659994661327,2500,OLS_oracle,iid,False,5
5,4,4001,12,120001,True,176,False,100,0.8520100870002809,3.3008870813064277,0.450020362958409,0.36651021296838354,0.9715884052102509,0.969529979721854,0.6598857032441378,0.0018916198495521424,13,6,0.20816659994661327,2500,OLS_oracle,iid,False,5
5,3,3001,14,140001,True,226,False,100,0.963199284990812,4.275585919618607,0.4317725605205822,0.3359851122019897,0.8611318573127623,1.017482036887121,0.6602870768822382,0.0036096490405852725,13,6,0.20816659994661327,2500,OLS_oracle,iid,False,5
5,6,6001,4,40001,True,94,False,100,0.7846581871320228,1.8180598001927137,0.5000836262569217,0.42142655654850897,1.0196779804661569,1.0617164986065708,0.5148479112812714,0.0026420307190616757,13,6,0.20816659994661327,2500,OLS_oracle,iid,False,5
4,8,8001,7,70001,True,189,False,100,0.8658879630482433,10.587180552072823,0.4482444246564469,0.38542238485198155,0.7805005166073465,0.8930678956140247,0.6137831408777106,0.0012939260952159878,13,6,0.20816659994661327,2500,OLS_oracle,iid,False,5
5,4,4001,11,110001,True,174,False,100,0.8946748429429501,3.4622619110159576,0.3847890914934628,0.303555360887643,0.7035749092680524,0.8314726728128478,0.6330106260793791,0.002846947417868459,13,6,0.20816659994661327,2500,OLS_oracle,iid,False,5
5,6,6001,0,1,True,100,False,100,0.7618382172975056,2.084848696831614,0.5283278853115306,0.4479994151114676,1.0265921542786485,0.9822186045316371,0.5891123199688335,0.0021810936235669097,13,6,0.20816659994661327,2500,OLS_oracle,iid,False,5
5,2,2001,25,250001,True,213,False,100,0.8543597406519545,5.079538228921592,0.37400030189876016,0.2993494966287862,0.8579994863900808,0.8201789017710347,0.6908364910698113,0.002493539486894151,13,6,0.20816659994661327,2500,OLS_oracle,iid,False,5
5,5,5001,2,20001,True,150,False,100,0.6619158957565,3.070512083824724,0.45212211390411855,0.36794666347625166,0.86704995295461,0.9052300397764854,0.60806282187799,0.001521020591994341,13,6,0.20816659994661327,2500,OLS_oracle,iid,False,5
4,7,7001,10,100001,True,398,False,100,0.9189981573007079,11.694231641013175,0.33645680786901194,0.2515784770123752,0.801546196562802,0.8025095929859182,0.688354421725077,0.0020600636407359057,13,6,0.20816659994661327,2500,OLS_oracle,iid,False,5
5,6,6001,2,20001,True,114,False,100,0.6619158957565,2.264558686874807,0.5131544190669414,0.43882859968217675,0.9447165311566577,1.9488084606601295,0.49112842988281324,0.0014965279009866714,13,6,0.20816659994661327,2500,OLS_oracle,iid,False,5
5,3,3001,13,130001,True,253,False,100,0.70273688421089,4.725199317093939,0.4391657896699728,0.34383672993052455,1.0919479414527196,0.8912392012164729,0.696317475670345,0.0021072830805941058,13,6,0.20816659994661327,2500,OLS_oracle,iid,False,5
5,2,2001,17,170001,True,312,False,100,0.7721309434333804,5.657423194032162,0.3154656971941799,0.2417093855586397,0.6244864903799814,0.7443582146444301,0.7529651680807399,0.002152817821258151,13,6,0.20816659994661327,2500,OLS_oracle,iid,False,5
5,4,4001,22,220001,True,191,False,100,0.7528364811080336,3.602122893091291,0.43044178789402204,0.3367498631061361,1.1133192012963875,0.8678731719289724,0.7088662899711372,0.002112970987921911,13,6,0.20816659994661327,2500,OLS_oracle,iid,False,5
5,4,4001,21,210001,True,206,False,100,0.7635132529916642,3.6126103927381337,0.43531496071631004,0.34721984154663876,1.0391733990710048,0.9900497792202634,0.6227165056191812,0.003502111616192993,13,6,0.20816659994661327,2500,OLS_oracle,iid,False,5
5,6,6001,6,60001,True,102,False,100,0.6054868703637541,2.105001454707235,0.539603480145492,0.45982218860214724,0.9402536052274885,1.2745120663378906,0.5496330247479568,0.0012426618390956499,13,6,0.20816659994661327,2500,OLS_oracle,iid,False,5
5,4,4001,5,50001,True,220,False,100,0.8490287847098211,4.0956326723098755,0.4781461809902668,0.3982885097842631,0.9542021408198059,1.0554242638688702,0.5585580854019777,0.0019297153497233007,13,6,0.20816659994661327,2500,OLS_oracle,iid,False,5
5,6,6001,11,110001,True,114,False,100,0.8946748429429501,2.0255725672468543,0.4586623295824852,0.3809165535797393,0.9179808297684969,0.8218261686350693,0.6708432408910323,0.0028273197766870324,13,6,0.20816659994661327,2500,OLS_oracle,iid,False,5
4,5,5001,28,280001,True,315,False,100,0.8805932479718181,14.048370312899351,0.44005248262417607,0.36641491966084394,1.0099483956591029,1.094360871284472,0.5731009352489788,0.0028829257638737097,13,6,0.20816659994661327,2500,OLS_oracle,iid,False,5
5,4,4001,25,250001,True,203,False,100,0.8543597406519545,3.806685058865696,0.4705646777154954,0.3852394313440663,0.9588396092814264,1.0414934131226508,0.5887469436035262,0.0024754768023315774,13,6,0.20816659994661327,2500,OLS_oracle,iid,False,5
5,6,6001,8,80001,True,117,False,100,0.7893747089092475,2.2529529333114624,0.5029655485643282,0.424596239195318,0.942656679663692,1.0511247175445573,0.524362171346644,0.0014960668943290235,13,6,0.20816659994661327,2500,OLS_oracle,iid,False,5
5,5,5001,25,250001,True,163,False,100,0.8543597406519545,3.005688270088285,0.4643952857339331,0.3778014934084695,0.8829658271394291,0.9980772129091002,0.5941938828649183,0.0024938486970857527,13,6,0.20816659994661327,2500,OLS_oracle,iid,False,5
5,5,5001,11,110001,True,193,False,100,0.8946748429429501,3.3876684410497546,0.41024502579103894,0.30897680972129227,0.9680908299243064,1.0184704748321096,0.5919712008931493,0.00288017510985693,13,6,0.20816659994661327,2500,OLS_oracle,iid,False,5
5,4,4001,1,10001,True,251,False,100,0.8537373888613078,4.653437488246709,0.4638192745423474,0.37141667188734817,0.8391564997505514,1.0478849019485816,0.5577919694900388,0.0028169134808328083,13,6,0.20816659994661327,2500,OLS_oracle,iid,False,5
5,6,6001,25,250001,True,88,False,100,0.8543597406519545,1.6599262077361345,0.44972465629308334,0.3624603483307917,0.8279768906407324,0.9389228846552343,0.5861300684398421,0.0024679069828391314,13,6,0.20816659994661327,2500,OLS_oracle,iid,False,5
5,3,3001,21,210001,True,98,False,100,0.7635132529916642,4.949379503726959,0.5103060753834546,0.43446992484113917,0.8529566196675282,1.064537492628397,0.5034845228306847,0.003477275221356375,13,6,0.20816659994661327,2500,OLS_oracle,iid,False,5
5,6,6001,9,90001,True,131,False,100,0.8953736093115022,2.481156564783305,0.40441464517483144,0.3178474510346984,1.0260153052751102,1.2021238635719136,0.6730337071406977,0.0029207297795978415,13,6,0.20816659994661327,2500,OLS_oracle,iid,False,5
5,5,5001,3,30001,True,200,False,100,0.922673366122412,3.7782629262655973,0.3212121704072894,0.23059566689271313,0.731401282890697,0.8382875011058858,0.6520061415193772,0.006450551768864971,13,6,0.20816659994661327,2500,OLS_oracle,iid,False,5
5,1,1001,22,220001,True,161,False,100,0.7528364811080336,7.252597096841782,0.4403910123514511,0.35462673147518353,0.878988788033515,0.8648057771702632,0.6616999528994421,0.002081716641145976,13,6,0.20816659994661327,2500,OLS_oracle,iid,False,5
5,5,5001,14,140001,True,187,False,100,0.963199284990812,3.5719892298802733,0.3842775671100081,0.292087698264936,0.9601044066288891,0.8202341578649155,0.6450104646350294,0.003637682623275839,13,6,0.20816659994661327,2500,OLS_oracle,iid,False,5
5,4,4001,27,270001,True,224,False,100,0.7588206389274482,4.109951118007302,0.4469524808461337,0.37245356770065197,0.8710628808501516,0.9036675898312287,0.6556087960949338,0.0017774954787485723,13,6,0.20816659994661327,2500,OLS_oracle,iid,False,5
5,5,5001,28,280001,True,113,False,100,0.8805932479718181,3.194804446771741,0.4558827259640657,0.37144613880625205,0.9653458218450679,0.9431808447206496,0.5955609569324735,0.0035239865672845798,13,6,0.20816659994661327,2500,OLS_oracle,iid,False,5
5,5,5001,16,160001,True,182,False,100,0.9064272971130153,3.5783414989709854,0.43378405537085774,0.3458649842364539,0.9394932861676512,1.8792691197142886,0.5093106641714217,0.003837945938383621,13,6,0.20816659994661327,2500,OLS_oracle,iid,False,5
5,6,6001,24,240001,True,107,False,100,0.881706198732095,1.8832404920831323,0.4661955892804955,0.4083497822288641,0.8054271734686439,0.9821739268496943,0.5668563844023713,0.0019120241051927428,13,6,0.20816659994661327,2500,OLS_oracle,iid,False,5
5,6,6001,16,160001,True,120,False,100,0.9064272971130153,2.3898080647923052,0.431697824998496,0.35075094868654655,0.9841265503398864,0.9866698257499589,0.5649097983561449,0.0037773829650348755,13,6,0.20816659994661327,2500,OLS_oracle,iid,False,5
5,6,6001,20,200001,True,113,False,100,0.7769255038978906,2.1286591198295355,0.4747102815992761,0.3954718124872789,0.8309201103742044,0.982155793632387,0.5872271229358157,0.0018493925340943187,13,6,0.20816659994661327,2500,OLS_oracle,iid,False,5
5,4,4001,0,1,True,131,False,100,0.7618382172975056,4.972923108842224,0.5131339068443354,0.43027230646411624,0.9925816355396754,1.0791199409651064,0.5556435325298157,0.002167114265296985,13,6,0.20816659994661327,2500,OLS_oracle,iid,False,5
5,4,4001,23,230001,True,210,False,100,0.8588706917275976,4.302390054333955,0.4265562975068676,0.33948479067735077,0.9123902639364215,0.8657351550299164,0.6482704408472533,0.002936217907100985,13,6,0.20816659994661327,2500,OLS_oracle,iid,False,5
5,4,4001,4,40001,True,276,False,100,0.7846581871320228,4.7904508779756725,0.4365059578636773,0.3416000808462161,1.1331315094279657,0.775190973332629,0.6666479021738922,0.00272816845034639,13,6,0.20816659994661327,2500,OLS_oracle,iid,False,5
5,6,6001,13,130001,True,133,False,100,0.70273688421089,2.643932384904474,0.5070461492080721,0.4537473022493632,0.9200489133505433,1.1116676704675714,0.5180701610633555,0.002018682740762162,13,6,0.20816659994661327,2500,OLS_oracle,iid,False,5
5,3,3001,22,220001,True,135,False,100,0.7528364811080336,5.201537027955055,0.4881449546688737,0.4169208345183209,0.9436749711348114,1.006679937155604,0.6154321237507145,0.0020680967393604606,13,6,0.20816659994661327,2500,OLS_oracle,iid,False,5
5,0,1,29,290001,True,239,False,100,0.7969099998499383,8.703476058784872,0.42768526622148034,0.34881798289956656,0.9302724215422405,0.8552074775053339,0.6460214621296583,0.0025200673431604106,13,6,0.20816659994661327,2500,OLS_oracle,iid,False,5
5,3,3001,28,280001,True,274,False,100,0.8805932479718181,5.116859694942832,0.3519053098533732,0.2918491409891582,0.6851321583218625,0.9774464663767961,0.643908012962205,0.003570068656778587,13,6,0.20816659994661327,2500,OLS_oracle,iid,False,5
5,6,6001,19,190001,True,131,False,100,0.678000248893548,2.4789109299890697,0.43652733439417335,0.35062796229373266,0.8793057107988818,1.3029040185695453,0.6339835195334278,0.001174386933978614,13,6,0.20816659994661327,2500,OLS_oracle,iid,False,5
5,5,5001,9,90001,True,106,False,100,0.8953736093115022,4.059816577006131,0.44779353893349433,0.3642030008516388,0.8588740011800879,1.0388423830478133,0.5040169035193558,0.0028280034592545046,13,6,0.20816659994661327,2500,OLS_oracle,iid,False,5
5,4,4001,14,140001,True,253,False,100,0.963199284990812,4.757206995971501,0.4084291507617803,0.3449762491307116,0.807280202682165,0.8402104037972116,0.6498673068945009,0.003601100676634147,13,6,0.20816659994661327,2500,OLS_oracle,iid,False,5
5,6,6001,15,150001,True,109,False,100,0.8242919900050558,2.862188861705363,0.5084034199456999,0.44858627363677317,1.0345527049197087,1.0544276944189166,0.6192934963641646,0.0016885636045499992,13,6,0.20816659994661327,2500,OLS_oracle,iid,False,5
5,5,5001,0,1,True,238,False,100,0.7618382172975056,4.485066082794219,0.30141498279883944,0.22130631809671916,0.6367329671002959,0.703776376885437,0.7212257297719853,0.0022357647024001375,13,6,0.20816659994661327,2500,OLS_oracle,iid,False,5
5,6,6001,3,30001,True,180,False,100,0.922673366122412,3.4261893881484866,0.3839912501639431,0.30160038766973746,0.8294395007700821,1.1057608759861581,0.3602051641958577,0.006595424252439798,13,6,0.20816659994661327,2500,OLS_oracle,iid,False,5
5,3,3001,7,70001,True,197,False,100,0.8658879630482433,6.08075896371156,0.4196039553998463,0.3346852455434084,1.0489127989053295,0.8981776140779312,0.6999528198423612,0.001392895369782994,13,6,0.20816659994661327,2500,OLS_oracle,iid,False,5
5,6,6001,14,140001,True,159,False,100,0.963199284990812,3.0202024350874126,0.4319773427780561,0.33985333013602165,0.8627516839852296,0.9998595088516589,0.5572537660477046,0.003557472922707864,13,6,0.20816659994661327,2500,OLS_oracle,iid,False,5
5,4,4001,29,290001,True,192,False,100,0.7969099998499383,4.531773116905242,0.4207660064471361,0.33481275439655944,0.9057755757306906,0.7670945913760602,0.6882775934280352,0.00243573219430271,13,6,0.20816659994661327,2500,OLS_oracle,iid,False,5
4,9,9001,5,50001,True,259,False,100,0.8490287847098211,10.960619295947254,0.49320908756327614,0.42624320977983926,1.105830809850986,0.9525244613731854,0.5925368608726989,0.0011419999471094981,13,6,0.20816659994661327,2500,OLS_oracle,iid,False,5
5,6,6001,5,50001,True,172,False,100,0.8490287847098211,3.238430730998516,0.4586852399876489,0.3674948133703998,0.8919382258080416,0.9786752606531899,0.6149774807940217,0.001926298920335566,13,6,0.20816659994661327,2500,OLS_oracle,iid,False,5
5,4,4001,2,20001,True,175,False,100,0.6619158957565,5.345345472916961,0.5140495947284475,0.43069179441186356,1.0005088346414137,1.045699752406514,0.581067291839118,0.001546871283626074,13,6,0.20816659994661327,2500,OLS_oracle,iid,False,5
5,0,1,1,10001,True,246,False,100,0.8537373888613078,9.907217087689787,0.4163488982964649,0.34233690641086156,0.9574300270311741,0.9841550682771235,0.6128831994147,0.002815305113935241,13,6,0.20816659994661327,2500,OLS_oracle,iid,False,5
5,5,5001,13,130001,True,96,False,100,0.70273688421089,4.203434292692691,0.4773581834798589,0.3985459560263649,0.8826128552760034,0.9318586046889843,0.6386235000706482,0.0020504849281333696,13,6,0.20816659994661327,2500,OLS_oracle,iid,False,5
5,3,3001,10,100001,True,149,False,100,0.6962106876760279,6.148361979983747,0.43482928225886686,0.35301969038266273,0.8962607998889273,0.8868139408424924,0.6331935758665811,0.001957166212297785,13,6,0.20816659994661327,2500,OLS_oracle,iid,False,5
5,5,5001,20,200001,True,235,False,100,0.7769255038978906,4.128713614307344,0.39374335953114725,0.30926961167469763,0.9481225732560818,0.8674807177603509,0.6824936473236758,0.0019232521953269886,13,6,0.20816659994661327,2500,OLS_oracle,iid,False,5
5,6,6001,27,270001,True,121,False,100,0.7588206389274482,2.296259738970548,0.4767892468989824,0.39761839144591576,0.9037803611983815,0.9558561838443729,0.609208253889653,0.0017306290326151838,13,6,0.20816659994661327,2500,OLS_oracle,iid,False,5
5,5,5001,29,290001,True,193,False,100,0.7969099998499383,3.7668170207180083,0.324618393441983,0.24097355665852055,0.7181026868498595,0.7023379819080179,0.7322945068279674,0.002441793273325386,13,6,0.20816659994661327,2500,OLS_oracle,iid,False,5
5,2,2001,10,100001,True,228,False,100,0.6962106876760279,7.13378784712404,0.4680686421822209,0.38872330769264973,0.9407051283730156,1.0360273148454575,0.6030882195598057,0.0020551571684590784,13,6,0.20816659994661327,2500,OLS_oracle,iid,False,5
5,7,7001,7,70001,True,110,False,100,0.8658879630482433,2.088995900005102,0.5298612136918635,0.4541285889420144,1.0109899545735044,1.1474972143323083,0.5250653046955422,0.0013205347573166726,13,6,0.20816659994661327,2500,OLS_oracle,iid,False,5
5,7,7001,13,130001,True,96,False,100,0.70273688421089,1.9602271961048245,0.4635077861771623,0.37268281069597337,0.8713962288745969,0.9492792106744052,0.6109753169341134,0.0020044205297357247,13,6,0.20816659994661327,2500,OLS_oracle,iid,False,5
5,6,6001,26,260001,True,106,False,100,0.792281736594413,2.4957687882706523,0.4422246920456124,0.3449614022440018,0.9623636253499869,0.9982450209433321,0.6412710824602212,0.0017415697536192255,13,6,0.20816659994661327,2500,OLS_oracle,iid,False,5
5,2,2001,9,90001,True,232,False,100,0.8953736093115022,7.324285585898906,0.4548455398983804,0.36634232968025465,1.0024896061241746,0.9904173096541449,0.5974849685332351,0.002971910341943651,13,6,0.20816659994661327,2500,OLS_oracle,iid,False,5
5,4,4001,7,70001,True,259,False,100,0.8658879630482433,5.441742930095643,0.42718790218319264,0.33619606030570376,1.1902814624931597,0.7537954663331023,0.7078740605436866,0.0014209887440101276,13,6,0.20816659994661327,2500,OLS_oracle,iid,False,5
5,3,3001,25,250001,True,142,False,100,0.8543597406519545,5.969150405842811,0.4907910165711281,0.4116276713035095,0.881013501388256,1.3422601890434793,0.5560446226134336,0.0025513911120893964,13,6,0.20816659994661327,2500,OLS_oracle,iid,False,5
5,7,7001,0,1,True,100,False,100,0.7618382172975056,2.535976184066385,0.4718868471639488,0.3923737244685622,1.0466046173861285,0.9140992293542971,0.6282546559675639,0.002179177128231753,13,6,0.20816659994661327,2500,OLS_oracle,iid,False,5
5,4,4001,15,150001,True,117,False,100,0.8242919900050558,5.271465728990734,0.4843087731840125,0.40593512111211283,0.9756117516408707,1.02735811805118,0.6057157102860692,0.0016665862409309254,13,6,0.20816659994661327,2500,OLS_oracle,iid,False,5
5,6,6001,22,220001,True,175,False,100,0.7528364811080336,3.0847657611593604,0.48995053490194546,0.4107643236424013,0.9164321323780685,1.0792829982490084,0.5868873182397967,0.002076190905857891,13,6,0.20816659994661327,2500,OLS_oracle,iid,False,5
5,3,3001,17,170001,True,342,False,100,0.7721309434333804,6.456703715026379,0.3344566978284324,0.2551131764719204,0.8233867173778904,0.7768678526306885,0.7228007559251572,0.002152384400209566,13,6,0.20816659994661327,2500,OLS_oracle,iid,False,5
5,7,7001,26,260001,True,110,False,100,0.792281736594413,2.1418997030705214,0.4849840830883598,0.4069466146232909,0.866466403890248,1.0624137836822811,0.5088938943190788,0.0017218897340328997,13,6,0.20816659994661327,2500,OLS_oracle,iid,False,5
5,7,7001,2,20001,True,141,False,100,0.6619158957565,2.696996587328613,0.4694490227464685,0.3885633902413786,0.8746614812894968,0.9945166955437481,0.5772393676076444,0.0015177860115716901,13,6,0.20816659994661327,2500,OLS_oracle,iid,False,5
5,0,1,28,280001,True,221,False,100,0.8805932479718181,9.766172479838133,0.36444592223151284,0.26750776561542866,0.7668704020239444,0.7716847115337284,0.6902660005881542,0.0036091554285230996,13,6,0.20816659994661327,2500,OLS_oracle,iid,False,5
5,4,4001,28,280001,True,275,False,100,0.8805932479718181,5.214364133775234,0.4518242492676946,0.3636389798598275,1.0002445465376526,1.0454831869071566,0.5676260235508418,0.00358778158836553,13,6,0.20816659994661327,2500,OLS_oracle,iid,False,5
5,5,5001,18,180001,True,255,False,100,0.8337458072174108,4.840537579264492,0.4269647516583953,0.34198488067369526,0.8585490944465135,0.8744314992751097,0.677348829980966,0.002324211012346897,13,6,0.20816659994661327,2500,OLS_oracle,iid,False,5
5,8,8001,6,60001,True,98,False,100,0.6054868703637541,1.8656816072762012,0.5385135020084328,0.4639626543838745,0.9483087288585489,1.060258031181376,0.5596293771956213,0.0012704617160746064,13,6,0.20816659994661327,2500,OLS_oracle,iid,False,5
4,7,7001,4,40001,True,315,False,100,0.7846581871320228,13.951077935751528,0.4453390529072697,0.3744538778114126,0.9366123481234331,0.8816243379444885,0.6556386992922458,0.0016685364129504683,13,6,0.20816659994661327,2500,OLS_oracle,iid,False,5
4,4,4001,0,1,True,401,False,100,0.7618382172975056,17.923624228686094,0.36085690289670075,0.28745580305753304,0.8390250922499982,0.8559225426747792,0.6558490150963768,0.0017678330536480876,13,6,0.20816659994661327,2500,OLS_oracle,iid,False,5
5,1,1001,24,240001,True,231,False,100,0.881706198732095,8.652346454095095,0.3720310849987278,0.282409485226789,0.7965337534286118,0.7570142244681592,0.6702748549851744,0.0019794200758041693,13,6,0.20816659994661327,2500,OLS_oracle,iid,False,5
5,5,5001,23,230001,True,279,False,100,0.8588706917275976,4.935855564195663,0.43368660772662376,0.3475297530833762,0.8950230237366227,0.9494063566025478,0.6355835904020496,0.0029899118081944632,13,6,0.20816659994661327,2500,OLS_oracle,iid,False,5
5,8,8001,8,80001,True,112,False,100,0.7893747089092475,1.9837466506287456,0.5173876220630478,0.4662127968937103,0.9094857749003344,0.9813868623599868,0.6146254628505058,0.0014684845676097783,13,6,0.20816659994661327,2500,OLS_oracle,iid,False,5
5,7,7001,1,10001,True,164,False,100,0.8537373888613078,3.1323652868159115,0.4482326821643583,0.380137731925051,0.9573717124253974,0.9108029278057509,0.6349161454968932,0.0027427898825383833,13,6,0.20816659994661327,2500,OLS_oracle,iid,False,5
5,2,2001,1,10001,True,446,False,100,0.8537373888613078,8.339815757237375,0.3620878279270545,0.2912802994619854,0.6173128723900166,0.7776300915927519,0.7035794799727898,0.0027981017207686313,13,6,0.20816659994661327,2500,OLS_oracle,iid,False,5
5,7,7001,22,220001,True,146,False,100,0.7528364811080336,2.8546186620369554,0.40221956028844597,0.31684861515622675,0.8339104369657884,0.7555973636302156,0.7323526933358085,0.00211133214964178,13,6,0.20816659994661327,2500,OLS_oracle,iid,False,5
5,6,6001,12,120001,True,230,False,100,0.8520100870002809,4.297379216644913,0.349019469622569,0.2764244851017264,0.6537986691688348,0.8439569549805385,0.6287316149213118,0.0018687968667290614,13,6,0.20816659994661327,2500,OLS_oracle,iid,False,5
5,4,4001,26,260001,True,344,False,100,0.792281736594413,5.9658382977359,0.4002569222370082,0.3176291117371913,0.8819012749014346,0.883952680603286,0.6796990476967022,0.001805281923801118,13,6,0.20816659994661327,2500,OLS_oracle,iid,False,5
5,7,7001,5,50001,True,174,False,100,0.8490287847098211,3.2451777872629464,0.48533948658833925,0.42630183341753125,0.8715462700769013,0.8737737855586515,0.6530795204293258,0.001909017575945605,13,6,0.20816659994661327,2500,OLS_oracle,iid,False,5
5,7,7001,21,210001,True,150,False,100,0.7635132529916642,2.9472589041106403,0.545791020458298,0.4875287520862977,1.035476502751164,1.1248614619867525,0.5476385262374959,0.0034764191468660095,13,6,0.20816659994661327,2500,OLS_oracle,iid,False,5
5,8,8001,21,210001,True,111,False,100,0.7635132529916642,1.9318358222953975,0.4401902017358902,0.35604700959545893,0.7893550581443894,0.9564859755634592,0.5530328943470169,0.003495050222854176,13,6,0.20816659994661327,2500,OLS_oracle,iid,False,5
5,8,8001,5,50001,True,142,False,100,0.8490287847098211,2.541301349643618,0.4493135047865943,0.35306812276140437,1.0613869091129475,0.9334875425370819,0.6500866610813454,0.0018632781527835776,13,6,0.20816659994661327,2500,OLS_oracle,iid,False,5
5,8,8001,7,70001,True,134,False,100,0.8658879630482433,2.504381262231618,0.4877653515777673,0.41089450947110306,0.8384150371828489,0.9444636928499133,0.5891860577400432,0.0013643507148309204,13,6,0.20816659994661327,2500,OLS_oracle,iid,False,5
5,4,4001,18,180001,True,312,False,100,0.8337458072174108,6.180947666056454,0.39241573033492766,0.3147830430501451,1.0045974856741906,0.8432982791589124,0.6408891620637891,0.0023355262756652832,13,6,0.20816659994661327,2500,OLS_oracle,iid,False,5
5,8,8001,15,150001,True,111,False,100,0.8242919900050558,2.1026324299164116,0.44074515192557173,0.35669106672170814,0.9789665077877259,0.8651042051460959,0.6594515459177825,0.0016906079434361079,13,6,0.20816659994661327,2500,OLS_oracle,iid,False,5
5,3,3001,11,110001,True,301,False,100,0.8946748429429501,7.507463593035936,0.3407269336540013,0.2815671661952549,0.666427534114514,0.7759122219062982,0.7087338929348428,0.002924024492552933,13,6,0.20816659994661327,2500,OLS_oracle,iid,False,5
5,8,8001,13,130001,True,122,False,100,0.70273688421089,2.3040900169871747,0.5361045944732652,0.46058652558833246,1.028815369090176,1.1677061760132443,0.5179021078214407,0.0020361003450398104,13,6,0.20816659994661327,2500,OLS_oracle,iid,False,5
5,7,7001,3,30001,True,176,False,100,0.922673366122412,3.5247641601599753,0.34857013557094657,0.2707716857487414,0.7600613396548267,0.9048545848096545,0.5566008092737544,0.006459015534284765,13,6,0.20816659994661327,2500,OLS_oracle,iid,False,5
5,5,5001,26,260001,True,211,False,100,0.792281736594413,5.382845048326999,0.4564694809265906,0.35934433378454966,0.6848568813084975,0.9137675574690275,0.5606358620014462,0.0017869632047294653,13,6,0.20816659994661327,2500,OLS_oracle,iid,False,5
5,5,5001,27,270001,True,248,False,100,0.7588206389274482,5.4250293909572065,0.3800933888517873,0.28413050092991726,0.8037738992331991,0.7701206127590287,0.6938129362584682,0.0018030847798125088,13,6,0.20816659994661327,2500,OLS_oracle,iid,False,5
5,8,8001,1,10001,True,163,False,100,0.8537373888613078,2.8497622329741716,0.4508129144956341,0.3697632027682757,0.8395757888490057,0.9175651383301984,0.5682441478548506,0.002693876722857547,13,6,0.20816659994661327,2500,OLS_oracle,iid,False,5
5,8,8001,2,20001,True,153,False,100,0.6619158957565,2.855219188146293,0.31360984570975425,0.23870824979399116,0.7381780642580082,0.6434605622758833,0.7706183206080885,0.001584704138894044,13,6,0.20816659994661327,2500,OLS_oracle,iid,False,5
5,8,8001,17,170001,True,128,False,100,0.7721309434333804,2.3994351718574762,0.45223212041816996,0.3630107705904417,0.9608432487737905,0.882154262311857,0.6571736789627629,0.002066957984297574,13,6,0.20816659994661327,2500,OLS_oracle,iid,False,5
5,8,8001,3,30001,True,168,False,100,0.922673366122412,2.961695058271289,0.2496307597817367,0.17803468976652384,0.6549583613682298,0.8657492858720537,0.6340182126769354,0.006547571415005301,13,6,0.20816659994661327,2500,OLS_oracle,iid,False,5
5,8,8001,14,140001,True,127,False,100,0.963199284990812,2.4977425448596478,0.45044849214682847,0.36637854824634164,0.8092882919712179,0.8937455940809652,0.6309071253176124,0.003519879993252487,13,6,0.20816659994661327,2500,OLS_oracle,iid,False,5
5,7,7001,9,90001,True,116,False,100,0.8953736093115022,3.6703498349525034,0.4498890968570064,0.3599489010989319,1.089003768920038,0.879522364729743,0.6531457782285893,0.002882396022026298,13,6,0.20816659994661327,2500,OLS_oracle,iid,False,5
5,6,6001,1,10001,True,146,False,100,0.8537373888613078,5.3285935539752245,0.3475269525767114,0.27873270567192815,0.6198099979554843,0.76291817496067,0.7069577625774732,0.0027238647336934336,13,6,0.20816659994661327,2500,OLS_oracle,iid,False,5
5,6,6001,23,230001,True,210,False,100,0.8588706917275976,4.296469392254949,0.4403390132002565,0.34030373531783253,1.0064618727695345,0.9130308981644709,0.5831087053243663,0.002961663089057271,13,6,0.20816659994661327,2500,OLS_oracle,iid,False,5
5,7,7001,20,200001,True,200,False,100,0.7769255038978906,3.527571843005717,0.37102896866761254,0.297273084692661,0.6562870532784799,0.6981076089693479,0.7298384204566675,0.0019077606221630328,13,6,0.20816659994661327,2500,OLS_oracle,iid,False,5
5,5,5001,10,100001,True,253,False,100,0.6962106876760279,6.110308689065278,0.41641147141682266,0.32069244289809923,1.1488815581837246,0.822151898150369,0.6941042404467861,0.0020124834806986317,13,6,0.20816659994661327,2500,OLS_oracle,iid,False,5
5,8,8001,24,240001,True,138,False,100,0.881706198732095,2.4353402159176767,0.4730985996004006,0.42334356295360026,0.9046109833128065,1.1452116892539381,0.5015881937505919,0.001922141372630331,13,6,0.20816659994661327,2500,OLS_oracle,iid,False,5
5,7,7001,28,280001,True,186,False,100,0.8805932479718181,3.376714733429253,0.37832381124032083,0.29271540813035607,0.7817743048049931,0.8081280355162663,0.6592895644686377,0.003580452778674207,13,6,0.20816659994661327,2500,OLS_oracle,iid,False,5
5,7,7001,16,160001,True,191,False,100,0.9064272971130153,3.621519905049354,0.3824299143919972,0.3055991780921445,0.6877420910723768,0.8612000202185068,0.6564365603402496,0.003841389649115977,13,6,0.20816659994661327,2500,OLS_oracle,iid,False,5
5,8,8001,26,260001,True,130,False,100,0.792281736594413,2.449931800365448,0.5381452862909437,0.4646428787862715,0.9112700811966524,1.0804849389308258,0.528045821657225,0.0017247144137560462,13,6,0.20816659994661327,2500,OLS_oracle,iid,False,5
5,7,7001,23,230001,True,198,False,100,0.8588706917275976,3.642883975058794,0.4430468375310322,0.3599264696089094,0.8076285845869966,0.9165947579137701,0.6418226577822588,0.002976057761287774,13,6,0.20816659994661327,2500,OLS_oracle,iid,False,5
5,8,8001,4,40001,True,172,False,100,0.7846581871320228,3.219245158135891,0.4679997060407848,0.39197183436653266,0.8825615445984429,0.8604838443606785,0.6662622476927692,0.0026760427318294725,13,6,0.20816659994661327,2500,OLS_oracle,iid,False,5
5,8,8001,29,290001,True,143,False,100,0.7969099998499383,2.5106744207441807,0.40994835181170336,0.32203276782710255,0.8936762118189175,0.7796610426818933,0.6936411527034003,0.002414031138346757,13,6,0.20816659994661327,2500,OLS_oracle,iid,False,5
5,9,9001,6,60001,True,133,False,100,0.6054868703637541,2.264322799164802,0.4756271472512281,0.3980639295393638,0.8380428415436939,0.8973785092186913,0.636835206876446,0.0012934152665098463,13,6,0.20816659994661327,2500,OLS_oracle,iid,False,5
5,0,1,5,50001,True,245,False,100,0.8490287847098211,11.91996823111549,0.3852282003081615,0.2889561306336675,1.0832048833199863,0.7638636328556867,0.702418694717287,0.0020019337061268376,13,6,0.20816659994661327,2500,OLS_oracle,iid,False,5
5,9,9001,8,80001,True,119,False,100,0.7893747089092475,2.2648930749855936,0.448208534752127,0.390125867858095,0.8593843150413343,0.9310249585461244,0.6617695836860483,0.0015036388872729806,13,6,0.20816659994661327,2500,OLS_oracle,iid,False,5
5,9,9001,19,190001,True,97,False,100,0.678000248893548,2.129826092161238,0.4889262029772585,0.40492535058838364,0.8712407815761298,0.9544404913465195,0.6093177880015417,0.001207278875859444,13,6,0.20816659994661327,2500,OLS_oracle,iid,False,5
5,8,8001,18,180001,True,150,False,100,0.8337458072174108,2.8422819334082305,0.46866237848859377,0.3849128778571846,1.153278513645468,0.8131844363475702,0.6870506660692302,0.0022722545310478815,13,6,0.20816659994661327,2500,OLS_oracle,iid,False,5
5,7,7001,24,240001,True,200,False,100,0.881706198732095,3.8356513692997396,0.4205725182277307,0.3485174132584212,0.7791273408291207,1.0198807578446334,0.5113860120972581,0.001998453379688263,13,6,0.20816659994661327,2500,OLS_oracle,iid,False,5
6,0,1,13,130001,True,85,False,100,0.70273688421089,1.2955017611384392,0.5131540666814185,0.4174636478724423,1.0726581357196756,1.2281794406221302,0.4890644588901852,0.00371478008340915,13,6,0.20816659994661327,2500,OLS_oracle,iid,False,5
5,8,8001,10,100001,True,170,False,100,0.6962106876760279,3.1767090470530093,0.4765653168059226,0.3977128876198955,0.9188493507866532,0.9931427883234801,0.5607209626895415,0.001951121631097751,13,6,0.20816659994661327,2500,OLS_oracle,iid,False,5
6,0,1,6,60001,True,94,False,100,0.6054868703637541,1.5265090549364686,0.5042279392242126,0.43684553575298857,0.9177955305356151,1.1542365688184155,0.5291610394860977,0.0015448996656803986,13,6,0.20816659994661327,2500,OLS_oracle,iid,False,5
5,5,5001,17,170001,True,152,False,100,0.7721309434333804,6.383573695085943,0.3749315217988062,0.2814309416571779,0.7934708663790654,0.9168684414848141,0.6002198339723763,0.0020274965286963594,13,6,0.20816659994661327,2500,OLS_oracle,iid,False,5
5,7,7001,29,290001,True,190,False,100,0.7969099998499383,3.6352540752850473,0.42362076895884787,0.34601451272806566,0.8230027163058471,0.8406664347818373,0.6556757406432612,0.0023857296227219175,13,6,0.20816659994661327,2500,OLS_oracle,iid,False,5
5,6,6001,29,290001,True,235,False,100,0.7969099998499383,4.441604468971491,0.502166375178664,0.4531776987332106,0.9014746602104117,1.6234439773934832,0.5086138904684722,0.002446623775574676,13,6,0.20816659994661327,2500,OLS_oracle,iid,False,5
5,4,4001,24,240001,True,201,False,100,0.881706198732095,7.1573918531648815,0.31468539451394484,0.23440531658283922,0.7162720961966408,0.7203093376937197,0.7458520897654708,0.0020337249450448056,13,6,0.20816659994661327,2500,OLS_oracle,iid,False,5
6,0,1,8,80001,True,107,False,100,0.7893747089092475,1.7430334519594908,0.48475529911730664,0.3942513629461268,1.0620911813652851,1.8252271079283466,0.48780949487765524,0.002124211495965843,13,6,0.20816659994661327,2500,OLS_oracle,iid,False,5
5,9,9001,16,160001,True,107,False,100,0.9064272971130153,2.4572119317017496,0.40170438274528436,0.3176671393979831,0.9556784215112168,0.9498758269121382,0.5190713184153282,0.003908866388615458,13,6,0.20816659994661327,2500,OLS_oracle,iid,False,5
5,7,7001,11,110001,True,226,False,100,0.8946748429429501,4.254672536160797,0.3191163085837768,0.22137611623699024,0.7770149004727311,0.7842030197362271,0.707767716048663,0.0029168224143534074,13,6,0.20816659994661327,2500,OLS_oracle,iid,False,5
5,7,7001,6,60001,True,113,False,100,0.6054868703637541,4.534241159912199,0.48968124869381036,0.4109410787512715,1.0350117076275278,0.9747474681339856,0.6223676885410346,0.0012649003749305619,13,6,0.20816659994661327,2500,OLS_oracle,iid,False,5
5,8,8001,0,1,True,154,False,100,0.7618382172975056,3.9012664179317653,0.4809043715372165,0.4026282146732963,0.8640148125818048,1.0542186888680278,0.49145281166421106,0.002139866968333434,13,6,0.20816659994661327,2500,OLS_oracle,iid,False,5
6,0,1,15,150001,True,98,False,100,0.8242919900050558,1.5210894802585244,0.4586160444240161,0.367774323516709,0.8906056160938968,1.094468207234475,0.509503374029196,0.0029858550874560168,13,6,0.20816659994661327,2500,OLS_oracle,iid,False,5
5,7,7001,27,270001,True,198,False,100,0.7588206389274482,4.12262967415154,0.42719003064633626,0.33387750606585453,0.952514173940569,0.8978225987896156,0.6544285864317834,0.0017765552585911092,13,6,0.20816659994661327,2500,OLS_oracle,iid,False,5
5,8,8001,23,230001,True,114,False,100,0.8588706917275976,3.1861390150152147,0.48517777202471274,0.4014846729792175,0.9360134771546446,0.8850607365528168,0.6335142200003443,0.0029234077922134826,13,6,0.20816659994661327,2500,OLS_oracle,iid,False,5
5,5,5001,8,80001,True,168,False,100,0.7893747089092475,6.9978062701411545,0.482220166031301,0.4037721717055761,1.2248124668743923,4.978510260797276,0.5618734296239111,0.001485009329600154,13,6,0.20816659994661327,2500,OLS_oracle,iid,False,5
5,9,9001,22,220001,True,132,False,100,0.7528364811080336,2.6830704580061138,0.4629674288104202,0.3955314919321309,0.8905917867762339,0.9904707735065323,0.5432392328881528,0.0021373706309414206,13,6,0.20816659994661327,2500,OLS_oracle,iid,False,5
5,9,9001,3,30001,True,160,False,100,0.922673366122412,3.086336400359869,0.361909492621321,0.28713008065931206,0.7123069378749032,0.9995663719199509,0.4054177902348558,0.006655181260640545,13,6,0.20816659994661327,2500,OLS_oracle,iid,False,5
5,5,5001,12,120001,True,167,False,100,0.8520100870002809,7.100059928838164,0.44015043510710855,0.3621146024065686,0.7337478808419367,0.8693132836411772,0.663221141020262,0.0018416824404238919,13,6,0.20816659994661327,2500,OLS_oracle,iid,False,5
5,9,9001,24,240001,True,155,False,100,0.881706198732095,2.7194395302794874,0.4594206867510252,0.3751707523203912,0.9947040659915908,0.9987602041888785,0.6052148132992965,0.0019959963796107277,13,6,0.20816659994661327,2500,OLS_oracle,iid,False,5
5,8,8001,20,200001,True,190,False,100,0.7769255038978906,3.5799997681751847,0.42941988066217746,0.349353852857637,0.8326764181771721,0.8420818297270101,0.633253616248371,0.001899658028688853,13,6,0.20816659994661327,2500,OLS_oracle,iid,False,5
5,6,6001,17,170001,True,127,False,100,0.7721309434333804,5.8493259637616575,0.4654308226554291,0.3752024441523555,1.0032603884124875,0.9143443788247005,0.6635615542549016,0.002040642310371593,13,6,0.20816659994661327,2500,OLS_oracle,iid,False,5
6,0,1,22,220001,True,89,False,100,0.7528364811080336,1.6642504199407995,0.4977357190812496,0.40029767678000333,1.177300835384455,1.1368820096874603,0.5294166029695371,0.0023253271060633724,13,6,0.20816659994661327,2500,OLS_oracle,iid,False,5
5,7,7001,8,80001,True,265,False,100,0.7893747089092475,4.975061765871942,0.4527699192431944,0.3660910448713004,0.9525940500231534,0.8219730137800031,0.6995315231495445,0.001529115352741422,13,6,0.20816659994661327,2500,OLS_oracle,iid,False,5
5,7,7001,14,140001,True,221,False,100,0.963199284990812,4.814295900985599,0.43178150923884734,0.35939898478024507,1.0600834633155447,0.9544976008997735,0.6372938024902215,0.003534433914568524,13,6,0.20816659994661327,2500,OLS_oracle,iid,False,5
6,0,1,18,180001,True,105,False,100,0.8337458072174108,1.745542705990374,0.400989023596019,0.29515195616448897,0.9281455819330835,0.9278064779859083,0.6021241284457732,0.003941421062092161,13,6,0.20816659994661327,2500,OLS_oracle,iid,False,5
5,8,8001,25,250001,True,186,False,100,0.8543597406519545,3.6967153106816113,0.4046336668346735,0.3178049100767009,0.899352240826975,0.8507170423595031,0.6457710306509649,0.0024390640462569396,13,6,0.20816659994661327,2500,OLS_oracle,iid,False,5
5,7,7001,4,40001,True,280,False,100,0.7846581871320228,5.321658859029412,0.38548396733656365,0.2753808656940987,0.8341439772155099,0.8903811952986446,0.7120339398951705,0.0027079115275936744,13,6,0.20816659994661327,2500,OLS_oracle,iid,False,5
5,8,8001,11,110001,True,236,False,100,0.8946748429429501,4.3093234482221305,0.3797547297729679,0.300404514207789,0.6471963280834614,0.7548382248132364,0.7261529842088583,0.0028363620580214985,13,6,0.20816659994661327,2500,OLS_oracle,iid,False,5
5,9,9001,25,250001,True,166,False,100,0.8543597406519545,3.1647040750831366,0.4483303240150839,0.3723334612902677,0.8690234775083371,1.183746217999114,0.45064988283431395,0.002485029092668734,13,6,0.20816659994661327,2500,OLS_oracle,iid,False,5
5,5,5001,5,50001,True,358,False,100,0.8490287847098211,7.838334579952061,0.40381677758926093,0.2936970740336534,0.8567640221870747,0.7997680410302912,0.6519841999208427,0.001982792936449008,13,6,0.20816659994661327,2500,OLS_oracle,iid,False,5
5,9,9001,7,70001,True,185,False,100,0.8658879630482433,3.5840132921002805,0.469618935073417,0.3991302113327044,1.2204834366729829,0.8009748296042966,0.6715996787959422,0.0014063885764564869,13,6,0.20816659994661327,2500,OLS_oracle,iid,False,5
5,9,9001,9,90001,True,188,False,100,0.8953736093115022,3.6011313991621137,0.41273161131273567,0.3258142285259082,1.1049493295717967,0.8681086718007471,0.6762814182259916,0.0028912302749676115,13,6,0.20816659994661327,2500,OLS_oracle,iid,False,5
5,9,9001,17,170001,True,110,False,100,0.7721309434333804,3.53814574284479,0.4547421604805349,0.3663882186010612,0.9833249549779384,0.918490822320911,0.6332553562229541,0.002063835075887987,13,6,0.20816659994661327,2500,OLS_oracle,iid,False,5
5,7,7001,12,120001,True,144,False,100,0.8520100870002809,5.338443568907678,0.45327015504412976,0.36215879713090876,1.0152761258601741,1.004309030704277,0.6399392152450881,0.0017912745416913969,13,6,0.20816659994661327,2500,OLS_oracle,iid,False,5
6,1,1001,8,80001,True,99,False,100,0.7893747089092475,1.7661547609604895,0.4743532799173134,0.4000681226353564,0.9790136793337397,1.0471929945295657,0.6199269576605343,0.0021087608569537483,13,6,0.20816659994661327,2500,OLS_oracle,iid,False,5
6,0,1,12,120001,True,182,False,100,0.8520100870002809,2.7209780891425908,0.3941457671176995,0.28656225266617336,0.8603286151698875,0.8555321711795976,0.7010435598427048,0.0020626391042335543,13,6,0.20816659994661327,2500,OLS_oracle,iid,False,5
6,0,1,17,170001,True,135,False,100,0.7141262802935149,2.321105325128883,0.366193124599164,0.2713211097358631,0.7074780229305858,0.7772031587483388,0.7061868950209115,0.00415653494220072,13,6,0.20816659994661327,2500,OLS_oracle,iid,False,5
6,0,1,29,290001,True,84,False,100,0.7969099998499383,2.2060969108715653,0.3855916422225255,0.29364921772237945,0.7515009011686806,0.8292944142328957,0.6707917908449794,0.002998158225269901,13,6,0.20816659994661327,2500,OLS_oracle,iid,False,5
5,9,9001,21,210001,True,181,False,100,0.7635132529916642,3.6586717711761594,0.49629745913874757,0.4188389971644409,1.0492129287310528,1.2089405566228444,0.5801531726214498,0.003560066482969611,13,6,0.20816659994661327,2500,OLS_oracle,iid,False,5
6,0,1,24,240001,True,147,False,100,0.881706198732095,2.3647181899286807,0.4834592481593716,0.40539414530108797,1.0296614767461747,0.9344544547567988,0.637096741241384,0.003688629071201775,13,6,0.20816659994661327,2500,OLS_oracle,iid,False,5
5,9,9001,0,1,True,238,False,100,0.7618382172975056,4.2200142638757825,0.45134183304648695,0.3626005280418901,1.0534689956343466,0.9751617634881233,0.6015992077651104,0.0021999235786312682,13,6,0.20816659994661327,2500,OLS_oracle,iid,False,5
6,0,1,27,270001,True,157,False,100,0.7588206389274482,2.342238777782768,0.37771338397008974,0.2815734934228931,0.8495831187852693,0.7400128498674834,0.7437684812678872,0.0025593811137214857,13,6,0.20816659994661327,2500,OLS_oracle,iid,False,5
6,1,1001,0,1,True,132,False,100,0.7618382172975056,2.2335980711504817,0.33420660393956286,0.23946266314467948,0.7719465712195506,0.7076492444727253,0.7438398431490819,0.0032061269216628442,13,6,0.20816659994661327,2500,OLS_oracle,iid,False,5
6,0,1,3,30001,True,199,False,100,0.9153607094015493,3.2720889602787793,0.373519558483179,0.2582823458595871,1.2342804429896133,0.8987762579897408,0.6542229691795809,0.0068235334859419305,13,6,0.20816659994661327,2500,OLS_oracle,iid,False,5
5,9,9001,23,230001,True,202,False,100,0.8588706917275976,3.7726641627959907,0.4187165626055461,0.3390970499608081,0.7400081895955585,0.8319952448466157,0.6560419696393555,0.0029925278656076693,13,6,0.20816659994661327,2500,OLS_oracle,iid,False,5
5,6,6001,28,280001,True,131,False,100,0.8805932479718181,6.101363988127559,0.404098501078559,0.3182664515722152,0.7753895832123631,0.9027572256582141,0.5740895433365794,0.003583778872635041,13,6,0.20816659994661327,2500,OLS_oracle,iid,False,5
6,1,1001,11,110001,True,104,False,100,0.7202541355184574,2.0589277781546116,0.46942366821670833,0.37093377902108193,1.0406279077147793,1.0757858989849658,0.5557895945992757,0.0029757145195135554,13,6,0.20816659994661327,2500,OLS_oracle,iid,False,5
6,0,1,25,250001,True,157,False,100,0.8543597406519545,2.519856301136315,0.4559968390266918,0.3523093864019293,0.8622687796225769,1.0277333991957665,0.6124064153009238,0.0030056269519875087,13,6,0.20816659994661327,2500,OLS_oracle,iid,False,5
5,9,9001,14,140001,True,197,False,100,0.963199284990812,3.9770974800921977,0.3642173962013536,0.26439930846702375,0.7921985515220726,0.8997288290370337,0.5806269908450334,0.0036762162566864897,13,6,0.20816659994661327,2500,OLS_oracle,iid,False,5
5,6,6001,18,180001,True,155,False,100,0.8337458072174108,6.740459230728447,0.5182489025312452,0.4436807775472206,1.1507161725520259,1.33449950305601,0.5381503020960922,0.0022914523441570026,13,6,0.20816659994661327,2500,OLS_oracle,iid,False,5
6,0,1,23,230001,True,159,False,100,0.8588706917275976,2.622139059007168,0.3650732191255491,0.26379307138426483,1.0597770594736395,0.7885133269900262,0.6276700239711926,0.0034613377782762586,13,6,0.20816659994661327,2500,OLS_oracle,iid,False,5
5,5,5001,15,150001,True,209,False,100,0.8242919900050558,8.198305925820023,0.40017725357016815,0.32184542700218005,0.9452396805725135,0.7386033236045547,0.7066494530879011,0.0017134412930886731,13,6,0.20816659994661327,2500,OLS_oracle,iid,False,5
6,1,1001,2,20001,True,154,False,100,0.5679840193940103,2.458773741964251,0.38819264885870813,0.2846254967221977,1.0592200210329623,0.8454487813378504,0.6810485638341889,0.002688392398081532,13,6,0.20816659994661327,2500,OLS_oracle,iid,False,5
5,5,5001,1,10001,True,217,False,100,0.8537373888613078,8.718487089965492,0.32244536161709075,0.2443495650586023,0.7280693538112305,0.7152574285138278,0.7294087165658767,0.002785269257816728,13,6,0.20816659994661327,2500,OLS_oracle,iid,False,5
6,1,1001,26,260001,True,107,False,100,0.792281736594413,1.9188715079799294,0.4750935792063393,0.3953117489092334,1.0270140316493832,2.1289874672050186,0.6239996842310599,0.002621556899887006,13,6,0.20816659994661327,2500,OLS_oracle,iid,False,5
5,7,7001,15,150001,True,251,False,100,0.8242919900050558,5.856776604894549,0.42922232569748997,0.34747209414171176,0.9121323469718335,0.8039242235735692,0.7153423953711865,0.0017431484139555627,13,6,0.20816659994661327,2500,OLS_oracle,iid,False,5
5,8,8001,16,160001,True,134,False,100,0.9064272971130153,4.873757261317223,0.3468396734836611,0.26601764781289894,0.7748421739308962,0.8131075851073409,0.6412201300257326,0.003830936077060332,13,6,0.20816659994661327,2500,OLS_oracle,iid,False,5
5,9,9001,29,290001,True,188,False,100,0.7969099998499383,3.7720491560176015,0.4229447371689943,0.3273067152302867,0.9215412420222766,0.9484209170290954,0.6295954674943738,0.002448587959060486,13,6,0.20816659994661327,2500,OLS_oracle,iid,False,5
6,1,1001,23,230001,True,116,False,100,0.8588706917275976,1.9961368502117693,0.45223452535860764,0.3522542211685847,0.9090998533948521,0.9934649998451555,0.5990781728928204,0.0033728436714389686,13,6,0.20816659994661327,2500,OLS_oracle,iid,False,5
5,9,9001,5,50001,True,138,False,100,0.8490287847098211,4.461074330843985,0.5257768877766403,0.4480084065989677,1.0340519432135766,1.1226572698190433,0.5698825994301626,0.0018768559066042888,13,6,0.20816659994661327,2500,OLS_oracle,iid,False,5
6,2,2001,6,60001,True,99,False,100,0.6054868703637541,1.6396707608364522,0.49038169642877794,0.3891874131567684,0.9817042052861163,1.026154633956251,0.6204203222979799,0.0015555976993453494,13,6,0.20816659994661327,2500,OLS_oracle,iid,False,5
6,1,1001,4,40001,True,164,False,100,0.7846581871320228,2.4838558873161674,0.38886946259435057,0.2893732156355997,0.860499189588785,0.8640084489498295,0.6398075720674045,0.004091504962846868,13,6,0.20816659994661327,2500,OLS_oracle,iid,False,5
6,1,1001,18,180001,True,139,False,100,0.8337458072174108,2.219049646053463,0.3342973385095114,0.24991490786733786,0.6247531000941154,0.6969430139463076,0.7582701923373463,0.0040071869420301755,13,6,0.20816659994661327,2500,OLS_oracle,iid,False,5
6,2,2001,8,80001,True,106,False,100,0.7893747089092475,1.7191773587837815,0.41813254852974613,0.31681611095889217,0.8934828444479298,0.8126920044155119,0.6950027118642994,0.0021127929655449505,13,6,0.20816659994661327,2500,OLS_oracle,iid,False,5
6,1,1001,21,210001,True,112,False,100,0.7635132529916642,2.1710391007363796,0.4359934820096958,0.3397540222977262,0.8567154608474099,0.9344921756710408,0.5994910299455851,0.004029266485442944,13,6,0.20816659994661327,2500,OLS_oracle,iid,False,5
5,9,9001,18,180001,True,138,False,100,0.8337458072174108,4.425400895997882,0.42404841513552544,0.33213803580241874,1.043620321430089,0.9616505661904651,0.5378270476949758,0.0022471495338727953,13,6,0.20816659994661327,2500,OLS_oracle,iid,False,5
6,0,1,2,20001,True,229,False,100,0.5679840193940103,3.8129917280748487,0.453093138467371,0.34114963429212863,0.9507090037310797,0.9510135707368512,0.6949455575343825,0.002739334917046774,13,6,0.20816659994661327,2500,OLS_oracle,iid,False,5
6,1,1001,12,120001,True,162,False,100,0.8520100870002809,2.560127575881779,0.469498875646199,0.37150179177811005,1.0815394194265973,1.2062836373046295,0.46794570998986906,0.002008112639929193,13,6,0.20816659994661327,2500,OLS_oracle,iid,False,5
5,8,8001,28,280001,True,191,False,100,0.8805932479718181,4.941215907689184,0.4279831011505313,0.34668598551702995,0.7350235199371068,1.22834081971802,0.6106570836738218,0.003516754330183839,13,6,0.20816659994661327,2500,OLS_oracle,iid,False,5
5,4,4001,3,30001,True,260,False,100,0.922673366122412,9.859061799012125,0.27469274361423207,0.20502265468760392,0.5350565907471432,0.9072654803493688,0.5688905462707143,0.006459859139190887,13,6,0.20816659994661327,2500,OLS_oracle,iid,False,5
5,8,8001,22,220001,True,122,False,100,0.7528364811080336,4.678403813857585,0.4547969461531171,0.36525561397816086,0.9845051654784961,0.9667049205262397,0.6123792740985853,0.0020784342094677098,13,6,0.20816659994661327,2500,OLS_oracle,iid,False,5
6,2,2001,13,130001,True,102,False,100,0.70273688421089,1.6100298059172928,0.4655797282756556,0.36799757280896583,0.9270888543567865,1.144689061575588,0.4597758584796529,0.003662482948527156,13,6,0.20816659994661327,2500,OLS_oracle,iid,False,5
6,0,1,0,1,True,101,False,100,0.7618382172975056,4.051842948887497,0.46200317106956745,0.360036201592178,1.0692969893163675,0.9121668837920142,0.6584201121684723,0.0032688645709092537,13,6,0.20816659994661327,2500,OLS_oracle,iid,False,5
6,0,1,28,280001,True,188,False,100,0.8805932479718181,3.1583520867861807,0.3280319913061256,0.22708388921782272,0.9383162120732793,0.7868326834982102,0.7420063462343357,0.0037972189798256588,13,6,0.20816659994661327,2500,OLS_oracle,iid,False,5
6,2,2001,2,20001,True,118,False,100,0.5679840193940103,2.1718283761292696,0.4242667045676088,0.31414169266376185,0.9617372467607826,0.8635730331135655,0.7077662887419167,0.0026666216012222236,13,6,0.20816659994661327,2500,OLS_oracle,iid,False,5
6,1,1001,15,150001,True,158,False,100,0.8242919900050558,2.652809167280793,0.30902282616023535,0.238098502007782,1.003036115706161,2.2165653128865186,0.7380386730036197,0.003111401123815861,13,6,0.20816659994661327,2500,OLS_oracle,iid,False,5
6,1,1001,17,170001,True,138,False,100,0.7141262802935149,2.5926150120794773,0.39501101719377885,0.2939076234142853,0.8175222419151658,0.7951523601453534,0.6885323092623488,0.004040907738535813,13,6,0.20816659994661327,2500,OLS_oracle,iid,False,5
6,1,1001,16,160001,True,124,False,100,0.6683208596141331,2.6015664227306843,0.42696246115133185,0.3410030924760915,0.9111754708702959,0.9001532436046399,0.6259990850416081,0.004661953614484622,13,6,0.20816659994661327,2500,OLS_oracle,iid,False,5
5,9,9001,20,200001,True,252,False,100,0.7769255038978906,4.922430490609258,0.3268211383173923,0.2559579955102635,0.6774731803474467,0.7027084511045786,0.7658734756245649,0.0019460622918733453,13,6,0.20816659994661327,2500,OLS_oracle,iid,False,5
6,1,1001,3,30001,True,167,False,100,0.9153607094015493,3.3322165249846876,0.33906489833724435,0.2405429051262895,0.9699216772486339,1.0165365290763613,0.5702526800073737,0.006934594034400956,13,6,0.20816659994661327,2500,OLS_oracle,iid,False,5
6,0,1,1,10001,True,283,False,100,0.8537373888613078,4.481968184001744,0.2892189606726372,0.18267730461811157,1.1028742843407242,0.6450534517194374,0.7983781647644411,0.003406019623138469,13,6,0.20816659994661327,2500,OLS_oracle,iid,False,5
5,9,9001,27,270001,True,216,False,100,0.7588206389274482,4.829747780226171,0.40568272028569413,0.3176246984600478,0.8564275927168885,0.8692623139804553,0.6718913432482077,0.0017856428356870825,13,6,0.20816659994661327,2500,OLS_oracle,iid,False,5
6,1,1001,22,220001,True,129,False,100,0.7528364811080336,2.963074340019375,0.4509824134404935,0.3526145367579282,0.9746565372869115,0.8999593599362642,0.6630191990469252,0.0023542390436862774,13,6,0.20816659994661327,2500,OLS_oracle,iid,False,5
6,1,1001,13,130001,True,113,False,100,0.70273688421089,3.2738032191991806,0.41044359135302,0.3219896120961211,1.0301870483046198,0.8795434932780923,0.7083976535387417,0.0037265758178498276,13,6,0.20816659994661327,2500,OLS_oracle,iid,False,5
6,2,2001,17,170001,True,102,False,100,0.7141262802935149,2.2307807290926576,0.45866748560005344,0.3800781135467418,0.843632886101501,1.1371094080355053,0.5807514786569434,0.0040364859100490355,13,6,0.20816659994661327,2500,OLS_oracle,iid,False,5
6,0,1,21,210001,True,244,False,100,0.7635132529916642,3.9077403456903994,0.3298862170021523,0.2373821056884377,0.7844023249787486,0.7704341513535585,0.7478852220773818,0.0040708957228412085,13,6,0.20816659994661327,2500,OLS_oracle,iid,False,5
6,1,1001,1,10001,True,182,False,100,0.8537373888613078,3.701131882146001,0.4282668453508387,0.33010837800572984,1.0273564602981176,0.9877514690132322,0.5579903106140557,0.0033841975665745583,13,6,0.20816659994661327,2500,OLS_oracle,iid,False,5
6,0,1,16,160001,True,207,False,100,0.6683208596141331,3.932616211939603,0.38261431806132273,0.3038240992416547,0.8114824597948653,1.0809287072820033,0.626895154614496,0.00459079160000001,13,6,0.20816659994661327,2500,OLS_oracle,iid,False,5
5,4,4001,10,100001,True,315,False,100,0.6962106876760279,10.370443490799516,0.42428758407305983,0.3448719608371208,0.7564969235006102,0.9815105931798417,0.6100579971019854,0.0020854720600164147,13,6,0.20816659994661327,2500,OLS_oracle,iid,False,5
5,6,6001,21,210001,True,186,False,100,0.7635132529916642,7.894196284003556,0.45514740537742593,0.36149644809428233,1.1218533647043287,1.0250623998385069,0.5914137087686131,0.003439533623604011,13,6,0.20816659994661327,2500,OLS_oracle,iid,False,5
5,9,9001,1,10001,True,121,False,100,0.8537373888613078,5.770711439661682,0.43264038919248643,0.338090355917621,0.9011110634602951,1.038172525404143,0.5539192165264695,0.0027201107650317103,13,6,0.20816659994661327,2500,OLS_oracle,iid,False,5
6,2,2001,1,10001,True,184,False,100,0.8537373888613078,2.9337677620351315,0.284519095057211,0.1974749019491881,0.6900462707054732,0.6350174329081204,0.7883321211232991,0.0034783544863090056,13,6,0.20816659994661327,2500,OLS_oracle,iid,False,5
6,2,2001,11,110001,True,162,False,100,0.7202541355184574,2.5660076471976936,0.41847485413033314,0.3207787930641702,0.8264076238639222,1.0841703340490592,0.483715537019367,0.002935292878544005,13,6,0.20816659994661327,2500,OLS_oracle,iid,False,5
6,0,1,4,40001,True,277,False,100,0.7846581871320228,4.798826583195478,0.3316629736428455,0.22609362361365656,0.9214614762214121,0.6800295429562044,0.7646578695786138,0.004066182706090591,13,6,0.20816659994661327,2500,OLS_oracle,iid,False,5
6,2,2001,29,290001,True,118,False,100,0.7969099998499383,1.8628621948882937,0.39915640283811615,0.29500267132273916,0.9985308428943283,0.8295183281952339,0.6843032059851819,0.0029437610954389133,13,6,0.20816659994661327,2500,OLS_oracle,iid,False,5
6,2,2001,3,30001,True,133,False,100,0.9153607094015493,3.036609907168895,0.3389687864296088,0.2377095027592212,0.7415037814336678,0.933577551498172,0.6029554989547536,0.006846229718874935,13,6,0.20816659994661327,2500,OLS_oracle,iid,False,5
6,1,1001,29,290001,True,190,False,100,0.7969099998499383,3.2112779188901186,0.28011263778194934,0.19388643615782347,0.7014107696248558,0.6160817461007589,0.8099148412450449,0.002975637829576681,13,6,0.20816659994661327,2500,OLS_oracle,iid,False,5
6,3,3001,11,110001,True,120,False,100,0.7202541355184574,1.5953805721364915,0.4314343608360594,0.3255664822284769,0.9751853403165478,0.943585164670307,0.632040232086297,0.002985733476616613,13,6,0.20816659994661327,2500,OLS_oracle,iid,False,5
5,9,9001,13,130001,True,118,False,100,0.70273688421089,5.587571111973375,0.5177364252440539,0.4438126901363104,1.112729942359897,1.1062548163853125,0.5649604640111777,0.0020193239095876304,13,6,0.20816659994661327,2500,OLS_oracle,iid,False,5
6,1,1001,19,190001,True,151,False,100,0.678000248893548,3.4230652092956007,0.4583398250257021,0.3583173631758185,0.9052193400186558,0.8417411204683708,0.7208690285635768,0.0013697572896304968,13,6,0.20816659994661327,2500,OLS_oracle,iid,False,5
6,2,2001,19,190001,True,125,False,100,0.678000248893548,2.4397016069851816,0.40430842489083274,0.30699459923879957,0.843655918965948,0.7563763107131012,0.7587917226848923,0.0013995382743928276,13,6,0.20816659994661327,2500,OLS_oracle,iid,False,5
6,2,2001,22,220001,True,159,False,100,0.7528364811080336,2.206830865703523,0.4581845730051141,0.3673767466246461,0.8107914120162044,1.0429441177527583,0.49236604624613556,0.0023674618452422347,13,6,0.20816659994661327,2500,OLS_oracle,iid,False,5
6,0,1,20,200001,True,185,False,100,0.7769255038978906,4.2955004293471575,0.3670681361303323,0.26342959520639625,0.9195037947662754,0.7761669221169162,0.7521792052466193,0.0030807422758188916,13,6,0.20816659994661327,2500,OLS_oracle,iid,False,5
5,2,2001,13,130001,True,391,False,100,0.70273688421089,12.691639814991504,0.3905648618311575,0.3063579587764968,0.7979041539078285,0.7825674560253709,0.6960982274532812,0.002110605347012121,13,6,0.20816659994661327,2500,OLS_oracle,iid,False,5
6,1,1001,27,270001,True,141,False,100,0.7588206389274482,3.505992393940687,0.39319687870376324,0.28365763955994827,0.8700744393566175,0.8131363138630643,0.6539403177017264,0.0025732515514260645,13,6,0.20816659994661327,2500,OLS_oracle,iid,False,5
6,1,1001,24,240001,True,235,False,100,0.881706198732095,3.535205221734941,0.39969018135474277,0.28555250303416546,0.8236533440324479,0.7798108634941519,0.7480320112461237,0.003740380193627097,13,6,0.20816659994661327,2500,OLS_oracle,iid,False,5
6,3,3001,12,120001,True,114,False,100,0.8520100870002809,1.8333016699180007,0.4640293266432865,0.365644103671488,0.9402981842251529,1.0944838169604545,0.49102796586516045,0.0019821243070739926,13,6,0.20816659994661327,2500,OLS_oracle,iid,False,5
6,2,2001,25,250001,True,125,False,100,0.8543597406519545,2.3309852508828044,0.4849916670906061,0.38628738835934545,1.014928093461671,1.1210547492953935,0.5883380546440972,0.003072798230379004,13,6,0.20816659994661327,2500,OLS_oracle,iid,False,5
6,1,1001,10,100001,True,194,False,100,0.6962106876760279,3.9619362191297114,0.4026818707697069,0.2995820903289693,0.9244130355765872,0.9555892058347127,0.6118980886732173,0.0028250605300086926,13,6,0.20816659994661327,2500,OLS_oracle,iid,False,5
6,2,2001,23,230001,True,151,False,100,0.8588706917275976,2.438962151762098,0.3796787735241256,0.2644140109704859,0.9136271541834778,0.7330181594415295,0.741848260670376,0.0033961700865744963,13,6,0.20816659994661327,2500,OLS_oracle,iid,False,5
5,9,9001,11,110001,True,314,False,100,0.8946748429429501,5.925822791177779,0.35757239736011215,0.2695757199063316,1.0503040557284054,0.7214938141910925,0.6973092175054065,0.0029113465523735336,13,6,0.20816659994661327,2500,OLS_oracle,iid,False,5
5,9,9001,28,280001,True,162,False,100,0.8805932479718181,5.4713264759629965,0.4332485896893647,0.3471140206777911,0.851518741713545,0.9428173412515268,0.6048684420289023,0.0035530313410326035,13,6,0.20816659994661327,2500,OLS_oracle,iid,False,5
5,9,9001,4,40001,True,322,False,100,0.7846581871320228,6.149918419774622,0.3416105622878424,0.2620749544805064,0.7563469818655421,0.7632308038596107,0.7220991402330406,0.002805726410153962,13,6,0.20816659994661327,2500,OLS_oracle,iid,False,5
6,2,2001,21,210001,True,166,False,100,0.7635132529916642,2.6442551030777395,0.2910444468851905,0.2129510967014272,0.5636650502038189,0.5956566860032728,0.8043896700577108,0.003978679185445329,13,6,0.20816659994661327,2500,OLS_oracle,iid,False,5
6,2,2001,20,200001,True,144,False,100,0.7769255038978906,2.8104900210164487,0.4219520905830066,0.3153424510746198,1.0275569011491736,0.9930849819613966,0.54821791605319,0.003029501930212378,13,6,0.20816659994661327,2500,OLS_oracle,iid,False,5
6,2,2001,16,160001,True,180,False,100,0.6683208596141331,2.932374970987439,0.31901502193539516,0.23604439242814662,0.6591113710670669,0.7519480522417201,0.7026428155737284,0.004716546573966478,13,6,0.20816659994661327,2500,OLS_oracle,iid,False,5
6,0,1,19,190001,True,281,False,100,0.678000248893548,4.61042185081169,0.16714377997342741,0.11784074247380448,0.35657073130996464,0.44442186860581406,0.8935207799931106,0.001420108096236455,13,6,0.20816659994661327,2500,OLS_oracle,iid,False,5
6,3,3001,25,250001,True,105,False,100,0.8543597406519545,1.7633352391421795,0.4718449006825592,0.3728691147020454,0.8787624686772445,1.114077090783111,0.5130825929236971,0.0030030639408483192,13,6,0.20816659994661327,2500,OLS_oracle,iid,False,5
5,9,9001,10,100001,True,127,False,100,0.6962106876760279,6.085134914610535,0.4926970989273713,0.4142764121810178,0.9309493895559671,0.9400768923469782,0.6397995107006758,0.0020075596057983133,13,6,0.20816659994661327,2500,OLS_oracle,iid,False,5
5,7,7001,18,180001,True,177,False,100,0.8337458072174108,7.745543930213898,0.41901517254641657,0.3245852333652766,0.8664978248302216,0.8514224438605559,0.6504273071380464,0.0023332908733333236,13,6,0.20816659994661327,2500,OLS_oracle,iid,False,5
5,7,7001,10,100001,True,324,False,100,0.6962106876760279,7.898205336648971,0.3571545370096651,0.2809028139585189,0.7901142294671427,0.8577009297322731,0.6776069523814153,0.002106884819130023,13,6,0.20816659994661327,2500,OLS_oracle,iid,False,5
6,3,3001,17,170001,True,122,False,100,0.7141262802935149,1.9771494939923286,0.49137077530743556,0.39306649525655374,0.9737225104754982,1.1395639110575968,0.4826657662926347,0.004152591532146216,13,6,0.20816659994661327,2500,OLS_oracle,iid,False,5
6,2,2001,5,50001,True,155,False,100,0.8490287847098211,3.5424084048718214,0.3896334092644961,0.29228382095819727,0.8528231861032043,0.7597068617933193,0.7468498802654249,0.0028802871682639293,13,6,0.20816659994661327,2500,OLS_oracle,iid,False,5
6,3,3001,19,190001,True,118,False,100,0.678000248893548,1.94249226199463,0.4625032853966046,0.3647835387777011,0.9291454180414374,0.9208412788226819,0.6639322242953574,0.001367463020163228,13,6,0.20816659994661327,2500,OLS_oracle,iid,False,5
6,1,1001,20,200001,True,251,False,100,0.7769255038978906,3.938852631021291,0.28701305296586666,0.203711781421303,0.6058239602362661,0.6291079893540549,0.7746725732417374,0.003023641985485398,13,6,0.20816659994661327,2500,OLS_oracle,iid,False,5
6,0,1,14,140001,True,311,False,100,0.89421254633764,5.094563150778413,0.2192046389894308,0.14645490650632853,0.5978070154499459,0.572151817046565,0.8042010941644412,0.004189665428704778,13,6,0.20816659994661327,2500,OLS_oracle,iid,False,5
6,2,2001,24,240001,True,126,False,100,0.881706198732095,2.69735566386953,0.348193103061187,0.2402525877741271,0.9481640783119843,0.7691794665830766,0.6836922347204318,0.003777715510489655,13,6,0.20816659994661327,2500,OLS_oracle,iid,False,5
5,5,5001,4,40001,True,322,False,100,0.7846581871320228,10.564670864958316,0.3815468704145942,0.3220823158658993,0.8445484639966445,0.7315185197759289,0.6898739712760797,0.002807669101024948,13,6,0.20816659994661327,2500,OLS_oracle,iid,False,5
6,3,3001,9,90001,True,144,False,100,0.8953736093115022,2.299174978863448,0.39256408517609626,0.2953978580690394,0.874503090891892,0.7322278503572176,0.7343252623570529,0.0030299154841956105,13,6,0.20816659994661327,2500,OLS_oracle,iid,False,5
6,1,1001,14,140001,True,210,False,100,0.89421254633764,4.31987992906943,0.3674008488197087,0.2664607835732902,1.1847178510589584,0.7915830395063069,0.7021975804942396,0.004202354062671434,13,6,0.20816659994661327,2500,OLS_oracle,iid,False,5
5,9,9001,15,150001,True,164,False,100,0.8242919900050558,6.301548404153436,0.4723680583105552,0.394661232024862,0.9267519660564425,0.9227650406211348,0.6176489147793196,0.0017058994491025309,13,6,0.20816659994661327,2500,OLS_oracle,iid,False,5
6,0,1,10,100001,True,170,False,100,0.6962106876760279,5.48933018790558,0.3663847164558596,0.27165591732751726,0.7705986809008261,0.7137968183959081,0.7466216448213157,0.0027990475217705897,13,6,0.20816659994661327,2500,OLS_oracle,iid,False,5
6,3,3001,1,10001,True,163,False,100,0.8537373888613078,2.634325918275863,0.43405136637658437,0.3393218980544436,0.8608621202433557,0.8828317916603128,0.6901481112777608,0.0034416070301065247,13,6,0.20816659994661327,2500,OLS_oracle,iid,False,5
6,3,3001,23,230001,True,112,False,100,0.8588706917275976,2.144766134209931,0.42124044804326727,0.3184065746226228,0.8383683115588466,0.8865104707311107,0.6317365830346999,0.0034505853301262284,13,6,0.20816659994661327,2500,OLS_oracle,iid,False,5
5,9,9001,2,20001,True,219,False,100,0.6619158957565,6.731525560375303,0.45745617748704664,0.36965075926451935,0.9251636897834292,0.986611431798061,0.6169208613108111,0.001569617797831458,13,6,0.20816659994661327,2500,OLS_oracle,iid,False,5
5,9,9001,12,120001,True,272,False,100,0.8520100870002809,6.4243384269066155,0.4777300060047465,0.40087842545012037,1.0554382350629083,0.9994103836219195,0.6548135902032197,0.001854423816336813,13,6,0.20816659994661327,2500,OLS_oracle,iid,False,5
5,8,8001,12,120001,True,327,False,100,0.8520100870002809,7.296163271181285,0.41147775236468,0.3295338472936185,0.7655605163183773,0.860523685993888,0.6773756263750292,0.0019120304838129562,13,6,0.20816659994661327,2500,OLS_oracle,iid,False,5
5,7,7001,17,170001,True,180,False,100,0.7721309434333804,8.11856870027259,0.4017172313634363,0.3235288411652734,0.6599628975296509,0.744041089036943,0.7162192797650979,0.002047166535721702,13,6,0.20816659994661327,2500,OLS_oracle,iid,False,5
6,4,4001,2,20001,True,130,False,100,0.5679840193940103,1.9976650499738753,0.46155745830451167,0.3640894863645897,0.8363048129878462,1.0529420661448388,0.5884234614395034,0.0026557989295787877,13,6,0.20816659994661327,2500,OLS_oracle,iid,False,5
6,4,4001,11,110001,True,102,False,100,0.7202541355184574,1.8085027323104441,0.46157342539598845,0.35993099810047674,1.0255159780708327,1.0509399165753746,0.5304429125811455,0.002964033319576133,13,6,0.20816659994661327,2500,OLS_oracle,iid,False,5
6,3,3001,6,60001,True,132,False,100,0.6054868703637541,2.6964444811455905,0.45124946558263046,0.34583586340365985,0.923160105575013,0.8767062336135787,0.6947774167493408,0.001593220659609411,13,6,0.20816659994661327,2500,OLS_oracle,iid,False,5
6,2,2001,26,260001,True,183,False,100,0.792281736594413,2.9817791869863868,0.2910191822248678,0.20810584305395136,0.6469696710530769,0.6955839094193187,0.7137269518292249,0.002653752886504379,13,6,0.20816659994661327,2500,OLS_oracle,iid,False,5
6,4,4001,13,130001,True,94,False,100,0.70273688421089,1.5760377091355622,0.45355077877219035,0.35705285623716637,1.181755988321604,1.1144721215501747,0.5893840188237867,0.0037941854130396336,13,6,0.20816659994661327,2500,OLS_oracle,iid,False,5
6,0,1,11,110001,True,169,False,100,0.7202541355184574,5.809898582287133,0.3538021671858722,0.27184468379674953,0.6070184778816259,0.6581815408520912,0.7915427168213375,0.0029360566688910795,13,6,0.20816659994661327,2500,OLS_oracle,iid,False,5
6,3,3001,5,50001,True,166,False,100,0.8490287847098211,2.9128658487461507,0.45944596124505704,0.3831914416246787,1.1071412198949617,1.1211775917588904,0.4869445013564066,0.0028590591151545714,13,6,0.20816659994661327,2500,OLS_oracle,iid,False,5
5,2,2001,23,230001,True,355,False,100,0.8588706917275976,13.350116541143507,0.33928833099612077,0.25190088627689844,1.08725864266368,0.7364454841882473,0.724805432015986,0.0030359892678619494,13,6,0.20816659994661327,2500,OLS_oracle,iid,False,5
6,0,1,26,260001,True,251,False,100,0.792281736594413,5.442724763881415,0.32406744236413665,0.21716485735402216,0.9599076437956664,0.6639884564214421,0.762131297685526,0.0026232143178789354,13,6,0.20816659994661327,2500,OLS_oracle,iid,False,5
6,3,3001,4,40001,True,200,False,100,0.7846581871320228,3.1251172148622572,0.3444943272028945,0.24833033576849198,1.046397073898855,0.6832516996660495,0.7754266388718484,0.004036538554208191,13,6,0.20816659994661327,2500,OLS_oracle,iid,False,5
6,1,1001,6,60001,True,123,False,100,0.6054868703637541,5.117176712024957,0.3727056617669,0.27985862180486204,0.7666802353844643,0.7964363418778079,0.7037975648374457,0.001556021053144945,13,6,0.20816659994661327,2500,OLS_oracle,iid,False,5
6,2,2001,0,1,True,115,False,100,0.7618382172975056,4.519296639133245,0.47891025985877,0.3692469101958537,1.0306013419319517,1.0121399966984095,0.6378866950892954,0.003193945265438115,13,6,0.20816659994661327,2500,OLS_oracle,iid,False,5
6,3,3001,24,240001,True,171,False,100,0.881706198732095,2.714976818766445,0.4337161566468989,0.33478282136355186,1.2633028496365108,0.9992041579369859,0.6651329248824348,0.003785612051230936,13,6,0.20816659994661327,2500,OLS_oracle,iid,False,5
6,2,2001,9,90001,True,126,False,100,0.8953736093115022,4.285230346024036,0.42249827452264344,0.31184883106705646,0.8305310797740048,0.8665746752655733,0.6923438011824213,0.0030268303310831044,13,6,0.20816659994661327,2500,OLS_oracle,iid,False,5
6,2,2001,10,100001,True,203,False,100,0.6962106876760279,4.195716693997383,0.3834522208743572,0.3141560437427017,0.6562617820954058,0.7271731034829367,0.766514552128387,0.002743068818786844,13,6,0.20816659994661327,2500,OLS_oracle,iid,False,5
6,2,2001,12,120001,True,104,False,100,0.8520100870002809,4.093590314965695,0.4234841406181214,0.3231210751123077,0.8268806169807684,1.0417436082407698,0.526799754353668,0.002000441845664192,13,6,0.20816659994661327,2500,OLS_oracle,iid,False,5
6,3,3001,22,220001,True,158,False,100,0.7528364811080336,2.815600488334894,0.42658111592889925,0.32953207948465235,0.8780711161767311,0.7975817375212664,0.7100499028459258,0.00236175530493527,13,6,0.20816659994661327,2500,OLS_oracle,iid,False,5
6,4,4001,7,70001,True,85,False,100,0.6482034165355648,2.5020402777008712,0.47044726473676757,0.37237036328898754,1.0379966721070577,1.01838691761855,0.6110284451169745,0.0015459711476195008,13,6,0.20816659994661327,2500,OLS_oracle,iid,False,5
5,8,8001,9,90001,True,215,False,100,0.8953736093115022,8.119269755668938,0.38213015971644504,0.28558073504191495,0.8413936314145546,0.7261900611522469,0.710073065821329,0.002932118815305313,13,6,0.20816659994661327,2500,OLS_oracle,iid,False,5
6,0,1,7,70001,True,367,False,100,0.6482034165355648,6.448262589983642,0.3844354198605477,0.27971014067591626,0.8291964931628736,0.9258887987530418,0.7381263950067126,0.0016411987328981397,13,6,0.20816659994661327,2500,OLS_oracle,iid,False,5
5,8,8001,27,270001,True,272,False,100,0.7588206389274482,7.676682041957974,0.38997405998456053,0.3043111945350946,0.751106602085701,0.8265563129080523,0.7150634785951366,0.0018672366982688884,13,6,0.20816659994661327,2500,OLS_oracle,iid,False,5
6,4,4001,17,170001,True,106,False,100,0.7141262802935149,2.024007047060877,0.41187154426406636,0.30895619048841755,1.0164413799379473,0.8900874403863905,0.6758162832434099,0.003999175051025578,13,6,0.20816659994661327,2500,OLS_oracle,iid,False,5
6,1,1001,9,90001,True,300,False,100,0.8953736093115022,5.359357632230967,0.32071138626093854,0.2326463509512119,0.8785623294474173,0.7217537635610116,0.7362766677239531,0.003117568946569197,13,6,0.20816659994661327,2500,OLS_oracle,iid,False,5
5,9,9001,26,260001,True,181,False,100,0.792281736594413,6.944045164156705,0.5087039300448325,0.44210364023397386,0.8965173105981076,1.1529091848651853,0.5260548823470343,0.001754622351136768,13,6,0.20816659994661327,2500,OLS_oracle,iid,False,5
6,3,3001,3,30001,True,180,False,100,0.9153607094015493,3.4882551599293947,0.22038391491113432,0.13924571835835886,0.6631117356161985,0.7474038164058463,0.7241469217352036,0.006938155345786172,13,6,0.20816659994661327,2500,OLS_oracle,iid,False,5
6,4,4001,8,80001,True,144,False,100,0.7893747089092475,2.7048744852654636,0.3951318577588767,0.2960444043232769,0.7653862695083569,0.7569232572228433,0.7346719617305962,0.002138805312802902,13,6,0.20816659994661327,2500,OLS_oracle,iid,False,5
5,7,7001,25,250001,True,191,False,100,0.8543597406519545,8.879661440849304,0.42417473037569464,0.3442224559855649,0.947033573469355,0.9049773375216591,0.6528203835588727,0.0024719544689491765,13,6,0.20816659994661327,2500,OLS_oracle,iid,False,5
6,4,4001,12,120001,True,159,False,100,0.8520100870002809,2.7174529717303813,0.3937826671169282,0.298876463556941,0.9565065607780873,0.8294323328263651,0.6914057697260249,0.002105356138868544,13,6,0.20816659994661327,2500,OLS_oracle,iid,False,5
5,5,5001,24,240001,True,290,False,100,0.881706198732095,11.30851145926863,0.3811589268166619,0.2954126887605545,0.9094993439493698,0.8778445490985737,0.632374894113014,0.002000037730296663,13,6,0.20816659994661327,2500,OLS_oracle,iid,False,5
6,1,1001,25,250001,True,323,False,100,0.8543597406519545,5.170264394022524,0.3407345736114238,0.24363337450561834,0.6481192164489883,0.7872056437802287,0.7217883818185762,0.0031265961523388,13,6,0.20816659994661327,2500,OLS_oracle,iid,False,5
6,4,4001,23,230001,True,133,False,100,0.8588706917275976,2.0437828972935677,0.45644369888308145,0.34940834399613485,1.083692344377852,1.0451783455623465,0.5020778838637844,0.00350960299107219,13,6,0.20816659994661327,2500,OLS_oracle,iid,False,5
6,1,1001,28,280001,True,271,False,100,0.8805932479718181,5.18001139909029,0.25906991298039617,0.1886268405290418,0.47864384842225244,0.6521466867063256,0.7912794892530028,0.0037964463634768872,13,6,0.20816659994661327,2500,OLS_oracle,iid,False,5
6,3,3001,2,20001,True,191,False,100,0.5679840193940103,3.724637118168175,0.4052014303781834,0.32317871467236553,0.8220959391611468,1.0318577792728811,0.646890670926959,0.002731755596368734,13,6,0.20816659994661327,2500,OLS_oracle,iid,False,5
6,2,2001,18,180001,True,260,False,100,0.8337458072174108,4.394872566219419,0.35793211984563605,0.2547770821743758,0.769361192722935,0.8755565756758459,0.6843355595668577,0.0040925368563996265,13,6,0.20816659994661327,2500,OLS_oracle,iid,False,5
6,4,4001,26,260001,True,129,False,100,0.792281736594413,2.1267067031003535,0.496144648417681,0.4109257678668396,0.9216923736980225,1.016909972798755,0.6086697323537822,0.0026172103993103006,13,6,0.20816659994661327,2500,OLS_oracle,iid,False,5
6,4,4001,10,100001,True,178,False,100,0.6962106876760279,2.899716835934669,0.3379459320492051,0.2441128192569938,0.8508740287714164,0.9352674673641624,0.6507676619960844,0.002873516181830788,13,6,0.20816659994661327,2500,OLS_oracle,iid,False,5
6,4,4001,9,90001,True,169,False,100,0.8953736093115022,2.9307964518666267,0.291896258336935,0.20268183615292562,0.7636680271941549,0.7113327294877217,0.7961604480744056,0.0030832032502182043,13,6,0.20816659994661327,2500,OLS_oracle,iid,False,5
6,4,4001,16,160001,True,119,False,100,0.6683208596141331,2.4755038619041443,0.4374414641084492,0.3340817731466015,0.8150610837112873,1.045056129839413,0.4941600296427503,0.004577201905938858,13,6,0.20816659994661327,2500,OLS_oracle,iid,False,5
6,2,2001,7,70001,True,268,False,100,0.6482034165355648,4.9893285618163645,0.34986563761348827,0.24326606372462672,0.9980658185722474,0.6025779397998614,0.771204481492652,0.0016546922878850308,13,6,0.20816659994661327,2500,OLS_oracle,iid,False,5
6,6,6001,4,40001,True,85,False,100,0.7846581871320228,1.4068213710561395,0.4323158068343419,0.3349795553388493,0.8235306300541274,0.9420068641674904,0.6149959509844483,0.004051868933766835,13,6,0.20816659994661327,2500,OLS_oracle,iid,False,5
6,3,3001,26,260001,True,226,False,100,0.792281736594413,3.448093964252621,0.43022404665041636,0.32565642981986426,1.0155451171078516,1.008970105517055,0.6441245007512701,0.0027476967685549566,13,6,0.20816659994661327,2500,OLS_oracle,iid,False,5
6,2,2001,14,140001,True,289,False,100,0.89421254633764,4.740593585185707,0.2151491481485423,0.1562858831278725,0.42622919223710143,0.6353651407134465,0.7745771333997429,0.004157619138966575,13,6,0.20816659994661327,2500,OLS_oracle,iid,False,5
6,5,5001,7,70001,True,117,False,100,0.6482034165355648,2.0300496770069003,0.41347557695524956,0.3113663654436435,1.0170124863176315,0.7894036634163678,0.7341151885717129,0.0015576018941281641,13,6,0.20816659994661327,2500,OLS_oracle,iid,False,5
6,5,5001,22,220001,True,92,False,100,0.7528364811080336,1.7782281409017742,0.4654823956454209,0.3642207615259029,1.0310112047014144,1.0960926776793336,0.5807628523691575,0.002349138690219837,13,6,0.20816659994661327,2500,OLS_oracle,iid,False,5
6,3,3001,13,130001,True,230,False,100,0.70273688421089,3.87019387120381,0.3962293858531424,0.3017968510213968,0.9626081747050184,0.7451340763037365,0.6997637391515583,0.0038242011270993134,13,6,0.20816659994661327,2500,OLS_oracle,iid,False,5
6,5,5001,1,10001,True,141,False,100,0.8537373888613078,2.3307092832401395,0.5102837194812837,0.407762440030224,1.270164567054906,3.0983258409926444,0.5756412641218539,0.0033718338115452068,13,6,0.20816659994661327,2500,OLS_oracle,iid,False,5
6,5,5001,28,280001,True,109,False,100,0.8805932479718181,1.812425865791738,0.43998101761905867,0.3359938677017373,0.8916987086625083,1.2399750231517268,0.5677543601155314,0.003792626196770932,13,6,0.20816659994661327,2500,OLS_oracle,iid,False,5
6,5,5001,17,170001,True,123,False,100,0.7141262802935149,2.0385053823702037,0.2847723642308616,0.212629124814451,0.4823890614881237,0.654377587584609,0.7735753764687777,0.004255573789757429,13,6,0.20816659994661327,2500,OLS_oracle,iid,False,5
6,5,5001,11,110001,True,141,False,100,0.7202541355184574,2.1899875761009753,0.4336546030586464,0.3323850608934019,0.9667565257354758,0.878807739880025,0.6760677477902435,0.0029057321552791904,13,6,0.20816659994661327,2500,OLS_oracle,iid,False,5
6,3,3001,0,1,True,294,False,100,0.7618382172975056,4.398636940866709,0.18310775841293267,0.13034119425330654,0.29504532114883447,0.5506755766540044,0.8400309945482688,0.0032750068401068335,13,6,0.20816659994661327,2500,OLS_oracle,iid,False,5
6,4,4001,6,60001,True,211,False,100,0.6054868703637541,3.456856735982001,0.3886590069926822,0.29624916305423454,0.890090274214163,0.8330483269206924,0.7435641166825019,0.0016428220756147132,13,6,0.20816659994661327,2500,OLS_oracle,iid,False,5
6,4,4001,29,290001,True,152,False,100,0.7969099998499383,2.5562693420797586,0.4623816014727087,0.3617500008902153,0.8860612473820741,0.9034655155139492,0.6906651824428355,0.002906712421911672,13,6,0.20816659994661327,2500,OLS_oracle,iid,False,5
6,4,4001,15,150001,True,194,False,100,0.8242919900050558,3.0293823638930917,0.3254482356532611,0.23353516433587462,0.7444058560818957,0.7157203547907292,0.781896372654529,0.0030942887910991065,13,6,0.20816659994661327,2500,OLS_oracle,iid,False,5
6,4,4001,20,200001,True,170,False,100,0.7769255038978906,2.8119302820414305,0.3493520808587501,0.2485152324552558,0.8981783588391835,0.7191736431521957,0.7703164826242448,0.0029692324133127933,13,6,0.20816659994661327,2500,OLS_oracle,iid,False,5
6,3,3001,28,280001,True,141,False,100,0.8805932479718181,3.773834934923798,0.4563199462428969,0.3734505820263171,0.9119788296069042,1.1657022652207407,0.6505056015713286,0.003706623946340433,13,6,0.20816659994661327,2500,OLS_oracle,iid,False,5
6,5,5001,20,200001,True,132,False,100,0.7769255038978906,2.1604324211366475,0.40409539426017277,0.29950219143810686,0.9173147397739416,0.7974368343416602,0.6881543206978632,0.0030447773582170847,13,6,0.20816659994661327,2500,OLS_oracle,iid,False,5
6,6,6001,8,80001,True,109,False,100,0.7893747089092475,1.8050575451925397,0.4394015676913065,0.336507573675827,0.9829840225027293,0.8773266744733272,0.7023144552465906,0.002136525327377121,13,6,0.20816659994661327,2500,OLS_oracle,iid,False,5
6,4,4001,3,30001,True,174,False,100,0.9153607094015493,3.8384347707033157,0.41183305524876057,0.3119503951047663,1.294279418654175,1.0115246164982434,0.5786335693860772,0.006981540308037229,13,6,0.20816659994661327,2500,OLS_oracle,iid,False,5
6,1,1001,5,50001,True,350,False,100,0.8490287847098211,6.551871410105377,0.245087054740471,0.15223095296887346,0.6642741880369095,0.5431120011984293,0.807500442169825,0.0029186764370700427,13,6,0.20816659994661327,2500,OLS_oracle,iid,False,5
6,6,6001,7,70001,True,115,False,100,0.6482034165355648,2.076381432823837,0.5215682950012235,0.4445868783991065,1.0431802913870947,1.5562442550655313,0.6340733416960137,0.0015528637679258568,13,6,0.20816659994661327,2500,OLS_oracle,iid,False,5
6,3,3001,29,290001,True,256,False,100,0.7969099998499383,4.092474241741002,0.43624962589914096,0.32989189094495247,0.9536725817479915,0.8813377592172268,0.7054895801495232,0.0030235706151110716,13,6,0.20816659994661327,2500,OLS_oracle,iid,False,5
6,5,5001,13,130001,True,127,False,100,0.70273688421089,2.666187019087374,0.4519607878976361,0.35203746473191483,0.8770925048914076,1.1577439430472005,0.6121555503058397,0.0037387874765810467,13,6,0.20816659994661327,2500,OLS_oracle,iid,False,5
6,2,2001,4,40001,True,163,False,100,0.7846581871320228,5.9779919590801,0.3643274185207711,0.2606658782519809,1.2951692317584556,0.683311365763383,0.7513358391734165,0.004123291433936546,13,6,0.20816659994661327,2500,OLS_oracle,iid,False,5
6,2,2001,15,150001,True,170,False,100,0.8242919900050558,5.557223481591791,0.36957554912792123,0.2666383702868539,0.8857224918632989,0.8600759332494985,0.6493604893070108,0.0030547915568714095,13,6,0.20816659994661327,2500,OLS_oracle,iid,False,5
6,5,5001,25,250001,True,134,False,100,0.8543597406519545,2.520168388262391,0.44930914936014055,0.3487048639074366,0.9611256531201591,0.970667926592565,0.6168716862574631,0.0030333693941219024,13,6,0.20816659994661327,2500,OLS_oracle,iid,False,5
6,5,5001,29,290001,True,144,False,100,0.7969099998499383,2.4940166999585927,0.43883297384748055,0.3241658479476168,1.079357397585837,1.090267937537961,0.5894364853241275,0.0029002583503274426,13,6,0.20816659994661327,2500,OLS_oracle,iid,False,5
6,6,6001,16,160001,True,126,False,100,0.6683208596141331,2.105009015183896,0.42836839363065743,0.329138340464714,1.0261858968368782,1.034843282566523,0.5888419317306475,0.004592163732345364,13,6,0.20816659994661327,2500,OLS_oracle,iid,False,5
6,6,6001,0,1,True,152,False,100,0.7618382172975056,2.4961643763817847,0.3648158806518926,0.26163556149058187,0.8458664721733123,0.7529053569833569,0.730100756814042,0.0033607437094905998,13,6,0.20816659994661327,2500,OLS_oracle,iid,False,5
6,4,4001,28,280001,True,214,False,100,0.8805932479718181,3.2392178648151457,0.372328491989777,0.2734392240863946,1.0554671660198103,0.8000227226938351,0.741807366098038,0.0038075307148846293,13,6,0.20816659994661327,2500,OLS_oracle,iid,False,5
6,3,3001,21,210001,True,205,False,100,0.7635132529916642,4.480345183983445,0.3675605245939203,0.26682618984979106,0.9964794819304764,0.8405653809304233,0.6724146634361884,0.003879682783518329,13,6,0.20816659994661327,2500,OLS_oracle,iid,False,5
6,6,6001,3,30001,True,153,False,100,0.9153607094015493,2.504927068017423,0.4287810893360255,0.32337573800273767,0.9873694724145311,1.0014757557547267,0.4596182218773589,0.006941894166500946,13,6,0.20816659994661327,2500,OLS_oracle,iid,False,5
6,6,6001,14,140001,True,132,False,100,0.89421254633764,2.2964784470386803,0.4343520204222635,0.3324658712117735,0.9775415911577474,0.9953168011372059,0.5483683540919654,0.004069240474278878,13,6,0.20816659994661327,2500,OLS_oracle,iid,False,5
6,6,6001,29,290001,True,105,False,100,0.7969099998499383,1.7421657689847052,0.48966481319799493,0.3906456048073755,0.9499955928544371,1.1503565289958388,0.5059404588297413,0.002929948385484058,13,6,0.20816659994661327,2500,OLS_oracle,iid,False,5
6,4,4001,14,140001,True,199,False,100,0.89421254633764,3.699085276108235,0.3964691169245317,0.29263600971224285,0.8978886614954458,0.9139117016775689,0.5832398298398841,0.004051303661910186,13,6,0.20816659994661327,2500,OLS_oracle,iid,False,5
6,5,5001,26,260001,True,160,False,100,0.792281736594413,2.6802638568915427,0.4164363253275823,0.3387245940042244,1.16065592994141,0.9238043670159376,0.6324800809673553,0.002661419556786595,13,6,0.20816659994661327,2500,OLS_oracle,iid,False,5
6,6,6001,6,60001,True,84,False,100,0.6054868703637541,2.4865232100710273,0.5099779853182871,0.4145592453001157,1.0919978318995087,1.2564051143880004,0.4854247895579138,0.001540591467497453,13,6,0.20816659994661327,2500,OLS_oracle,iid,False,5
6,7,7001,13,130001,True,94,False,100,0.70273688421089,1.4310861811973155,0.45411767109609275,0.3503385879111404,0.9593147953373936,0.9817344961886099,0.612952439631158,0.003742978366676896,13,6,0.20816659994661327,2500,OLS_oracle,iid,False,5
6,6,6001,15,150001,True,157,False,100,0.8242919900050558,2.356962869875133,0.46903006615141146,0.36899096613839316,0.8043073834149389,0.9301929483724996,0.6379456757313401,0.0030125917610383064,13,6,0.20816659994661327,2500,OLS_oracle,iid,False,5
6,5,5001,2,20001,True,195,False,100,0.5679840193940103,3.3331405292265117,0.29279367884747914,0.2013697448128383,0.8683805191209016,0.718252511216223,0.8037726717913923,0.002786301138968114,13,6,0.20816659994661327,2500,OLS_oracle,iid,False,5
6,6,6001,22,220001,True,132,False,100,0.7528364811080336,2.0088092060759664,0.40342510468335635,0.28713019913439425,1.0401396438798283,0.8225483991960845,0.7092478075943883,0.002423379040779453,13,6,0.20816659994661327,2500,OLS_oracle,iid,False,5
6,5,5001,0,1,True,162,False,100,0.7618382172975056,3.3957029883749783,0.3474016272892684,0.23861667460822725,0.9106557498087655,0.7003193777796135,0.7457604262414776,0.003305342087675436,13,6,0.20816659994661327,2500,OLS_oracle,iid,False,5
6,6,6001,13,130001,True,113,False,100,0.70273688421089,2.535682036075741,0.37353916804955534,0.276755677507401,0.8226833957006237,0.7866419354082005,0.6840503033244524,0.0037124574939672106,13,6,0.20816659994661327,2500,OLS_oracle,iid,False,5
6,5,5001,21,210001,True,179,False,100,0.7635132529916642,2.992017879150808,0.31281423136602243,0.22168379388578868,0.7854466268438889,0.7048487779085603,0.7686772519790269,0.004081307175586826,13,6,0.20816659994661327,2500,OLS_oracle,iid,False,5
6,6,6001,1,10001,True,160,False,100,0.8537373888613078,3.0222634212113917,0.38918465769403443,0.29118924861216,0.878155637909342,0.9065567904291275,0.5848732264599025,0.0033778821446095696,13,6,0.20816659994661327,2500,OLS_oracle,iid,False,5
6,3,3001,27,270001,True,306,False,100,0.7588206389274482,4.981853171251714,0.2752388094668518,0.19873138364179016,0.503348509878525,0.6293649212834241,0.8144940236895414,0.0026995091897371202,13,6,0.20816659994661327,2500,OLS_oracle,iid,False,5
6,5,5001,16,160001,True,150,False,100,0.6683208596141331,3.4114583441987634,0.3468010976336408,0.2626150976407272,0.6722202169910025,0.6819735547858017,0.762198714456541,0.004433178575283955,13,6,0.20816659994661327,2500,OLS_oracle,iid,False,5
6,8,8001,0,1,True,86,False,100,0.7618382172975056,1.379806637763977,0.47725417570569445,0.37877385310604017,1.1603825378576467,1.1431768392111785,0.5409461271809546,0.003218225302437485,13,6,0.20816659994661327,2500,OLS_oracle,iid,False,5
6,3,3001,10,100001,True,188,False,100,0.6962106876760279,5.4335930538363755,0.4230149453738907,0.325812635252056,0.8537614945289,1.1633284178526797,0.5480088169468985,0.0027891772264665615,13,6,0.20816659994661327,2500,OLS_oracle,iid,False,5
6,3,3001,7,70001,True,314,False,100,0.6482034165355648,5.540187694132328,0.24852361443105886,0.16101169355119158,0.7301074904065452,0.525324950006021,0.853126446196003,0.0016739143456861486,13,6,0.20816659994661327,2500,OLS_oracle,iid,False,5
6,4,4001,1,10001,True,293,False,100,0.8537373888613078,4.947424316778779,0.2540835520516088,0.1835466770016042,0.5081642444760476,0.6526084220856524,0.7710610778401407,0.003435878792586562,13,6,0.20816659994661327,2500,OLS_oracle,iid,False,5
6,5,5001,15,150001,True,206,False,100,0.8242919900050558,3.5198925929144025,0.40669003952083127,0.3166791269180116,1.0202232887558744,0.8735757066334175,0.7333581088836284,0.0030419281474870523,13,6,0.20816659994661327,2500,OLS_oracle,iid,False,5
6,4,4001,22,220001,True,235,False,100,0.7528364811080336,4.114993304014206,0.3677502318166099,0.26200251855748147,0.8841523708903506,0.7443000022856839,0.7761447146177896,0.002432058762152125,13,6,0.20816659994661327,2500,OLS_oracle,iid,False,5
6,4,4001,27,270001,True,250,False,100,0.7588206389274482,4.082574266940355,0.2689416522900727,0.1899110204482911,0.5797620310687676,0.6480301700804463,0.7833491833076989,0.0025513622391546134,13,6,0.20816659994661327,2500,OLS_oracle,iid,False,5
6,6,6001,12,120001,True,166,False,100,0.8520100870002809,3.0454143788665533,0.3694075920318152,0.28271494550180515,0.5964837381957062,0.8529577446596176,0.6047571185323185,0.0019943474404134597,13,6,0.20816659994661327,2500,OLS_oracle,iid,False,5
6,7,7001,4,40001,True,128,False,100,0.7846581871320228,2.3055798183195293,0.4373466771872711,0.3257400286017961,1.0874617584521633,1.0062956122028406,0.6277690263686185,0.004138415821593329,13,6,0.20816659994661327,2500,OLS_oracle,iid,False,5
6,3,3001,20,200001,True,152,False,100,0.7769255038978906,5.310653971042484,0.421930440318627,0.3204538999723792,0.8787385113828556,1.0332285752766324,0.4887919627692306,0.002998737759428016,13,6,0.20816659994661327,2500,OLS_oracle,iid,False,5
6,5,5001,6,60001,True,234,False,100,0.6054868703637541,3.936783354729414,0.3799605766020437,0.28810650769771196,0.7297311894027969,0.727619332840831,0.7755322051339999,0.0016529548026025425,13,6,0.20816659994661327,2500,OLS_oracle,iid,False,5
6,7,7001,12,120001,True,135,False,100,0.8520100870002809,2.2663438264280558,0.41033095161813743,0.3069090239795288,0.9260531308388832,0.8414073492867324,0.7308224276303517,0.0020412523155501116,13,6,0.20816659994661327,2500,OLS_oracle,iid,False,5
6,4,4001,19,190001,True,258,False,100,0.678000248893548,4.361896553076804,0.3326329117477053,0.22326660208326052,0.8141244016123251,0.5868104175891,0.8059404745697246,0.001405583318837112,13,6,0.20816659994661327,2500,OLS_oracle,iid,False,5
6,3,3001,14,140001,True,213,False,100,0.89421254633764,5.740876895841211,0.3389466367809699,0.23840688448413763,0.9539284142229922,0.767830290956126,0.7488327826994106,0.004174447502798577,13,6,0.20816659994661327,2500,OLS_oracle,iid,False,5
6,7,7001,16,160001,True,98,False,100,0.6683208596141331,2.2383164800703526,0.45381994781654267,0.3653793446824979,0.9180997774064548,1.1064014270131806,0.4844165206533134,0.004616002956813056,13,6,0.20816659994661327,2500,OLS_oracle,iid,False,5
6,5,5001,18,180001,True,227,False,100,0.8337458072174108,3.854722754098475,0.45694560742640716,0.3573720482750668,1.2664631716831862,1.1356047749116986,0.5690694275587302,0.004075266395089809,13,6,0.20816659994661327,2500,OLS_oracle,iid,False,5
6,0,1,9,90001,True,269,False,100,0.8953736093115022,9.135147204156965,0.3687714022980183,0.26676408745117636,1.0786770520643907,0.7755964941753006,0.729233893746154,0.003131544334088896,13,6,0.20816659994661327,2500,OLS_oracle,iid,False,5
6,6,6001,11,110001,True,136,False,100,0.7202541355184574,3.4728264110162854,0.4018521678004274,0.2997864934806755,0.8503826846366318,0.7600760709492217,0.7521171830203922,0.0029378019813011717,13,6,0.20816659994661327,2500,OLS_oracle,iid,False,5
6,7,7001,8,80001,True,152,False,100,0.7893747089092475,2.54244940308854,0.3835755455723988,0.28591263687450247,1.0424162236903163,0.7573903071010132,0.7402945394225497,0.0021437817265436486,13,6,0.20816659994661327,2500,OLS_oracle,iid,False,5
6,4,4001,21,210001,True,259,False,100,0.7635132529916642,4.581313812173903,0.41212168143401456,0.3202591779895443,1.045123750693351,1.0818694125870318,0.6872126975709938,0.003948497422433263,13,6,0.20816659994661327,2500,OLS_oracle,iid,False,5
5,6,6001,10,100001,True,348,False,100,0.6962106876760279,13.019526752177626,0.3315621909130624,0.25715957570253817,0.7462646676155488,0.7165878415780298,0.7483736493367453,0.0021133298909660372,13,6,0.20816659994661327,2500,OLS_oracle,iid,False,5
6,8,8001,4,40001,True,120,False,100,0.7846581871320228,1.8744853986427188,0.2718229757759032,0.18357640813430914,0.8041735090303327,0.591911846387191,0.8028569402060955,0.00405843591858084,13,6,0.20816659994661327,2500,OLS_oracle,iid,False,5
6,8,8001,6,60001,True,112,False,100,0.6054868703637541,1.8248564447276294,0.5126083498465928,0.413706008064782,0.9045183539324377,1.151261009039595,0.5233176692026543,0.0015510018583542895,13,6,0.20816659994661327,2500,OLS_oracle,iid,False,5
6,7,7001,29,290001,True,122,False,100,0.7969099998499383,1.9953019157983363,0.4157395237536839,0.3202544489761088,1.021969233641097,1.0445941691255878,0.5253928660138154,0.0029522145748003374,13,6,0.20816659994661327,2500,OLS_oracle,iid,False,5
6,8,8001,2,20001,True,129,False,100,0.5679840193940103,1.9739910550415516,0.45419236934272167,0.35290940006419763,0.955233956764498,0.8319661990132187,0.74712937369508,0.0027109271542334595,13,6,0.20816659994661327,2500,OLS_oracle,iid,False,5
6,7,7001,28,280001,True,132,False,100,0.8805932479718181,2.14347867295146,0.4313739299324842,0.33007571834364147,0.8917433064715192,0.8852067307463859,0.6773609854657747,0.0037552928620432943,13,6,0.20816659994661327,2500,OLS_oracle,iid,False,5
6,6,6001,25,250001,True,204,False,100,0.8543597406519545,3.0877523412927985,0.44364706254152564,0.36580243060000484,0.9818285392774508,0.8087946065546683,0.6733056049373892,0.003031854937281194,13,6,0.20816659994661327,2500,OLS_oracle,iid,False,5
6,7,7001,5,50001,True,168,False,100,0.8490287847098211,2.87922147102654,0.39166399562843207,0.2919414561030928,0.7924849116268534,0.9913412647083343,0.613886909203053,0.0028670293405820375,13,6,0.20816659994661327,2500,OLS_oracle,iid,False,5
6,8,8001,13,130001,True,100,False,100,0.70273688421089,1.6480409558862448,0.4374820932329083,0.3418060085169096,0.7626828349455332,0.8664244289487352,0.6959775515501609,0.0037258480106557145,13,6,0.20816659994661327,2500,OLS_oracle,iid,False,5
6,4,4001,18,180001,True,267,False,100,0.8337458072174108,4.906839252915233,0.27429906293685336,0.1982584329833744,0.6306104185410801,0.6802848257119916,0.7470391006994751,0.00419084993569863,13,6,0.20816659994661327,2500,OLS_oracle,iid,False,5
6,7,7001,23,230001,True,144,False,100,0.8588706917275976,2.422582169994712,0.4406550986850209,0.3469495991944879,1.0175102067763657,0.9905144474345116,0.6166776371807334,0.003469103346047798,13,6,0.20816659994661327,2500,OLS_oracle,iid,False,5
6,7,7001,6,60001,True,114,False,100,0.6054868703637541,2.914117740932852,0.5091619220613971,0.41452909654244247,1.133223485899583,1.076441643616096,0.5944217065582135,0.0015588101103764284,13,6,0.20816659994661327,2500,OLS_oracle,iid,False,5
6,7,7001,17,170001,True,156,False,100,0.7141262802935149,2.6244493732228875,0.40928524702414687,0.3157846161776185,0.7578785839941327,0.9176556774747054,0.6311540395139313,0.004209307500615336,13,6,0.20816659994661327,2500,OLS_oracle,iid,False,5
6,8,8001,12,120001,True,106,False,100,0.8520100870002809,1.7417307910509408,0.4553026961496361,0.36330766074191523,0.9143856394928732,0.8899087387224236,0.6987810028664773,0.001989832455200674,13,6,0.20816659994661327,2500,OLS_oracle,iid,False,5
6,2,2001,27,270001,True,174,False,100,0.7588206389274482,6.651456065010279,0.4875074061743615,0.3953356453761195,0.9462822794445965,1.227790893867661,0.5956023369167591,0.002593502165328645,13,6,0.20816659994661327,2500,OLS_oracle,iid,False,5
6,3,3001,15,150001,True,342,False,100,0.8242919900050558,6.239064823836088,0.269280875103132,0.18062694021291323,0.8259980147266696,0.5279573239602972,0.8170796198147012,0.003120451425985606,13,6,0.20816659994661327,2500,OLS_oracle,iid,False,5
6,6,6001,19,190001,True,217,False,100,0.678000248893548,3.5608280738815665,0.4153121801182655,0.31980833955915067,0.9413214496458505,1.3267023936936704,0.6700162275610829,0.0014376570179651595,13,6,0.20816659994661327,2500,OLS_oracle,iid,False,5
6,8,8001,11,110001,True,125,False,100,0.7202541355184574,1.9422549437731504,0.4551828132967089,0.37085076407485623,0.9479675786651408,1.0275023561345347,0.6519775547633088,0.002909085947899167,13,6,0.20816659994661327,2500,OLS_oracle,iid,False,5
6,7,7001,19,190001,True,166,False,100,0.678000248893548,2.691402083262801,0.4086574830670573,0.31265125604513283,0.9000855897822343,0.8222498453934143,0.7115004325113293,0.001366544083698593,13,6,0.20816659994661327,2500,OLS_oracle,iid,False,5
6,5,5001,9,90001,True,296,False,100,0.8953736093115022,4.524693233892322,0.36120219805743525,0.26740262010561533,0.9265448075601866,0.6575198420322774,0.7633599967294771,0.0030751852684979524,13,6,0.20816659994661327,2500,OLS_oracle,iid,False,5
6,6,6001,26,260001,True,156,False,100,0.792281736594413,3.3326487531885505,0.4087332026768183,0.3006493039004732,0.913958151401765,0.9690908525428755,0.5001191454832489,0.0026035725694125962,13,6,0.20816659994661327,2500,OLS_oracle,iid,False,5
6,5,5001,24,240001,True,111,False,100,0.881706198732095,4.245384917128831,0.38674113711038366,0.2862598517835272,0.8706223965843802,0.8058771169714891,0.683693153610027,0.0036860673295548516,13,6,0.20816659994661327,2500,OLS_oracle,iid,False,5
6,6,6001,21,210001,True,101,False,100,0.7635132529916642,3.4648602339439094,0.3743418286226994,0.28399332700270785,0.7561684394830205,0.769459568082203,0.7341997945628856,0.004033570241864571,13,6,0.20816659994661327,2500,OLS_oracle,iid,False,5
6,3,3001,16,160001,True,159,False,100,0.6683208596141331,6.335276442114264,0.39363815705850846,0.2762844226129737,0.997215079065572,29.783817703820976,0.6639453769560729,0.004549875648122048,13,6,0.20816659994661327,2500,OLS_oracle,iid,False,5
6,8,8001,10,100001,True,137,False,100,0.6962106876760279,2.0895306672900915,0.3583395629508907,0.2596391842089899,0.792572074599581,0.686044211451021,0.7506793614950522,0.0027544009892456612,13,6,0.20816659994661327,2500,OLS_oracle,iid,False,5
6,8,8001,5,50001,True,138,False,100,0.8490287847098211,2.3159406390041113,0.42789656867007825,0.32696246596356426,1.0480949395711825,0.8597984736268164,0.6955890981135452,0.002909257607053666,13,6,0.20816659994661327,2500,OLS_oracle,iid,False,5
6,6,6001,17,170001,True,209,False,100,0.7141262802935149,3.855891346000135,0.37838347019211266,0.26434560117458045,1.0290429489802089,0.7325966947059527,0.720952219187809,0.0043159027949737664,13,6,0.20816659994661327,2500,OLS_oracle,iid,False,5
6,7,7001,3,30001,True,138,False,100,0.9153607094015493,3.3242987571284175,0.3459046014857778,0.2558644115390297,0.677712428620215,1.0641990653420939,0.4407467543362308,0.006984137478469238,13,6,0.20816659994661327,2500,OLS_oracle,iid,False,5
6,8,8001,29,290001,True,110,False,100,0.7969099998499383,1.682931066956371,0.4914110475254175,0.39068763067924256,0.9053864373378525,1.0383782621132176,0.5596943279417194,0.0029267819229801583,13,6,0.20816659994661327,2500,OLS_oracle,iid,False,5
5,8,8001,19,190001,True,277,False,100,0.678000248893548,11.1579630789347,0.49237087212103664,0.40559104998109324,0.9527839647682209,0.9431108869783692,0.6143863393031721,0.001230468554589976,13,6,0.20816659994661327,2500,OLS_oracle,iid,False,5
6,6,6001,2,20001,True,216,False,100,0.5679840193940103,4.417249518912286,0.3036201405726111,0.21962167924777598,0.6081112794448962,0.6082360333819455,0.8220921371182603,0.00264917812290248,13,6,0.20816659994661327,2500,OLS_oracle,iid,False,5
6,7,7001,7,70001,True,192,False,100,0.6482034165355648,3.397258147597313,0.4413645060002704,0.34233445032812004,0.9132672912512735,0.9612098423523303,0.6434059711335475,0.0016173441478266673,13,6,0.20816659994661327,2500,OLS_oracle,iid,False,5
6,8,8001,26,260001,True,115,False,100,0.792281736594413,1.9360197349451482,0.43542053152314303,0.3488758139494847,0.8631790124701182,0.870068033998123,0.6695254992580518,0.002663246816569526,13,6,0.20816659994661327,2500,OLS_oracle,iid,False,5
6,5,5001,8,80001,True,113,False,100,0.7893747089092475,4.995233422610909,0.43333896021158685,0.3287344500560636,1.1466211484220576,1.0681679006237539,0.5179683976405705,0.0021468775756576636,13,6,0.20816659994661327,2500,OLS_oracle,iid,False,5
6,8,8001,3,30001,True,166,False,100,0.9153607094015493,2.699807758908719,0.3649260516440897,0.2604447442902456,1.0581817182038533,0.9585144601938603,0.5795752743924378,0.006961202211689721,13,6,0.20816659994661327,2500,OLS_oracle,iid,False,5
6,5,5001,3,30001,True,167,False,100,0.9153607094015493,5.213681918103248,0.23793867373909788,0.1446830633324206,0.6876864474572102,0.7253309238788217,0.7421962932648308,0.006898954254256135,13,6,0.20816659994661327,2500,OLS_oracle,iid,False,5
6,8,8001,8,80001,True,136,False,100,0.7893747089092475,2.6079517118632793,0.4855317431302319,0.38294681006877834,1.0418954525777389,0.949684605320277,0.6276769167290384,0.0020949884973232528,13,6,0.20816659994661327,2500,OLS_oracle,iid,False,5
6,7,7001,9,90001,True,196,False,100,0.8953736093115022,3.3959912471473217,0.42083218331123556,0.321653972970891,0.9853947051461432,1.3630082455932158,0.6756352206795261,0.003056890085082943,13,6,0.20816659994661327,2500,OLS_oracle,iid,False,5
5,7,7001,19,190001,True,305,False,100,0.678000248893548,12.516012879088521,0.4912971571034721,0.4127133024590221,1.1146145627272004,1.1953640945518416,0.5704097324298403,0.0012728231215454282,13,6,0.20816659994661327,2500,OLS_oracle,iid,False,5
6,9,9001,13,130001,True,88,False,100,0.70273688421089,1.4466903191059828,0.4178851549076884,0.31828981918559196,0.9087233593790727,0.863221973254034,0.6586082672525395,0.0036887134337705127,13,6,0.20816659994661327,2500,OLS_oracle,iid,False,5
6,5,5001,4,40001,True,158,False,100,0.7846581871320228,5.2872419049963355,0.42108841252386536,0.32571274461477245,0.9788040773265874,0.9603581982838875,0.6057757291511032,0.004075543079929748,13,6,0.20816659994661327,2500,OLS_oracle,iid,False,5
6,9,9001,16,160001,True,91,False,100,0.6683208596141331,1.4010535390116274,0.4357330671150482,0.34243607565181144,1.075613794546012,0.947448172554534,0.6138742704726836,0.004732573997044142,13,6,0.20816659994661327,2500,OLS_oracle,iid,False,5
6,5,5001,19,190001,True,303,False,100,0.678000248893548,4.9259242583066225,0.3525210873407679,0.2591863817664048,0.7691935507243565,0.7662660124987376,0.7719270175870931,0.0014496172982345413,13,6,0.20816659994661327,2500,OLS_oracle,iid,False,5
6,9,9001,6,60001,True,114,False,100,0.6054868703637541,1.7252465290948749,0.47191024309351204,0.3637639365679265,1.054136377655329,0.9660413795943581,0.6710371733257527,0.0015741182389077358,13,6,0.20816659994661327,2500,OLS_oracle,iid,False,5
6,1,1001,7,70001,True,289,False,100,0.6482034165355648,9.142581745050848,0.3458708612482045,0.25896347493614813,0.6822739989180316,0.7479308777869903,0.7409504419752837,0.0016344199864750232,13,6,0.20816659994661327,2500,OLS_oracle,iid,False,5
6,6,6001,9,90001,True,140,False,100,0.8953736093115022,4.616965438239276,0.44547955341999507,0.34541086949587974,0.930394400568639,1.0365391273870708,0.5524558910172593,0.0029936100139110137,13,6,0.20816659994661327,2500,OLS_oracle,iid,False,5
6,3,3001,8,80001,True,380,False,100,0.7893747089092475,7.110859759151936,0.2810375206403745,0.19189779545687818,0.7773875988845783,0.6001502613300377,0.7817971316647041,0.0022212423915811325,13,6,0.20816659994661327,2500,OLS_oracle,iid,False,5
6,5,5001,14,140001,True,234,False,100,0.89421254633764,5.221789215225726,0.3379872237103622,0.24464905622806649,0.7600307711255377,0.6899251847952116,0.7584697797523348,0.004125543291960322,13,6,0.20816659994661327,2500,OLS_oracle,iid,False,5
6,4,4001,5,50001,True,202,False,100,0.8490287847098211,6.638311701826751,0.26486265893596717,0.17809651965580628,0.7664568495557328,0.5563170646049417,0.8401436529921662,0.0028675076121685516,13,6,0.20816659994661327,2500,OLS_oracle,iid,False,5
6,7,7001,25,250001,True,193,False,100,0.8543597406519545,3.4695599540136755,0.3547669994240706,0.25321784644871703,0.8557151022212086,0.7882895675842784,0.7458946854813622,0.0030785152969812607,13,6,0.20816659994661327,2500,OLS_oracle,iid,False,5
6,9,9001,7,70001,True,120,False,100,0.6482034165355648,1.937406555749476,0.4557443282401464,0.35055345537282984,0.9269856985482438,0.92895222439503,0.6686593717675351,0.001552788130433901,13,6,0.20816659994661327,2500,OLS_oracle,iid,False,5
7,0,1,0,1,True,94,False,100,0.6353774882522931,1.3172262590378523,0.3948523258487442,0.2797251012696974,0.9004258766301168,0.9490466053135483,0.6310341665247768,0.005059251534020321,13,6,0.20816659994661327,2500,OLS_oracle,iid,False,5
6,7,7001,18,180001,True,222,False,100,0.8337458072174108,3.6943537066690624,0.4495288494731452,0.3495453290909432,0.9215192343555313,1.1389089048206718,0.4996858218809735,0.004027874319201705,13,6,0.20816659994661327,2500,OLS_oracle,iid,False,5
6,9,9001,12,120001,True,115,False,100,0.8520100870002809,1.8535274961031973,0.46516276495499287,0.36640001778677156,1.0188038146116267,1.1037681845420797,0.5202641065774997,0.0019804382559625707,13,6,0.20816659994661327,2500,OLS_oracle,iid,False,5
6,6,6001,10,100001,True,216,False,100,0.6962106876760279,4.935881413053721,0.34274436535644764,0.25631859214083424,0.6353246227555246,0.9986384144729666,0.5399158169465178,0.0028559728600361187,13,6,0.20816659994661327,2500,OLS_oracle,iid,False,5
6,9,9001,4,40001,True,136,False,100,0.7846581871320228,2.40155208716169,0.4883633683040755,0.391357791024539,1.1064554517190497,1.0934041125746037,0.4925473028664206,0.004125822823591554,13,6,0.20816659994661327,2500,OLS_oracle,iid,False,5
6,9,9001,17,170001,True,120,False,100,0.7141262802935149,1.896547214128077,0.4865936769380236,0.3903516541352411,1.0846395087420952,1.1291663908595537,0.47229370763431083,0.004145247142588934,13,6,0.20816659994661327,2500,OLS_oracle,iid,False,5
6,9,9001,0,1,True,167,False,100,0.7618382172975056,2.5404253150336444,0.3158326095272836,0.23133507833223171,0.6338005529901608,0.620355163741315,0.7986869397633042,0.0032700780006177117,13,6,0.20816659994661327,2500,OLS_oracle,iid,False,5
6,7,7001,14,140001,True,179,False,100,0.89421254633764,3.9802216989919543,0.3999067189973358,0.3005867921737183,0.9359735602730818,0.9242169291675394,0.6018191900922171,0.004222945457809217,13,6,0.20816659994661327,2500,OLS_oracle,iid,False,5
7,0,1,8,80001,True,96,False,100,0.7893747089092475,1.345816981047392,0.5041853149248802,0.38695764242751923,1.0363953066379525,1.3666921906749778,0.411615618608705,0.0023455610056493095,13,6,0.20816659994661327,2500,OLS_oracle,iid,False,5
6,6,6001,23,230001,True,120,False,100,0.8588706917275976,4.581992686726153,0.5066971687651033,0.4031115393441617,1.0722583549660456,1.1754690356869177,0.4322101563695019,0.0034569341944578357,13,6,0.20816659994661327,2500,OLS_oracle,iid,False,5
6,7,7001,27,270001,True,215,False,100,0.7588206389274482,3.686384528875351,0.308558630399852,0.22136613066853028,0.6448737966613365,0.6526297751610973,0.7926986796327514,0.002699660471081294,13,6,0.20816659994661327,2500,OLS_oracle,iid,False,5
6,7,7001,2,20001,True,257,False,100,0.5679840193940103,4.4094716110266745,0.32712086475684116,0.23622826409825207,0.824195471227258,0.6392410059047239,0.8011703924493611,0.00274098241247366,13,6,0.20816659994661327,2500,OLS_oracle,iid,False,5
7,0,1,17,170001,True,92,False,100,0.7049438404713185,1.2754082828760147,0.40713730197190606,0.2829988458887736,1.0500429956441308,0.8705756777913721,0.6978993004245476,0.004685701767595955,13,6,0.20816659994661327,2500,OLS_oracle,iid,False,5
6,7,7001,26,260001,True,180,False,100,0.792281736594413,3.7464539944194257,0.402176241192841,0.29873334799441653,0.9427429534409063,0.7928095894746444,0.6913508035610462,0.0026696592288889777,13,6,0.20816659994661327,2500,OLS_oracle,iid,False,5
7,0,1,25,250001,True,84,False,100,0.8543597406519545,1.179480823688209,0.28140139150225885,0.16631745915488744,0.6938834165646386,0.5617227816621765,0.8400406318284959,0.0035779239082509005,13,6,0.20816659994661327,2500,OLS_oracle,iid,False,5
6,9,9001,21,210001,True,119,False,100,0.7635132529916642,1.9712463929317892,0.42374231605332013,0.3264265651948704,0.8922830636750404,0.8799591486155202,0.6695865853051346,0.003948756080754046,13,6,0.20816659994661327,2500,OLS_oracle,iid,False,5
6,9,9001,2,20001,True,108,False,100,0.5679840193940103,2.7414045948535204,0.3457409016587819,0.2412971416473215,0.8452894962721196,0.6818637594410333,0.7650847087405389,0.0026577003067038856,13,6,0.20816659994661327,2500,OLS_oracle,iid,False,5
6,7,7001,24,240001,True,246,False,100,0.881706198732095,3.9609845052473247,0.4439037814331494,0.34470680192330544,0.777435278895909,0.9136594765360562,0.6569423398086724,0.0037817612218065187,13,6,0.20816659994661327,2500,OLS_oracle,iid,False,5
6,8,8001,23,230001,True,182,False,100,0.8588706917275976,2.979743960313499,0.42252839443401446,0.31875287199226104,1.038935520197443,1.0114743449095351,0.6789241492450019,0.00344825888957186,13,6,0.20816659994661327,2500,OLS_oracle,iid,False,5
6,3,3001,18,180001,True,222,False,100,0.8337458072174108,7.570304891094565,0.33008435040805767,0.22675026183604957,0.6663989794348565,0.7430288242591452,0.6738339680376539,0.004096075059324102,13,6,0.20816659994661327,2500,OLS_oracle,iid,False,5
6,2,2001,28,280001,True,354,False,100,0.8805932479718181,8.154296124819666,0.18757992233846255,0.13585689966912545,0.31517426284767935,0.5688003091048013,0.8330249344814921,0.0036973719696182404,13,6,0.20816659994661327,2500,OLS_oracle,iid,False,5
6,7,7001,22,220001,True,227,False,100,0.7528364811080336,4.069414244033396,0.40422160766229226,0.29215158917810824,0.9399422319412434,0.9353465406532043,0.6452585783115096,0.002435584725925991,13,6,0.20816659994661327,2500,OLS_oracle,iid,False,5
6,9,9001,9,90001,True,150,False,100,0.8953736093115022,2.4242884679697454,0.4392728103975818,0.3433474313827418,0.9425487817925968,0.9466392150443595,0.6518330088446435,0.003110245725954069,13,6,0.20816659994661327,2500,OLS_oracle,iid,False,5
7,0,1,5,50001,True,138,False,100,0.8490287847098211,1.7708495589904487,0.3504090023657215,0.2366121820732331,0.7355118121372058,0.8178475097242038,0.665294598169393,0.0045663696446609486,13,6,0.20816659994661327,2500,OLS_oracle,iid,False,5
6,8,8001,14,140001,True,140,False,100,0.89421254633764,3.2926058848388493,0.4489517195042866,0.3509234344999545,1.1289824296018471,0.9932082825855391,0.6547675938447569,0.0042146462823228715,13,6,0.20816659994661327,2500,OLS_oracle,iid,False,5
7,0,1,11,110001,True,120,False,100,0.7202541355184574,1.6606535129249096,0.32202501382873017,0.21472204093923447,0.8592160782310577,0.8618913871140611,0.6210978350597812,0.004342267278795583,13,6,0.20816659994661327,2500,OLS_oracle,iid,False,5
7,0,1,12,120001,True,116,False,100,0.8520100870002809,1.631540333852172,0.39603493237509974,0.278863016854395,0.8805602991590503,0.8103555268205764,0.7173237173755505,0.00456274625768536,13,6,0.20816659994661327,2500,OLS_oracle,iid,False,5
7,0,1,9,90001,True,122,False,100,0.6913889898175131,1.7099701189436018,0.43518359432204146,0.31816467727246306,0.8436615259149813,1.0981699955924193,0.5540165581014178,0.003411207401569316,13,6,0.20816659994661327,2500,OLS_oracle,iid,False,5
6,9,9001,20,200001,True,136,False,100,0.7769255038978906,2.1934469239786267,0.43613116945347563,0.33372756733730663,0.9667747376365867,0.941727103485635,0.5856764909234508,0.0029815623217271164,13,6,0.20816659994661327,2500,OLS_oracle,iid,False,5
7,0,1,3,30001,True,145,False,100,0.9153607094015493,1.885766405146569,0.23623813453408052,0.16136216710260728,0.4739286517494741,0.9241164952130635,0.5513711541035864,0.008145309480189034,13,6,0.20816659994661327,2500,OLS_oracle,iid,False,5
7,0,1,29,290001,True,89,False,100,0.5986793783564363,1.278766831383109,0.4080954196777159,0.2926563425935902,1.0867012836493266,1.1262523601767152,0.5233996184359622,0.004482973059012609,13,6,0.20816659994661327,2500,OLS_oracle,iid,False,5
6,7,7001,10,100001,True,252,False,100,0.6962106876760279,4.517488320823759,0.3425138336985405,0.2508038880710993,1.008673119339835,0.877364950174476,0.6393308217655713,0.00284276371456365,13,6,0.20816659994661327,2500,OLS_oracle,iid,False,5
7,0,1,16,160001,True,122,False,100,0.6683208596141331,1.6749489400535822,0.2882937692956383,0.17503435624837685,1.018118570503995,0.6362862959395018,0.8292968446996448,0.005726836865704977,13,6,0.20816659994661327,2500,OLS_oracle,iid,False,5
6,8,8001,21,210001,True,175,False,100,0.7635132529916642,3.2988080140203238,0.4124517276476668,0.3151911141210385,1.0484189214398478,0.8794738392415821,0.6817682970756945,0.003960952746547564,13,6,0.20816659994661327,2500,OLS_oracle,iid,False,5
6,9,9001,14,140001,True,166,False,100,0.89421254633764,2.5297769349999726,0.38357682971863355,0.27758947072798895,0.9543023963814218,1.1128342269321203,0.48691004371657315,0.004172113934012164,13,6,0.20816659994661327,2500,OLS_oracle,iid,False,5
6,8,8001,16,160001,True,105,False,100,0.6683208596141331,3.468086102977395,0.4646345712515803,0.3665511786621561,0.8352642676957435,1.032934370753234,0.5591902624556108,0.004520952030187968,13,6,0.20816659994661327,2500,OLS_oracle,iid,False,5
6,8,8001,1,10001,True,253,False,100,0.8537373888613078,4.054130003787577,0.4259912445860571,0.32568630946680543,0.9316628594788375,0.9079367030204405,0.6137371890978608,0.003419780756998946,13,6,0.20816659994661327,2500,OLS_oracle,iid,False,5
6,9,9001,18,180001,True,105,False,100,0.8337458072174108,2.590884593781084,0.4153480544497246,0.3163046439356135,0.7828578634620978,0.8753067932367173,0.6453764940616363,0.004143173118005348,13,6,0.20816659994661327,2500,OLS_oracle,iid,False,5
6,8,8001,20,200001,True,212,False,100,0.7769255038978906,3.469447714276612,0.35693756199745363,0.24322573340267126,1.146089507502636,0.8002805897782785,0.7305066639106987,0.0030498258073391386,13,6,0.20816659994661327,2500,OLS_oracle,iid,False,5
7,0,1,4,40001,True,156,False,100,0.7846581871320228,2.1468271799385548,0.3934948437084566,0.27337447736546233,1.1277275221390053,0.9749624614198519,0.5977341549493503,0.005294063580443201,13,6,0.20816659994661327,2500,OLS_oracle,iid,False,5
7,1,1001,12,120001,True,97,False,100,0.8520100870002809,1.2402415149845183,0.4503253893176955,0.3582809121883403,0.9103786583800134,1.5080857722233338,0.6120416192183473,0.0045774895353433995,13,6,0.20816659994661327,2500,OLS_oracle,iid,False,5
6,8,8001,15,150001,True,124,False,100,0.8242919900050558,3.65275320969522,0.4194929187556471,0.3134340188247996,0.8988149486471915,0.754127948446235,0.7458391274599449,0.003009389554552157,13,6,0.20816659994661327,2500,OLS_oracle,iid,False,5
6,8,8001,25,250001,True,177,False,100,0.8543597406519545,3.424842326901853,0.4315694484737805,0.3245662416608584,1.0762253425765098,0.9695902529180428,0.6666119990835625,0.0030655900033016888,13,6,0.20816659994661327,2500,OLS_oracle,iid,False,5
6,8,8001,18,180001,True,224,False,100,0.8337458072174108,3.650749882683158,0.34420596145282134,0.25573240845927003,0.8259689528222917,0.8597702906386978,0.6569436211850671,0.004192916750241737,13,6,0.20816659994661327,2500,OLS_oracle,iid,False,5
6,9,9001,24,240001,True,166,False,100,0.881706198732095,2.5373918060213327,0.39441198552271994,0.27598007361039,0.839312898889061,0.7582779932800723,0.7192165919782888,0.003646275289023196,13,6,0.20816659994661327,2500,OLS_oracle,iid,False,5
7,1,1001,6,60001,True,95,False,100,0.4664033835932271,1.568895856384188,0.458304497819308,0.34137237825825856,0.823794836650024,1.0118686799369654,0.636075644571002,0.0025857096146860493,13,6,0.20816659994661327,2500,OLS_oracle,iid,False,5
7,1,1001,16,160001,True,89,False,100,0.6683208596141331,1.3122497112490237,0.3204779434681775,0.22249299339955764,0.7655050133070934,0.7745919553425642,0.7168483875413574,0.005671879933768649,13,6,0.20816659994661327,2500,OLS_oracle,iid,False,5
6,9,9001,8,80001,True,137,False,100,0.7893747089092475,3.1058436119928956,0.48909321372813475,0.38246209345086,1.0018508546236695,1.1514621824341382,0.5458734412811379,0.002141621591155943,13,6,0.20816659994661327,2500,OLS_oracle,iid,False,5
7,0,1,23,230001,True,121,False,100,0.8532989816508755,2.027836122084409,0.49306279332921693,0.3763995099243479,1.0915214874474686,1.383453245550104,0.3343318423482861,0.00535944908871723,13,6,0.20816659994661327,2500,OLS_oracle,iid,False,5
7,1,1001,14,140001,True,76,False,100,0.89421254633764,1.4552501630969346,0.3558811410927446,0.2659385927635052,0.7803085423532318,1.0835922497859356,0.6068374788391714,0.005448482002001116,13,6,0.20816659994661327,2500,OLS_oracle,iid,False,5
7,1,1001,11,110001,True,106,False,100,0.7202541355184574,1.5737421941012144,0.40931434428491575,0.30019570359910863,0.841001013907259,0.9146222079064202,0.661621717854097,0.0044138649461162235,13,6,0.20816659994661327,2500,OLS_oracle,iid,False,5
7,0,1,19,190001,True,118,False,100,0.678000248893548,2.2011533239856362,0.40086639249094475,0.28601867482653853,0.8064355870916612,1.0003907072482245,0.573694573046631,0.0030747863187697653,13,6,0.20816659994661327,2500,OLS_oracle,iid,False,5
6,9,9001,5,50001,True,218,False,100,0.8490287847098211,3.5338248419575393,0.4232325610842311,0.3256063056689213,0.8953112721998788,0.7818433500744574,0.7694826312880716,0.0028100102956846763,13,6,0.20816659994661327,2500,OLS_oracle,iid,False,5
6,9,9001,1,10001,True,243,False,100,0.8537373888613078,3.6755973799154162,0.399067880389095,0.29561273563923085,0.9214425247714153,0.9481553991308402,0.6866265270847177,0.0033503847709012526,13,6,0.20816659994661327,2500,OLS_oracle,iid,False,5
6,5,5001,12,120001,True,334,False,100,0.8520100870002809,6.792595038190484,0.2981283906091203,0.2021426717467218,0.6976769318633542,0.6612078728641173,0.8047514862972397,0.002084087299639373,13,6,0.20816659994661327,2500,OLS_oracle,iid,False,5
6,9,9001,11,110001,True,139,False,100,0.7202541355184574,3.282821739092469,0.32214686061050823,0.2338600849645534,0.753421484644007,0.6621591106741768,0.7926716036666236,0.002907698747714744,13,6,0.20816659994661327,2500,OLS_oracle,iid,False,5
6,9,9001,26,260001,True,145,False,100,0.792281736594413,2.833029774017632,0.4218473892331513,0.3187915781781172,0.9546104938250319,0.8126548391948798,0.734440376463262,0.0026353678587048004,13,6,0.20816659994661327,2500,OLS_oracle,iid,False,5
7,1,1001,5,50001,True,144,False,100,0.8490287847098211,1.955613796133548,0.3580092553420632,0.2334716069883377,1.1791691448947528,0.7292776279374554,0.7968554152496296,0.004630939098654666,13,6,0.20816659994661327,2500,OLS_oracle,iid,False,5
6,8,8001,17,170001,True,160,False,100,0.7141262802935149,4.188093803822994,0.34711010423560834,0.25923338940314605,0.8494381551768225,0.8402707416097389,0.6744802091602818,0.0042529814640180985,13,6,0.20816659994661327,2500,OLS_oracle,iid,False,5
7,1,1001,18,180001,True,116,False,100,0.8337458072174108,1.6212853719480336,0.3531529608838155,0.23359216627226712,0.7866907559696278,0.675430690730964,0.7989456093311627,0.0051609109240074655,13,6,0.20816659994661327,2500,OLS_oracle,iid,False,5
7,0,1,18,180001,True,200,False,100,0.8337458072174108,2.5589887127280235,0.24664731234970022,0.14582968797802015,0.7951358762962483,0.5100178983410825,0.8539210855930331,0.005254956631856561,13,6,0.20816659994661327,2500,OLS_oracle,iid,False,5
6,9,9001,3,30001,True,169,False,100,0.9153607094015493,3.948706015944481,0.2557501722858718,0.17747663937854982,0.5443028294621673,0.8273501770119782,0.6079246795162392,0.006986236822795943,13,6,0.20816659994661327,2500,OLS_oracle,iid,False,5
6,5,5001,5,50001,True,402,False,100,0.8490287847098211,7.284315039403737,0.3394386346598589,0.24372613584892067,0.7290811276681448,0.719617775332625,0.75344970293762,0.0028870322243727087,13,6,0.20816659994661327,2500,OLS_oracle,iid,False,5
7,1,1001,27,270001,True,100,False,100,0.6920673881305397,1.5385094662196934,0.46417600093756495,0.3488182843282169,0.987882785816639,1.0974425330903916,0.6054989914324602,0.002997849524191563,13,6,0.20816659994661327,2500,OLS_oracle,iid,False,5
7,1,1001,17,170001,True,114,False,100,0.7049438404713185,1.8043071199208498,0.44640785799243105,0.33252160266355013,1.066821571162798,1.4092420116017736,0.3935638304207549,0.004932364795024692,13,6,0.20816659994661327,2500,OLS_oracle,iid,False,5
6,7,7001,20,200001,True,282,False,100,0.7769255038978906,5.400403832085431,0.32457890620717034,0.22769025656193917,0.7162101599003138,0.7577264573782864,0.6770277559259972,0.0030006119626004545,13,6,0.20816659994661327,2500,OLS_oracle,iid,False,5
6,5,5001,10,100001,True,312,False,100,0.6962106876760279,7.244904357939959,0.2411878377987851,0.1561123293932996,0.5765055766588839,0.6592710415336379,0.7471654318422126,0.0029279151688282198,13,6,0.20816659994661327,2500,OLS_oracle,iid,False,5
6,0,1,5,50001,True,310,False,100,0.8490287847098211,12.359866624698043,0.3656627083097676,0.26386306437859464,0.9324339682249754,0.8366977139490012,0.6534739956225637,0.0028795605445558568,13,6,0.20816659994661327,2500,OLS_oracle,iid,False,5
7,2,2001,11,110001,True,98,False,100,0.7202541355184574,1.2751109646633267,0.4273612029804374,0.338481501387537,0.9902958435504384,1.3052817871513285,0.36549473739243415,0.0044560996141531,13,6,0.20816659994661327,2500,OLS_oracle,iid,False,5
6,4,4001,0,1,True,286,False,100,0.7618382172975056,8.591947850771248,0.23253985024759025,0.1584686312420646,0.4921018842402648,0.5849037101199356,0.8205556345715469,0.0032497404526197118,13,6,0.20816659994661327,2500,OLS_oracle,iid,False,5
6,9,9001,29,290001,True,90,False,100,0.7969099998499383,3.142316991928965,0.4198482838754304,0.3242774081213654,0.8026513859167407,0.9740623053233856,0.554300387654208,0.0028967283472440602,13,6,0.20816659994661327,2500,OLS_oracle,iid,False,5
6,7,7001,21,210001,True,290,False,100,0.7635132529916642,5.446944886352867,0.273272387000806,0.18855005437445244,0.6089689096577717,0.5730559761419454,0.7924983450354716,0.003912225515144125,13,6,0.20816659994661327,2500,OLS_oracle,iid,False,5
7,1,1001,23,230001,True,105,False,100,0.8532989816508755,1.7638701759278774,0.3990362490339142,0.2858334142749705,0.8309083739037585,1.030518793504656,0.5099151675772947,0.005301543289514455,13,6,0.20816659994661327,2500,OLS_oracle,iid,False,5
7,0,1,7,70001,True,188,False,100,0.5712051884848673,2.979686601087451,0.35692209862681956,0.24257464381087607,0.7865421873224646,0.655114814516592,0.8135253702572861,0.0019646363595409006,13,6,0.20816659994661327,2500,OLS_oracle,iid,False,5
6,7,7001,15,150001,True,195,False,100,0.8242919900050558,5.657588132657111,0.32254538891407053,0.2242915143858575,0.7733200873185492,0.7951663620613117,0.5909965314205543,0.002995375415871496,13,6,0.20816659994661327,2500,OLS_oracle,iid,False,5
6,9,9001,15,150001,True,211,False,100,0.8242919900050558,3.658007704652846,0.3740485401056687,0.2863157473073413,0.9444252451179147,0.8389434594261925,0.681660755995475,0.0030561055028300367,13,6,0.20816659994661327,2500,OLS_oracle,iid,False,5
7,2,2001,4,40001,True,97,False,100,0.7846581871320228,1.5477930349297822,0.38663196332744393,0.2685820788288342,0.8001059909605313,0.96393806413957,0.606017502536246,0.0052756616451617964,13,6,0.20816659994661327,2500,OLS_oracle,iid,False,5
7,1,1001,3,30001,True,168,False,100,0.9153607094015493,2.4697077297605574,0.2465689326162863,0.15084599377669847,0.6843490078551268,0.6819663616050121,0.7385124664141639,0.007936436179106311,13,6,0.20816659994661327,2500,OLS_oracle,iid,False,5
7,1,1001,13,130001,True,90,False,100,0.70273688421089,2.2095396178774536,0.47309923078666943,0.35555379986767455,1.0725816059049955,1.331644039875384,0.6270784538718326,0.005957561896615854,13,6,0.20816659994661327,2500,OLS_oracle,iid,False,5
7,2,2001,7,70001,True,112,False,100,0.5712051884848673,1.58604033337906,0.48635758561890136,0.3660165689630758,0.9794963148313038,1.082115260942138,0.6747527181999677,0.0019370952646490924,13,6,0.20816659994661327,2500,OLS_oracle,iid,False,5
6,6,6001,28,280001,True,167,False,100,0.8805932479718181,6.274976207874715,0.37903340799863194,0.28310020267995306,1.1324811365132543,0.8622828141439705,0.647493934758656,0.003739163642477651,13,6,0.20816659994661327,2500,OLS_oracle,iid,False,5
7,0,1,1,10001,True,220,False,100,0.8537373888613078,3.3377135591581464,0.3505525814967253,0.2500441944267338,0.6385618121804919,0.6752482038895654,0.8098848359796419,0.004024062334236358,13,6,0.20816659994661327,2500,OLS_oracle,iid,False,5
7,1,1001,24,240001,True,117,False,100,0.881706198732095,1.903916025068611,0.42640854005982004,0.3074405529002967,0.8924517411110972,1.0218228854037206,0.6247576951222032,0.005699923715872103,13,6,0.20816659994661327,2500,OLS_oracle,iid,False,5
7,2,2001,13,130001,True,87,False,100,0.70273688421089,1.506908253300935,0.38476144794358014,0.26866758111531835,0.7989172408458816,0.9778796648605863,0.5578007040718013,0.006033750481040636,13,6,0.20816659994661327,2500,OLS_oracle,iid,False,5
6,6,6001,5,50001,True,190,False,100,0.8490287847098211,6.446454961784184,0.36250252992265003,0.25743879385001767,0.9116207927546247,0.8470308926371973,0.6677320625762062,0.0029244951667494567,13,6,0.20816659994661327,2500,OLS_oracle,iid,False,5
7,1,1001,2,20001,True,102,False,100,0.5344532055333485,2.6914734728634357,0.4397768013680896,0.3243307540151449,0.8062622353088437,0.9429162214271636,0.674918734538766,0.0033322913435101585,13,6,0.20816659994661327,2500,OLS_oracle,iid,False,5
6,8,8001,24,240001,True,281,False,100,0.881706198732095,4.668498688843101,0.33314679570155853,0.2339083659472463,0.8617911299065236,0.7482507999869918,0.7031706167195642,0.0038056609963264937,13,6,0.20816659994661327,2500,OLS_oracle,iid,False,5
6,5,5001,23,230001,True,243,False,100,0.8588706917275976,7.425724470056593,0.22478607319388275,0.16186321660710384,0.49855146150087515,0.545384497203595,0.8386445895827993,0.0034518554835562382,13,6,0.20816659994661327,2500,OLS_oracle,iid,False,5
7,1,1001,26,260001,True,136,False,100,0.792281736594413,2.0496985390782356,0.42537224509474897,0.3091488551770317,1.0693928636777261,1.0590880447426743,0.5012647017288134,0.0053740264900143265,13,6,0.20816659994661327,2500,OLS_oracle,iid,False,5
7,2,2001,6,60001,True,113,False,100,0.4664033835932271,1.8962066057138145,0.46518586214022833,0.3473692744026225,0.9544979305552593,0.9791781154914011,0.6835954469466992,0.0026069689178689517,13,6,0.20816659994661327,2500,OLS_oracle,iid,False,5
7,0,1,24,240001,True,161,False,100,0.881706198732095,3.183158863801509,0.36100722244528194,0.25465913706489435,0.8106581739666568,0.9880056837970453,0.4897277092775408,0.0057170945312959775,13,6,0.20816659994661327,2500,OLS_oracle,iid,False,5
6,6,6001,18,180001,True,228,False,100,0.8337458072174108,6.987715636845678,0.34875471207653846,0.2512225326199152,0.85729697513683,1.0111567695207846,0.5889299935341655,0.00418286426668897,13,6,0.20816659994661327,2500,OLS_oracle,iid,False,5
7,2,2001,15,150001,True,119,False,100,0.8242919900050558,1.873543895315379,0.38945169865528445,0.3118298126843385,0.9120084212692545,1.1949788294567465,0.5067557493369498,0.005494620868469678,13,6,0.20816659994661327,2500,OLS_oracle,iid,False,5
7,0,1,13,130001,True,107,False,100,0.70273688421089,3.4659877261146903,0.4219849192351588,0.3079551595424021,1.0795163810015098,1.0864788256476532,0.5183416615060635,0.00593423383327545,13,6,0.20816659994661327,2500,OLS_oracle,iid,False,5
7,2,2001,26,260001,True,91,False,100,0.792281736594413,1.6688949693925679,0.4045718405869502,0.2769355618190143,0.8484154233700187,1.0266714227933076,0.5888271371811304,0.005600204281039618,13,6,0.20816659994661327,2500,OLS_oracle,iid,False,5
6,8,8001,7,70001,True,316,False,100,0.6482034165355648,5.60648729884997,0.33435306425246925,0.232411315145688,0.8622498264110936,0.620601443369389,0.7971934493782233,0.0016574793137147288,13,6,0.20816659994661327,2500,OLS_oracle,iid,False,5
7,2,2001,20,200001,True,139,False,100,0.7769255038978906,1.8584348242729902,0.44055361029992696,0.319824843419418,0.9939666221918882,0.8905562510338143,0.7554174208744652,0.004327933907305308,13,6,0.20816659994661327,2500,OLS_oracle,iid,False,5
7,1,1001,19,190001,True,154,False,100,0.678000248893548,2.563861931208521,0.35077025004849655,0.23608258607249885,0.8948884585912891,0.7862320648409257,0.6582930048606075,0.0031071691447416565,13,6,0.20816659994661327,2500,OLS_oracle,iid,False,5
7,1,1001,20,200001,True,196,False,100,0.7769255038978906,2.6067363899201155,0.3449531481562459,0.23392224549971863,0.8355789694851904,0.586782087958348,0.852278392103388,0.0041281821935685884,13,6,0.20816659994661327,2500,OLS_oracle,iid,False,5
6,6,6001,27,270001,True,374,False,100,0.7588206389274482,6.926901096012443,0.23409289484408843,0.1638269236335346,0.4749377305640174,0.5551375764541939,0.8250699583282378,0.002670864059660064,13,6,0.20816659994661327,2500,OLS_oracle,iid,False,5
7,1,1001,22,220001,True,165,False,100,0.7528364811080336,2.6909247171133757,0.39337124092093917,0.28299688250654315,0.8054083799750105,0.990782878464045,0.7575842360218421,0.004296856701721998,13,6,0.20816659994661327,2500,OLS_oracle,iid,False,5
7,2,2001,23,230001,True,142,False,100,0.8532989816508755,1.9721734272316098,0.3595727251857292,0.25236902584239923,0.7436908746130985,0.8172397955838583,0.68167978172669,0.00545173215709655,13,6,0.20816659994661327,2500,OLS_oracle,iid,False,5
7,2,2001,17,170001,True,119,False,100,0.7049438404713185,2.1210864800959826,0.41877722608488777,0.30086275062593426,0.8391800030449599,0.8536495905341538,0.7071860743574802,0.004990833101799401,13,6,0.20816659994661327,2500,OLS_oracle,iid,False,5
6,6,6001,20,200001,True,191,False,100,0.7769255038978906,7.235791968181729,0.37326507346136933,0.2853114970215389,0.6317111639012518,0.8669183383118516,0.6010920707250172,0.002980937340330821,13,6,0.20816659994661327,2500,OLS_oracle,iid,False,5
6,9,9001,10,100001,True,218,False,100,0.6962106876760279,4.713569303043187,0.32760695534324163,0.22916557014324257,0.6046819618585398,0.8054794112144015,0.6697453613087835,0.002836634130072443,13,6,0.20816659994661327,2500,OLS_oracle,iid,False,5
7,3,3001,15,150001,True,107,False,100,0.8242919900050558,1.414215411990881,0.47718087463626746,0.3590505717849937,0.9807701577696145,1.281003043356874,0.4290440224117012,0.005555262038412962,13,6,0.20816659994661327,2500,OLS_oracle,iid,False,5
7,2,2001,21,210001,True,103,False,100,0.7635132529916642,2.1858381438069046,0.3902236207686699,0.27483225663893657,1.1233362846471535,0.9387570757973029,0.7217506609237127,0.005079431103595178,13,6,0.20816659994661327,2500,OLS_oracle,iid,False,5
6,8,8001,28,280001,True,199,False,100,0.8805932479718181,5.293160306755453,0.3538724008368103,0.2611808415289969,0.8657253889364778,0.7293172477610387,0.7527771231123912,0.003752908278750298,13,6,0.20816659994661327,2500,OLS_oracle,iid,False,5
7,1,1001,10,100001,True,245,False,100,0.6962106876760279,3.24210895691067,0.3388495126454491,0.2316672357137399,0.9910655885284364,0.7028924386133539,0.8218366702974013,0.0035978238484563377,13,6,0.20816659994661327,2500,OLS_oracle,iid,False,5
7,3,3001,8,80001,True,135,False,100,0.7893747089092475,1.7004124820232391,0.3897376250469999,0.2737014692721609,0.8590639755121583,0.8056412424427433,0.7350426537489598,0.0024447317767276005,13,6,0.20816659994661327,2500,OLS_oracle,iid,False,5
6,9,9001,23,230001,True,238,False,100,0.8588706917275976,4.448136985767633,0.297422443996344,0.21416844069914628,0.6095464954622878,0.6654398974517707,0.7761938251385416,0.0034399333823579457,13,6,0.20816659994661327,2500,OLS_oracle,iid,False,5
7,1,1001,21,210001,True,179,False,100,0.7635132529916642,2.95978652080521,0.20727024880509873,0.13397663860737377,0.4227730856042939,0.5047078801504227,0.8734371837825936,0.005129185821910749,13,6,0.20816659994661327,2500,OLS_oracle,iid,False,5
7,3,3001,6,60001,True,150,False,100,0.4664033835932271,1.8593555092811584,0.4427952392616638,0.3248885859829724,0.855109838454553,0.8911527179378833,0.7271638436947333,0.0026249793599219394,13,6,0.20816659994661327,2500,OLS_oracle,iid,False,5
6,8,8001,9,90001,True,323,False,100,0.8953736093115022,6.107303319964558,0.3154864951885148,0.22191285393015614,0.8508817609744685,0.6363003287084867,0.7765790809733985,0.0030341736932474306,13,6,0.20816659994661327,2500,OLS_oracle,iid,False,5
7,3,3001,26,260001,True,85,False,100,0.792281736594413,1.2723832027986646,0.46295260425702506,0.3496041114291944,0.8841660256383991,1.2665060346401786,0.45216465538678013,0.005377412118633785,13,6,0.20816659994661327,2500,OLS_oracle,iid,False,5
7,2,2001,2,20001,True,178,False,100,0.5344532055333485,2.735212926287204,0.41025485963009595,0.28785122038523453,0.9481097803244658,0.775317110359087,0.7611932571246133,0.003413818003121846,13,6,0.20816659994661327,2500,OLS_oracle,iid,False,5
7,4,4001,6,60001,True,84,False,100,0.4664033835932271,1.0938355862163007,0.5116373078916714,0.39343531030761686,1.0050741538046264,1.3460923577403943,0.46853227937386466,0.002630428723754997,13,6,0.20816659994661327,2500,OLS_oracle,iid,False,5
7,1,1001,9,90001,True,107,False,100,0.6913889898175131,3.4007300450466573,0.45300293014956816,0.33688569319698985,1.1155415338668573,1.0493071889309487,0.6732682334957678,0.003483532021407579,13,6,0.20816659994661327,2500,OLS_oracle,iid,False,5
6,9,9001,28,280001,True,198,False,100,0.8805932479718181,4.418455100618303,0.3573152981499826,0.261776891616118,0.8423104382930693,0.8013323964688335,0.7292001479673588,0.0037962633106016154,13,6,0.20816659994661327,2500,OLS_oracle,iid,False,5
7,2,2001,8,80001,True,158,False,100,0.7893747089092475,2.659115974791348,0.3255929111897986,0.21032576402991918,0.880463702515641,0.6066553057468745,0.8480790799593535,0.002404142579800688,13,6,0.20816659994661327,2500,OLS_oracle,iid,False,5
7,1,1001,29,290001,True,95,False,100,0.5986793783564363,2.895566592924297,0.4078540881990885,0.29404248382151077,0.8497217675925467,0.8879746039392616,0.6645466282901379,0.00446815690630912,13,6,0.20816659994661327,2500,OLS_oracle,iid,False,5
6,6,6001,24,240001,True,174,False,100,0.881706198732095,7.496889452915639,0.40296826443168454,0.2819954631329231,0.8410808864102086,0.7763943220111148,0.7510836635728128,0.0037148031696271375,13,6,0.20816659994661327,2500,OLS_oracle,iid,False,5
7,3,3001,13,130001,True,101,False,100,0.70273688421089,1.8487293091602623,0.4116188579534923,0.2901806255771181,0.9229803256787241,0.877139058802974,0.7159795329454349,0.006139752848425201,13,6,0.20816659994661327,2500,OLS_oracle,iid,False,5
7,2,2001,16,160001,True,150,False,100,0.6683208596141331,2.5984278139658272,0.3075072688760995,0.19623622375460167,0.7330727659126072,0.7016513449809696,0.7979243140749285,0.0057927734226966435,13,6,0.20816659994661327,2500,OLS_oracle,iid,False,5
7,3,3001,18,180001,True,110,False,100,0.8337458072174108,1.7343749892897904,0.40136800346016444,0.2859177287327481,0.9149409500183964,1.0762211942334547,0.5190573464209254,0.00535341781852714,13,6,0.20816659994661327,2500,OLS_oracle,iid,False,5
7,3,3001,16,160001,True,135,False,100,0.6683208596141331,1.8190431529656053,0.3797892901525843,0.2607569463110863,1.0564062920567943,0.8917066399578752,0.6983123617016259,0.00582078505925328,13,6,0.20816659994661327,2500,OLS_oracle,iid,False,5
7,2,2001,18,180001,True,177,False,100,0.8337458072174108,2.7011594204232097,0.36973960338352607,0.25686949619042304,0.7620502938057981,0.7251567641010718,0.7805287556680679,0.005276834241452203,13,6,0.20816659994661327,2500,OLS_oracle,iid,False,5
7,3,3001,4,40001,True,129,False,100,0.7846581871320228,2.2075938913039863,0.31848330538543784,0.2092648744818031,0.7704566629935435,0.8161511231874297,0.6463932726389162,0.005297067818357035,13,6,0.20816659994661327,2500,OLS_oracle,iid,False,5
7,2,2001,5,50001,True,175,False,100,0.8490287847098211,2.8816071851179004,0.323517592880857,0.21863783746023138,0.7154790852380658,0.7132826218148058,0.795301441468096,0.004586741273199847,13,6,0.20816659994661327,2500,OLS_oracle,iid,False,5
6,9,9001,19,190001,True,278,False,100,0.678000248893548,5.038710498251021,0.3163024615828638,0.21527342816455214,0.8116131425647743,0.6046593085996014,0.8020310938640446,0.0014710369243349727,13,6,0.20816659994661327,2500,OLS_oracle,iid,False,5
7,0,1,15,150001,True,261,False,100,0.8242919900050558,4.334481512662023,0.29014496636747666,0.17635442084172703,1.088607324613994,0.5485483792816865,0.7856307170674092,0.006104303137373375,13,6,0.20816659994661327,2500,OLS_oracle,iid,False,5
7,3,3001,19,190001,True,94,False,100,0.678000248893548,1.7803054279647768,0.48338685864408537,0.3661828983912004,1.041069685162718,1.1617485461054742,0.6025278998591058,0.0031001522459318865,13,6,0.20816659994661327,2500,OLS_oracle,iid,False,5
7,1,1001,4,40001,True,147,False,100,0.7846581871320228,3.8830835269764066,0.3206836205335391,0.21185115855031617,0.8376818011372572,0.696074787030919,0.7908974130543571,0.005321478823586269,13,6,0.20816659994661327,2500,OLS_oracle,iid,False,5
7,3,3001,23,230001,True,128,False,100,0.8532989816508755,1.7353438027203083,0.3959447318340069,0.2778728829756922,1.0395349588583371,0.9492342467144607,0.6177235147613418,0.005457997988570736,13,6,0.20816659994661327,2500,OLS_oracle,iid,False,5
7,4,4001,7,70001,True,103,False,100,0.5712051884848673,1.5054736221209168,0.47829235658760866,0.36127954025326015,1.0826026866947156,1.0746119300899644,0.6848990455478517,0.0019375120093206746,13,6,0.20816659994661327,2500,OLS_oracle,iid,False,5
7,1,1001,8,80001,True,245,False,100,0.7893747089092475,3.8738459371961653,0.2916922618750304,0.1840190843801006,0.8065609309893935,0.4850841561988612,0.8819188477602724,0.0024144645286679647,13,6,0.20816659994661327,2500,OLS_oracle,iid,False,5
7,2,2001,14,140001,True,176,False,100,0.89421254633764,3.0162224462255836,0.35599062925508557,0.23419504469349947,1.0284459374328285,0.8256401014347,0.6291251633587552,0.0054907079031239975,13,6,0.20816659994661327,2500,OLS_oracle,iid,False,5
7,3,3001,11,110001,True,148,False,100,0.7202541355184574,2.3268526401370764,0.35556263832863627,0.2377765865753349,0.8983040517318976,0.7777288722101553,0.786004149939432,0.004377418477414434,13,6,0.20816659994661327,2500,OLS_oracle,iid,False,5
7,4,4001,26,260001,True,78,False,100,0.792281736594413,1.1046149688772857,0.36093163156873237,0.26703205319805623,0.7942059143472959,0.9272785367571906,0.617710219365763,0.005477745827324443,13,6,0.20816659994661327,2500,OLS_oracle,iid,False,5
7,4,4001,11,110001,True,112,False,100,0.7202541355184574,1.5576659510843456,0.45872369406996294,0.34178327706443884,1.015722023145335,1.0674777543538985,0.5863321043940004,0.004440784293950394,13,6,0.20816659994661327,2500,OLS_oracle,iid,False,5
7,2,2001,3,30001,True,183,False,100,0.9153607094015493,3.3038238091394305,0.37981219390202636,0.2617730204616396,0.9042375815705049,0.9790580144602146,0.5359868701521062,0.008359415425493209,13,6,0.20816659994661327,2500,OLS_oracle,iid,False,5
7,2,2001,28,280001,True,225,False,100,0.8483447102745588,2.748401978984475,0.2798677226645617,0.18241412635942972,0.790435352136252,0.540303769538615,0.8638037159589081,0.0038791122105599506,13,6,0.20816659994661327,2500,OLS_oracle,iid,False,5
7,4,4001,0,1,True,91,False,100,0.6353774882522931,1.8199797519482672,0.41567918412001675,0.3034110378737981,1.131239313077968,0.9099183257587553,0.687535719473578,0.004931537442521192,13,6,0.20816659994661327,2500,OLS_oracle,iid,False,5
7,2,2001,19,190001,True,196,False,100,0.678000248893548,3.0430732308886945,0.16844295096867876,0.1072997902660789,0.3562373593506686,0.35480488599914056,0.938430605295716,0.0031569942860340035,13,6,0.20816659994661327,2500,OLS_oracle,iid,False,5
6,4,4001,25,250001,True,310,False,100,0.8543597406519545,9.566933847032487,0.3865554692039224,0.2839406136676381,0.8672462624944921,0.8962180617062965,0.6889878146651095,0.0030738616491065283,13,6,0.20816659994661327,2500,OLS_oracle,iid,False,5
7,3,3001,3,30001,True,157,False,100,0.9153607094015493,2.6892105801962316,0.3766427557129951,0.26232207401870683,0.9678717184077091,1.0030274001512816,0.5050118922913266,0.008080851034723356,13,6,0.20816659994661327,2500,OLS_oracle,iid,False,5
7,3,3001,25,250001,True,133,False,100,0.8543597406519545,1.9661265080794692,0.3897126280491477,0.28758713448932044,0.976484626632217,0.8673581363516368,0.6350206724847336,0.003593590027436618,13,6,0.20816659994661327,2500,OLS_oracle,iid,False,5
7,3,3001,0,1,True,184,False,100,0.6353774882522931,2.8373499237932265,0.39575792537073234,0.27907788018043955,0.8647773222585549,0.9030895601246497,0.6245761388777912,0.005551754559237975,13,6,0.20816659994661327,2500,OLS_oracle,iid,False,5
7,4,4001,13,130001,True,124,False,100,0.70273688421089,1.6888634939678013,0.3460977805779536,0.2324316576298186,0.7646767164274789,0.7348088169119903,0.7447808050906549,0.006025271386306761,13,6,0.20816659994661327,2500,OLS_oracle,iid,False,5
6,8,8001,19,190001,True,374,False,100,0.678000248893548,6.4365466218441725,0.21781874934111697,0.14769493171909043,0.5143289384716664,0.527557982382543,0.8616946183547586,0.0014700981553705244,13,6,0.20816659994661327,2500,OLS_oracle,iid,False,5
7,4,4001,16,160001,True,93,False,100,0.6683208596141331,1.6204885109327734,0.39897793972021295,0.2781669290290985,1.1146510338961626,0.9844191092735711,0.6427971246082952,0.005888094940772379,13,6,0.20816659994661327,2500,OLS_oracle,iid,False,5
7,0,1,14,140001,True,319,False,100,0.89421254633764,4.8858044389635324,0.2848700672008321,0.18875800923113756,0.7238904532774292,0.5873086825438005,0.8476324719014064,0.0053890841561525776,13,6,0.20816659994661327,2500,OLS_oracle,iid,False,5
7,4,4001,2,20001,True,127,False,100,0.5344532055333485,2.080488226842135,0.3647505650891768,0.249166910941571,1.0942760668564517,0.7690044701650439,0.7522678172847782,0.0033971203037082955,13,6,0.20816659994661327,2500,OLS_oracle,iid,False,5
7,0,1,22,220001,True,156,False,100,0.7528364811080336,4.79569593956694,0.38291173262970074,0.2677826140058299,1.0470573205208848,0.9135242362592786,0.632112260184703,0.0042630799031374835,13,6,0.20816659994661327,2500,OLS_oracle,iid,False,5
6,9,9001,22,220001,True,148,False,100,0.7528364811080336,5.446374861057848,0.41107634164166873,0.3103433786086177,0.9127437142763496,0.8317245060422113,0.6872241966580273,0.0023697395424902034,13,6,0.20816659994661327,2500,OLS_oracle,iid,False,5
7,5,5001,6,60001,True,85,False,100,0.4664033835932271,1.1085394145920873,0.43869784845064536,0.3237723255557038,0.8360872170047672,1.1012502609755204,0.5321587240583737,0.002615162655091301,13,6,0.20816659994661327,2500,OLS_oracle,iid,False,5
7,2,2001,22,220001,True,243,False,100,0.7528364811080336,3.293767800088972,0.26466186570983874,0.18347410475487885,0.47717575202401796,0.6376108889784985,0.8041366525300394,0.004360800758014633,13,6,0.20816659994661327,2500,OLS_oracle,iid,False,5
7,0,1,26,260001,True,176,False,100,0.792281736594413,4.730579048395157,0.38419747246296987,0.2838766766235083,0.7657363018616635,1.0257272046610506,0.6237295149120883,0.0056624998600409435,13,6,0.20816659994661327,2500,OLS_oracle,iid,False,5
7,2,2001,24,240001,True,214,False,100,0.881706198732095,3.300231207162142,0.2981220739475451,0.1881286653431886,1.0096113158266378,0.5988336822612859,0.8352867055223224,0.00568558651970838,13,6,0.20816659994661327,2500,OLS_oracle,iid,False,5
7,2,2001,29,290001,True,205,False,100,0.5986793783564363,3.1395225510932505,0.3356233174618017,0.23112648171008912,0.7716909255733776,0.6563181955706846,0.8284533321301466,0.0045576930938929896,13,6,0.20816659994661327,2500,OLS_oracle,iid,False,5
7,3,3001,10,100001,True,186,False,100,0.6962106876760279,2.7999404701404274,0.27511635693424064,0.17657912593948627,0.7910445925228732,0.5814724300537802,0.8708843102627805,0.003635216433074408,13,6,0.20816659994661327,2500,OLS_oracle,iid,False,5
7,5,5001,2,20001,True,97,False,100,0.5344532055333485,1.3555168230086565,0.4163677316968044,0.2959188361382896,0.9792434179888366,0.9897538166267555,0.5843797350759684,0.003340468067112656,13,6,0.20816659994661327,2500,OLS_oracle,iid,False,5
7,5,5001,9,90001,True,90,False,100,0.6913889898175131,1.1897267089225352,0.4369871768253405,0.3201642234181246,0.8602380885010472,0.9874312753067572,0.6747814061312689,0.003338162845775701,13,6,0.20816659994661327,2500,OLS_oracle,iid,False,5
7,1,1001,28,280001,True,246,False,100,0.8483447102745588,3.882095980923623,0.20611655832616152,0.12348690951590159,0.5227298295531189,0.41913595947007654,0.9018310521804462,0.003959155892636224,13,6,0.20816659994661327,2500,OLS_oracle,iid,False,5
6,9,9001,25,250001,True,212,False,100,0.8543597406519545,5.504263783805072,0.44557403053198374,0.3479898407592482,0.843166489043252,1.2218715739622996,0.45774272025166446,0.0030476464546333746,13,6,0.20816659994661327,2500,OLS_oracle,iid,False,5
7,1,1001,15,150001,True,237,False,100,0.8242919900050558,4.355649997014552,0.3391196001532865,0.2211644198028592,1.1090020459806798,0.6248045445026226,0.7675579455831899,0.005769899260502147,13,6,0.20816659994661327,2500,OLS_oracle,iid,False,5
7,4,4001,28,280001,True,115,False,100,0.8483447102745588,1.539820901118219,0.369053389694651,0.2748433973680277,0.7609279579971976,0.8183862766990755,0.7653774314057987,0.00414855203356999,13,6,0.20816659994661327,2500,OLS_oracle,iid,False,5
7,4,4001,9,90001,True,144,False,100,0.6913889898175131,2.1170646459795535,0.37219383385377514,0.2590086949800993,0.8676636013713483,0.8550062991833246,0.7098809935429814,0.0034029407333994234,13,6,0.20816659994661327,2500,OLS_oracle,iid,False,5
7,4,4001,29,290001,True,100,False,100,0.5986793783564363,1.5566230420954525,0.4757950765743813,0.3601346795141223,1.1603931837252695,1.0557066972105906,0.6825471665782552,0.004465308790028674,13,6,0.20816659994661327,2500,OLS_oracle,iid,False,5
7,4,4001,18,180001,True,122,False,100,0.8337458072174108,1.7257267902605236,0.35070772565872643,0.23884918844384728,0.8557235637399182,0.6279233592311212,0.8151561240574549,0.00527872237305916,13,6,0.20816659994661327,2500,OLS_oracle,iid,False,5
6,7,7001,0,1,True,259,False,100,0.7618382172975056,8.363769157789648,0.2552417417718264,0.18023792195624644,0.5283958302914359,0.6298201479180793,0.8046251714472304,0.003292633584343168,13,6,0.20816659994661327,2500,OLS_oracle,iid,False,5
6,8,8001,27,270001,True,378,False,100,0.7588206389274482,6.714024701621383,0.34634001202646625,0.22898534164666437,0.828135225793911,0.5747253556360151,0.7636206113911601,0.0026696227518977675,13,6,0.20816659994661327,2500,OLS_oracle,iid,False,5
7,3,3001,2,20001,True,192,False,100,0.5344532055333485,3.335942004341632,0.36248553874132167,0.23801939979102452,0.9873312932467032,0.7629388058045867,0.7810858685459866,0.003340214025600268,13,6,0.20816659994661327,2500,OLS_oracle,iid,False,5
6,8,8001,22,220001,True,149,False,100,0.7528364811080336,6.85289746709168,0.4226442411447239,0.3156258403458235,0.903600708673888,0.8440901012589158,0.708478284377428,0.0023491033316002416,13,6,0.20816659994661327,2500,OLS_oracle,iid,False,5
7,5,5001,22,220001,True,77,False,100,0.7528364811080336,1.135397463105619,0.4662987708632179,0.3759424681522164,0.8671337747961865,1.1809887070576432,0.5080777381866853,0.004194418412758177,13,6,0.20816659994661327,2500,OLS_oracle,iid,False,5
6,4,4001,24,240001,True,340,False,100,0.881706198732095,10.209185993298888,0.19938823303235298,0.1383279409476737,0.41469964249086305,0.6216008499629766,0.8282863539851394,0.003807183170533719,13,6,0.20816659994661327,2500,OLS_oracle,iid,False,5
7,3,3001,17,170001,True,184,False,100,0.7049438404713185,2.8485825480893254,0.37316001876778326,0.26132724240144,0.813365067447369,0.8634415872767528,0.6804062326551729,0.005233016686293511,13,6,0.20816659994661327,2500,OLS_oracle,iid,False,5
7,3,3001,28,280001,True,167,False,100,0.8483447102745588,2.5568587039597332,0.31889645478989775,0.2066352422761651,0.8569446831598849,0.7270907905704899,0.7778665994217001,0.004161129269638658,13,6,0.20816659994661327,2500,OLS_oracle,iid,False,5
7,2,2001,0,1,True,253,False,100,0.6353774882522931,4.096166997682303,0.4082383465910046,0.3175275239931877,0.933162780105874,0.8932408265031831,0.6731393575469454,0.005294796741447442,13,6,0.20816659994661327,2500,OLS_oracle,iid,False,5
7,3,3001,12,120001,True,180,False,100,0.8520100870002809,3.0649305367842317,0.3340224954055334,0.22072414010530123,0.9684908658486528,0.7136792311772729,0.7981640245559984,0.004704163446855429,13,6,0.20816659994661327,2500,OLS_oracle,iid,False,5
7,4,4001,1,10001,True,166,False,100,0.8537373888613078,2.5725146518088877,0.3704152895429694,0.2549377549217612,0.7913330998090825,0.7097450291938389,0.7988092373955468,0.004109811831780783,13,6,0.20816659994661327,2500,OLS_oracle,iid,False,5
7,0,1,27,270001,True,338,False,100,0.6920673881305397,5.1120649962686,0.12687149416053448,0.08209837296314733,0.2786589501840768,0.311863625511688,0.9510722530397487,0.003005750380732738,13,6,0.20816659994661327,2500,OLS_oracle,iid,False,5
7,4,4001,20,200001,True,142,False,100,0.7769255038978906,2.0454888800159097,0.4803609243353905,0.3615031378278416,0.9180760452729544,0.9214337185521172,0.7409647659309094,0.004276753958510335,13,6,0.20816659994661327,2500,OLS_oracle,iid,False,5
6,7,7001,1,10001,True,228,False,100,0.8537373888613078,8.554035695269704,0.266027958989985,0.1907498674108255,0.5541144323496178,0.6394811258199286,0.7620127525073627,0.003386566466697587,13,6,0.20816659994661327,2500,OLS_oracle,iid,False,5
7,3,3001,7,70001,True,197,False,100,0.5712051884848673,3.2530500069260597,0.32979096211144837,0.21503463359895456,0.9124278702540725,0.5943450550371663,0.8732872154340573,0.0019823978205965446,13,6,0.20816659994661327,2500,OLS_oracle,iid,False,5
7,4,4001,3,30001,True,179,False,100,0.9153607094015493,2.600095130968839,0.27389052038108974,0.17414812189767423,0.763076909850796,0.6815753758208821,0.7144342938907232,0.008727919035780171,13,6,0.20816659994661327,2500,OLS_oracle,iid,False,5
7,3,3001,27,270001,True,159,False,100,0.6920673881305397,2.683482367079705,0.3835794480981715,0.2620692266406253,1.102772687416942,0.7189768727068415,0.7873201872156269,0.002996803463310036,13,6,0.20816659994661327,2500,OLS_oracle,iid,False,5
7,5,5001,0,1,True,127,False,100,0.6353774882522931,1.7555056950077415,0.4017413125114862,0.2819347403039848,1.254109005055505,1.9518687605504395,0.6436941433402614,0.005179506115724319,13,6,0.20816659994661327,2500,OLS_oracle,iid,False,5
7,3,3001,5,50001,True,189,False,100,0.8490287847098211,3.3780595450662076,0.34901776062036843,0.23437402823244108,0.8576010027316219,0.6708573568976329,0.7868699311546123,0.00447755825651108,13,6,0.20816659994661327,2500,OLS_oracle,iid,False,5
7,5,5001,12,120001,True,115,False,100,0.8520100870002809,1.4839303651824594,0.3523278315624375,0.2445260200304671,0.8021883456827564,0.7972686492822295,0.6908874520922533,0.004665078333187852,13,6,0.20816659994661327,2500,OLS_oracle,iid,False,5
7,5,5001,19,190001,True,100,False,100,0.678000248893548,1.3987908931449056,0.4346844924058869,0.31224899269178086,1.0276914678314215,0.9326146432470508,0.6828079880075656,0.0030930504487453906,13,6,0.20816659994661327,2500,OLS_oracle,iid,False,5
7,4,4001,10,100001,True,123,False,100,0.6962106876760279,2.482692495919764,0.39496954640070486,0.27922738824818466,0.9063589950397994,0.8025133243437987,0.7328942454791972,0.00360193014238718,13,6,0.20816659994661327,2500,OLS_oracle,iid,False,5
7,5,5001,4,40001,True,95,False,100,0.7846581871320228,1.718972452916205,0.41539102624664404,0.2986836383468586,1.1447943788306678,1.1605039049619053,0.5391905627930019,0.0053010474766253006,13,6,0.20816659994661327,2500,OLS_oracle,iid,False,5
7,1,1001,25,250001,True,286,False,100,0.8543597406519545,4.394322331994772,0.14927065475175644,0.10059436498592651,0.2935404775150103,0.36011402587267777,0.9360483592115335,0.0036046909246877233,13,6,0.20816659994661327,2500,OLS_oracle,iid,False,5
7,5,5001,27,270001,True,92,False,100,0.6920673881305397,1.2722170636989176,0.41639076568759814,0.3013205289247507,0.8086316455347382,0.9209650805635587,0.65903235255088,0.0029351243675585278,13,6,0.20816659994661327,2500,OLS_oracle,iid,False,5
6,4,4001,4,40001,True,281,False,100,0.7846581871320228,11.446330895181745,0.35342319045329645,0.2283090740568784,0.9401536422312515,0.6975387047948761,0.7620733006859527,0.004106387421994313,13,6,0.20816659994661327,2500,OLS_oracle,iid,False,5
7,0,1,6,60001,True,376,False,100,0.4664033835932271,5.850897869095206,0.18961987840719755,0.11815551982921922,0.45812572369821913,0.35523483630878466,0.9363981118090621,0.002661599416710042,13,6,0.20816659994661327,2500,OLS_oracle,iid,False,5
7,1,1001,0,1,True,301,False,100,0.6353774882522931,5.340613505803049,0.3086280570711717,0.1985086220653236,0.9229114734903328,0.6573067630785293,0.792281126832533,0.005147679469263636,13,6,0.20816659994661327,2500,OLS_oracle,iid,False,5
7,5,5001,8,80001,True,119,False,100,0.7893747089092475,1.8912836043164134,0.4758843880429266,0.3576815368640842,0.9301421601287618,0.9957651295047363,0.6877798307822638,0.002332410545596417,13,6,0.20816659994661327,2500,OLS_oracle,iid,False,5
7,2,2001,10,100001,True,160,False,100,0.6962106876760279,4.306185851804912,0.36875002886067937,0.2578882791037769,1.008515786221437,0.8084810877516433,0.7507766715739418,0.003622045701366791,13,6,0.20816659994661327,2500,OLS_oracle,iid,False,5
7,0,1,10,100001,True,400,False,100,0.6962106876760279,6.0112372930161655,0.137302082294439,0.09223215133952266,0.24865423975959652,0.3781155187678819,0.9372958263645756,0.00360280850074822,13,6,0.20816659994661327,2500,OLS_oracle,iid,False,5
7,6,6001,4,40001,True,107,False,100,0.7846581871320228,1.4851703341118991,0.428069673641161,0.30922329915486885,1.0436923067367527,0.8899503557882188,0.730616742410485,0.0052608326173388415,13,6,0.20816659994661327,2500,OLS_oracle,iid,False,5
7,6,6001,13,130001,True,92,False,100,0.70273688421089,1.3000315460376441,0.38004632411980444,0.26768029620612543,0.8528428844369025,0.9724837382212236,0.5650492202332754,0.0057487082446287165,13,6,0.20816659994661327,2500,OLS_oracle,iid,False,5
7,6,6001,11,110001,True,97,False,100,0.7202541355184574,1.367683086078614,0.39559427283610665,0.28754586296241863,0.748943700946032,1.0167002190648706,0.5363369375826061,0.004373828002027543,13,6,0.20816659994661327,2500,OLS_oracle,iid,False,5
7,5,5001,13,130001,True,123,False,100,0.70273688421089,1.958382143639028,0.41793886113815104,0.29833196904126286,0.8920753794553226,1.0188334766175298,0.5910442534927379,0.006045040476857488,13,6,0.20816659994661327,2500,OLS_oracle,iid,False,5
7,0,1,2,20001,True,437,False,100,0.5344532055333485,6.2760373740457,0.1534434754636091,0.09891850504353393,0.3926131288518342,0.3498020473211148,0.936725166321783,0.003290998417757973,13,6,0.20816659994661327,2500,OLS_oracle,iid,False,5
7,0,1,21,210001,True,206,False,100,0.7635132529916642,5.917091453913599,0.2773187916599057,0.1759437618899942,0.7099711111850338,0.6533823650114444,0.7176762148378795,0.005375410743049764,13,6,0.20816659994661327,2500,OLS_oracle,iid,False,5
7,5,5001,18,180001,True,152,False,100,0.8337458072174108,1.9700963040813804,0.34013101962816505,0.2303096837119849,0.8215932629871328,0.8573936996292479,0.6258347131238936,0.005306748756374302,13,6,0.20816659994661327,2500,OLS_oracle,iid,False,5
7,5,5001,23,230001,True,135,False,100,0.8532989816508755,1.8625695402733982,0.4411024207460437,0.3243653595642095,1.040641459020894,1.0951874391798553,0.593278687370577,0.005291721806903454,13,6,0.20816659994661327,2500,OLS_oracle,iid,False,5
7,1,1001,7,70001,True,145,False,100,0.5712051884848673,5.456402358133346,0.4704688845783172,0.35301105777009556,0.9148511395262025,0.9070260153153478,0.7536567838621098,0.001925342950031486,13,6,0.20816659994661327,2500,OLS_oracle,iid,False,5
7,5,5001,24,240001,True,97,False,100,0.881706198732095,1.794755820184946,0.2853089136249703,0.18912297960649868,0.6305202219832934,0.7498722071321233,0.6965276207525882,0.005627326464866816,13,6,0.20816659994661327,2500,OLS_oracle,iid,False,5
7,6,6001,21,210001,True,85,False,100,0.7635132529916642,1.193898560013622,0.3233676094139034,0.20125626805818925,0.9647795347579858,0.652411566197425,0.8017602775653683,0.005149608503682432,13,6,0.20816659994661327,2500,OLS_oracle,iid,False,5
7,1,1001,1,10001,True,327,False,100,0.8537373888613078,5.655710477381945,0.24684945892247454,0.15576180004161916,0.6448160367051019,0.5209362926401438,0.8709039797900194,0.004018415742854105,13,6,0.20816659994661327,2500,OLS_oracle,iid,False,5
7,6,6001,6,60001,True,107,False,100,0.4664033835932271,1.5494074602611363,0.4677824926245453,0.3485560702233989,1.0838468096431586,1.077397089632692,0.6493602650205837,0.0026717163266037885,13,6,0.20816659994661327,2500,OLS_oracle,iid,False,5
7,6,6001,15,150001,True,101,False,100,0.8242919900050558,1.4167369399219751,0.3968275223889266,0.28355990885417326,1.0888740138907276,0.9732792379783147,0.6051241140930365,0.005546017855010612,13,6,0.20816659994661327,2500,OLS_oracle,iid,False,5
7,4,4001,5,50001,True,232,False,100,0.8490287847098211,3.239852706901729,0.3152346230079772,0.20750789780865286,0.8920993987719504,0.5703012133705907,0.8403973168516923,0.004507205371469653,13,6,0.20816659994661327,2500,OLS_oracle,iid,False,5
7,4,4001,14,140001,True,189,False,100,0.89421254633764,3.0467745033092797,0.30918347980475724,0.21530088525685212,0.5957909393248874,0.6224979205824184,0.8303206159428171,0.005475535888367296,13,6,0.20816659994661327,2500,OLS_oracle,iid,False,5
7,6,6001,12,120001,True,114,False,100,0.8520100870002809,1.5935957278124988,0.4165781439099662,0.296929247695232,0.8900578171000249,0.9212967937880906,0.6565808041381026,0.004891103225963536,13,6,0.20816659994661327,2500,OLS_oracle,iid,False,5
7,5,5001,28,280001,True,138,False,100,0.8483447102745588,1.9139886470511556,0.38564193939523045,0.2647013908188727,0.7658428913541381,0.8441653501786671,0.6474067750781612,0.004046583116947544,13,6,0.20816659994661327,2500,OLS_oracle,iid,False,5
7,7,7001,2,20001,True,95,False,100,0.5344532055333485,1.2526361378841102,0.4786266855307701,0.3599713923182772,1.0282451604898384,1.1857279238723355,0.5575305850021445,0.0034173105531242537,13,6,0.20816659994661327,2500,OLS_oracle,iid,False,5
7,6,6001,8,80001,True,125,False,100,0.7893747089092475,1.7525545759126544,0.43137428690636426,0.3257095175290443,0.7309391983961886,0.9586673463101721,0.693420326640895,0.0023981878518613336,13,6,0.20816659994661327,2500,OLS_oracle,iid,False,5
7,6,6001,5,50001,True,135,False,100,0.8490287847098211,1.8926011710427701,0.4071701448428636,0.29170526665749663,1.0755177262282125,0.9140261940123513,0.6250333482068808,0.004539673347838614,13,6,0.20816659994661327,2500,OLS_oracle,iid,False,5
7,6,6001,22,220001,True,92,False,100,0.7528364811080336,1.4673640998080373,0.41692120287692014,0.2989834676723804,1.0088607007521435,0.9844158958350993,0.6466318322825465,0.004398157086365995,13,6,0.20816659994661327,2500,OLS_oracle,iid,False,5
6,9,9001,27,270001,True,376,False,100,0.7588206389274482,6.770960650872439,0.31339933695410876,0.21934662234411745,0.7727100930472988,0.7643847049013489,0.7605100241288231,0.002659599039205769,13,6,0.20816659994661327,2500,OLS_oracle,iid,False,5
7,3,3001,1,10001,True,231,False,100,0.8537373888613078,4.4832659480161965,0.2993720010097045,0.17991760531635714,0.7972043253373466,0.5703604022673624,0.8520492464838836,0.0041284369281185925,13,6,0.20816659994661327,2500,OLS_oracle,iid,False,5
7,6,6001,9,90001,True,132,False,100,0.6913889898175131,1.8442086107097566,0.44463632801534003,0.3251443591692444,0.9812191191160411,0.8397015809358265,0.7475914215622037,0.0033956482349918656,13,6,0.20816659994661327,2500,OLS_oracle,iid,False,5
7,2,2001,12,120001,True,349,False,100,0.8520100870002809,5.049698394723237,0.21823634154159488,0.14701903406756114,0.40806248860612754,0.5067422532608293,0.8713014740861559,0.004724947193327877,13,6,0.20816659994661327,2500,OLS_oracle,iid,False,5
7,6,6001,17,170001,True,128,False,100,0.7049438404713185,1.8724189302884042,0.36931037343812967,0.2570430089195711,0.8133101824159618,0.8136346052503295,0.6735147510242397,0.0048943682938071146,13,6,0.20816659994661327,2500,OLS_oracle,iid,False,5
7,5,5001,16,160001,True,187,False,100,0.6683208596141331,2.581299026031047,0.2826473566498102,0.18810281273702528,0.7129403356842435,0.6071727037334442,0.819883665774114,0.0058384332689950125,13,6,0.20816659994661327,2500,OLS_oracle,iid,False,5
7,4,4001,27,270001,True,247,False,100,0.6920673881305397,3.1298922384157777,0.1706281754009884,0.10212140367772589,0.4367003787958762,0.35772252888731776,0.9417595600798591,0.0029812808249613685,13,6,0.20816659994661327,2500,OLS_oracle,iid,False,5
7,4,4001,12,120001,True,159,False,100,0.8520100870002809,3.6573729109950364,0.4293436654895235,0.31040956384790924,0.8891020007378915,0.8524707958709822,0.761174190836814,0.00450888673058064,13,6,0.20816659994661327,2500,OLS_oracle,iid,False,5
7,2,2001,1,10001,True,341,False,100,0.8537373888613078,5.422935802023858,0.2220183383384189,0.1446381359630556,0.4799775271592415,0.46693047983834735,0.8991192885855951,0.004083303747577943,13,6,0.20816659994661327,2500,OLS_oracle,iid,False,5
7,7,7001,0,1,True,128,False,100,0.6353774882522931,1.6672290032729506,0.4519187526206051,0.3355402687886502,0.8505736775953784,1.02103055856214,0.6131642461455166,0.0049958601249637585,13,6,0.20816659994661327,2500,OLS_oracle,iid,False,5
7,6,6001,28,280001,True,133,False,100,0.8483447102745588,1.7240601587109268,0.405762995045279,0.2923152423612223,0.9457419462494373,0.9772266960447836,0.5881851173596266,0.003986566630742417,13,6,0.20816659994661327,2500,OLS_oracle,iid,False,5
7,7,7001,21,210001,True,103,False,100,0.7635132529916642,1.381414304021746,0.41913596081903903,0.3268597728402138,0.8133426072530088,0.9430702182029199,0.6325605179492041,0.005105044027653135,13,6,0.20816659994661327,2500,OLS_oracle,iid,False,5
7,4,4001,25,250001,True,256,False,100,0.8543597406519545,3.286571175791323,0.21530417171515143,0.13528575711582516,0.5535002316941321,0.4036492166940689,0.9186601219361593,0.0036237499793579033,13,6,0.20816659994661327,2500,OLS_oracle,iid,False,5
7,5,5001,26,260001,True,185,False,100,0.792281736594413,2.533411000855267,0.3120606288184346,0.20029412961100318,1.0179018748582687,0.7064428814570171,0.6872419745256226,0.005492536794267102,13,6,0.20816659994661327,2500,OLS_oracle,iid,False,5
7,5,5001,1,10001,True,223,False,100,0.8537373888613078,3.166886025108397,0.3461152304837541,0.23601781506945718,0.9072618731457729,0.648191502924759,0.8306098426889782,0.004109986421867944,13,6,0.20816659994661327,2500,OLS_oracle,iid,False,5
7,6,6001,16,160001,True,128,False,100,0.6683208596141331,2.1528383479453623,0.3767432447455711,0.2622357076320009,1.1267081472466944,0.751182316146569,0.7559385669548145,0.0056829991919703825,13,6,0.20816659994661327,2500,OLS_oracle,iid,False,5
7,5,5001,17,170001,True,147,False,100,0.7049438404713185,2.889598213136196,0.3117010625612694,0.20596140076274294,0.8142826402027279,0.6016995747860604,0.814771918584554,0.005016102215192446,13,6,0.20816659994661327,2500,OLS_oracle,iid,False,5
7,4,4001,21,210001,True,109,False,100,0.7635132529916642,3.5663049072027206,0.3753415897803135,0.2634070847292572,0.8607248622081277,1.004570873954315,0.5478360424219902,0.00510137947076277,13,6,0.20816659994661327,2500,OLS_oracle,iid,False,5
7,4,4001,19,190001,True,206,False,100,0.678000248893548,3.6457967539317906,0.26928297882724245,0.16070801539878227,0.9638933603305246,0.4727694464374678,0.8817875765257117,0.003077542076247382,13,6,0.20816659994661327,2500,OLS_oracle,iid,False,5
7,3,3001,20,200001,True,243,False,100,0.7769255038978906,4.401790234725922,0.21114720700720035,0.1283482629356867,0.5664713951953159,0.44058833919184665,0.9019628049380719,0.004167349906198852,13,6,0.20816659994661327,2500,OLS_oracle,iid,False,5
7,7,7001,11,110001,True,127,False,100,0.7202541355184574,1.7584892930462956,0.4260164013195617,0.3228727494751098,0.8859476259842767,0.9695711197971147,0.6092759143585914,0.004515898275918549,13,6,0.20816659994661327,2500,OLS_oracle,iid,False,5
7,6,6001,3,30001,True,176,False,100,0.9153607094015493,2.553733698092401,0.26082685567639413,0.17254997398602578,0.5862208940113739,0.6706124536272798,0.7717166548162866,0.007877317464782593,13,6,0.20816659994661327,2500,OLS_oracle,iid,False,5
7,5,5001,21,210001,True,135,False,100,0.7635132529916642,2.8428293759934604,0.354316451629634,0.24786934610017008,0.7029001812366632,0.7718335410561151,0.742206059831292,0.005313463531867737,13,6,0.20816659994661327,2500,OLS_oracle,iid,False,5
7,8,8001,4,40001,True,97,False,100,0.7846581871320228,1.5012568291276693,0.4125531050684819,0.29320928295733795,0.9579375189623207,0.9884954137022919,0.6230325081423831,0.005285666576505198,13,6,0.20816659994661327,2500,OLS_oracle,iid,False,5
7,4,4001,22,220001,True,265,False,100,0.7528364811080336,3.6690219468437135,0.3794139107446179,0.26504191898158913,0.8900139738724667,0.7849296104575858,0.7398639798141652,0.004244682075620276,13,6,0.20816659994661327,2500,OLS_oracle,iid,False,5
7,5,5001,25,250001,True,143,False,100,0.8543597406519545,2.882879156153649,0.2927041087469145,0.18133901279813552,0.7580286146943789,0.5165679883243928,0.8623026908598952,0.003513925283644563,13,6,0.20816659994661327,2500,OLS_oracle,iid,False,5
7,8,8001,24,240001,True,75,False,100,0.881706198732095,1.0464560403488576,0.4154018278194026,0.2987399552660739,1.0274059699157991,1.2078060332926086,0.4341958253292453,0.005475562239807189,13,6,0.20816659994661327,2500,OLS_oracle,iid,False,5
7,7,7001,8,80001,True,113,False,100,0.7893747089092475,1.9558321093209088,0.4272976649392202,0.31581876159210626,1.0847318055958726,1.8568506280890362,0.7194847961708262,0.002413129308912595,13,6,0.20816659994661327,2500,OLS_oracle,iid,False,5
7,7,7001,19,190001,True,133,False,100,0.678000248893548,1.8324091657996178,0.47246044066678117,0.3531602185490747,1.2072763447736696,1.1147433563004958,0.6652169653420725,0.003108711238605697,13,6,0.20816659994661327,2500,OLS_oracle,iid,False,5
7,8,8001,6,60001,True,89,False,100,0.4664033835932271,1.5728169418871403,0.4787492110967582,0.3613180758895629,1.0359581627827317,1.050527464530383,0.6656150624793682,0.002611152730390986,13,6,0.20816659994661327,2500,OLS_oracle,iid,False,5
7,7,7001,5,50001,True,158,False,100,0.8490287847098211,2.1638509510084987,0.3469119596726805,0.22950520032977423,0.8218291606670793,0.7762866666940242,0.7160455505128532,0.004655643583022055,13,6,0.20816659994661327,2500,OLS_oracle,iid,False,5
7,7,7001,22,220001,True,133,False,100,0.7528364811080336,1.898478297982365,0.4094284040010146,0.29463572184255554,0.9849460706774997,0.8467663828257023,0.7171076839517899,0.004168489133392405,13,6,0.20816659994661327,2500,OLS_oracle,iid,False,5
7,8,8001,12,120001,True,100,False,100,0.8520100870002809,1.3781852521933615,0.4158565745729708,0.295330709288938,0.8862928363256363,1.1497620638313293,0.45110242317288884,0.0046924478581445855,13,6,0.20816659994661327,2500,OLS_oracle,iid,False,5
7,8,8001,17,170001,True,103,False,100,0.7049438404713185,1.3297672332264483,0.3951988904365371,0.2758941381311014,0.8325143797688314,0.8913126509865509,0.7125180828691805,0.004914425020157334,13,6,0.20816659994661327,2500,OLS_oracle,iid,False,5
7,7,7001,18,180001,True,157,False,100,0.8337458072174108,2.0570527790114284,0.24671195483925876,0.150175523396862,0.7194992867931181,0.5044824016960882,0.8710555082745318,0.005250339082204966,13,6,0.20816659994661327,2500,OLS_oracle,iid,False,5
7,7,7001,3,30001,True,165,False,100,0.9153607094015493,2.311712676193565,0.37091744564898316,0.2619498346972628,0.7471823004729321,0.9198209103873465,0.5961109179811936,0.008105169668445085,13,6,0.20816659994661327,2500,OLS_oracle,iid,False,5
7,7,7001,9,90001,True,145,False,100,0.6913889898175131,2.2166560012847185,0.39786048893227316,0.29618141933968545,1.0432712559479889,1.1610558172081393,0.7570790865587131,0.00345200199682816,13,6,0.20816659994661327,2500,OLS_oracle,iid,False,5
7,7,7001,12,120001,True,158,False,100,0.8520100870002809,2.1663988982327282,0.15665172205601607,0.09796576769815532,0.4368354760551536,0.4593074752898572,0.8855769539396753,0.0048046446823832205,13,6,0.20816659994661327,2500,OLS_oracle,iid,False,5
7,4,4001,24,240001,True,295,False,100,0.881706198732095,4.016158024314791,0.2920152522117333,0.16963215245905833,1.1728465115066564,0.5645247412291158,0.8039642868933979,0.0056307850929621095,13,6,0.20816659994661327,2500,OLS_oracle,iid,False,5
7,8,8001,14,140001,True,86,False,100,0.89421254633764,1.4785682410001755,0.4183986197067071,0.3051889243539787,0.8365646402331878,0.9807298945978952,0.6085727221807269,0.005498398811533063,13,6,0.20816659994661327,2500,OLS_oracle,iid,False,5
7,8,8001,13,130001,True,111,False,100,0.70273688421089,1.5325062507763505,0.38762465415104325,0.27604753506099944,1.1216740487612693,0.8773826242675306,0.715302242950354,0.0060118062309130705,13,6,0.20816659994661327,2500,OLS_oracle,iid,False,5
7,6,6001,20,200001,True,195,False,100,0.7769255038978906,2.713210307992995,0.29496990404824835,0.18733097955938793,1.0150044506573859,0.640772918222487,0.8136933507056296,0.004412176296635149,13,6,0.20816659994661327,2500,OLS_oracle,iid,False,5
7,5,5001,5,50001,True,257,False,100,0.8490287847098211,3.732379243709147,0.23416232649030597,0.14569762769369896,0.6691781258012097,0.4616567382431802,0.8887716697513116,0.004564545777523542,13,6,0.20816659994661327,2500,OLS_oracle,iid,False,5
7,5,5001,11,110001,True,263,False,100,0.7202541355184574,3.6085130851715803,0.29532464963698124,0.1939233133618778,0.7593482379036973,0.5910942198789267,0.831585893536907,0.004359565521173571,13,6,0.20816659994661327,2500,OLS_oracle,iid,False,5
7,5,5001,10,100001,True,250,False,100,0.6962106876760279,3.6165132778696716,0.26879935870038524,0.15956360865729172,1.0043824758816886,0.47781171241466097,0.9017158908193882,0.0036299888908330803,13,6,0.20816659994661327,2500,OLS_oracle,iid,False,5
7,7,7001,25,250001,True,120,False,100,0.8543597406519545,2.133915236685425,0.440676489315676,0.3300024124619029,0.8683312641920835,1.1062250148280492,0.5387657499135529,0.0035253594191754674,13,6,0.20816659994661327,2500,OLS_oracle,iid,False,5
7,6,6001,29,290001,True,198,False,100,0.5986793783564363,2.542546704877168,0.37068704719377665,0.25935888322377704,0.8766637200012032,0.6887165800011584,0.7973396079054612,0.0045045821632322,13,6,0.20816659994661327,2500,OLS_oracle,iid,False,5
7,7,7001,17,170001,True,165,False,100,0.7049438404713185,2.2544098552316427,0.28176209400122354,0.18343082479814898,0.6953699301060917,0.6243458169212642,0.8037413445291112,0.005129488456406606,13,6,0.20816659994661327,2500,OLS_oracle,iid,False,5
7,5,5001,3,30001,True,104,False,100,0.9153607094015493,3.9074024967849255,0.3258299997526163,0.2172651081625238,0.7606670587598142,1.049871178773799,0.3880357656942428,0.008307296079169323,13,6,0.20816659994661327,2500,OLS_oracle,iid,False,5
7,3,3001,24,240001,True,127,False,100,0.881706198732095,4.932971496134996,0.3972294948761011,0.27467175062248955,0.9596381722969615,0.857025444086822,0.6399375381253402,0.005626753755431694,13,6,0.20816659994661327,2500,OLS_oracle,iid,False,5
7,7,7001,24,240001,True,137,False,100,0.881706198732095,2.2665588879026473,0.3855227318441367,0.26971196742217257,0.960317235552266,0.830457935293779,0.737053844332756,0.005569515928455979,13,6,0.20816659994661327,2500,OLS_oracle,iid,False,5
7,7,7001,15,150001,True,72,False,100,0.8242919900050558,2.3612783048301935,0.42651267665809217,0.3230058708882489,0.7946527476115324,0.9791797364092084,0.6071155613145576,0.005767423212315695,13,6,0.20816659994661327,2500,OLS_oracle,iid,False,5
7,8,8001,22,220001,True,94,False,100,0.7528364811080336,1.6280087516643107,0.433037324373084,0.31604638727709994,0.8838807383501126,1.2426718961245384,0.4079070007209984,0.004332077774079327,13,6,0.20816659994661327,2500,OLS_oracle,iid,False,5
7,5,5001,15,150001,True,273,False,100,0.8242919900050558,3.715077987872064,0.3001739514355802,0.20191141136185678,0.7206747312828615,0.7315454277754174,0.7637369483373502,0.00556499751239398,13,6,0.20816659994661327,2500,OLS_oracle,iid,False,5
7,9,9001,6,60001,True,88,False,100,0.4664033835932271,1.197780336253345,0.5109744184439894,0.39699469183114505,1.0561785895243372,1.2730408104060558,0.577154664553518,0.0026049305396544753,13,6,0.20816659994661327,2500,OLS_oracle,iid,False,5
7,8,8001,15,150001,True,140,False,100,0.8242919900050558,1.7891499800607562,0.3519890088292759,0.24036018392490888,0.8185640945694707,0.8227890031302086,0.7052198646729911,0.005571586863820253,13,6,0.20816659994661327,2500,OLS_oracle,iid,False,5
7,3,3001,22,220001,True,328,False,100,0.7528364811080336,5.176006727386266,0.3140357501995111,0.20422326438892047,0.8019119743961314,0.6565968633440202,0.8040634693940746,0.004272296016061221,13,6,0.20816659994661327,2500,OLS_oracle,iid,False,5
7,9,9001,8,80001,True,87,False,100,0.7893747089092475,1.1810692939907312,0.4784684545160522,0.36867134203150165,0.9553745791148737,1.0982918844352054,0.6120365297556078,0.0023903199363691074,13,6,0.20816659994661327,2500,OLS_oracle,iid,False,5
7,6,6001,26,260001,True,222,False,100,0.792281736594413,2.820697233080864,0.3470404959953709,0.23229509713672483,0.755394024122496,0.6949463519963497,0.7834661846848863,0.005435648405689763,13,6,0.20816659994661327,2500,OLS_oracle,iid,False,5
7,8,8001,25,250001,True,123,False,100,0.8543597406519545,1.676395121961832,0.3517920272114152,0.23250090605251728,0.8375372445832736,0.6899612202101864,0.7890202385526671,0.0036924584696033966,13,6,0.20816659994661327,2500,OLS_oracle,iid,False,5
7,7,7001,1,10001,True,201,False,100,0.8537373888613078,2.7809613458812237,0.36397010857832585,0.24746143600637852,0.8070902296035,0.7051014863252592,0.8091955063134751,0.00414517428173165,13,6,0.20816659994661327,2500,OLS_oracle,iid,False,5
7,7,7001,16,160001,True,169,False,100,0.6683208596141331,2.555973025970161,0.32143403049801045,0.20977356501407635,1.3093950757036075,0.6725682728861132,0.7431451197146292,0.006045102454994047,13,6,0.20816659994661327,2500,OLS_oracle,iid,False,5
7,4,4001,23,230001,True,194,False,100,0.8532989816508755,4.444478183053434,0.20644389174937916,0.1314108843691123,0.5035792478617447,0.5034539931823712,0.8588506309468652,0.005384084172865746,13,6,0.20816659994661327,2500,OLS_oracle,iid,False,5
7,7,7001,29,290001,True,132,False,100,0.5986793783564363,2.4124202709645033,0.39196625673597063,0.284973398314997,0.9441675557727016,1.0447632820284047,0.5811878405426013,0.0046981114238505445,13,6,0.20816659994661327,2500,OLS_oracle,iid,False,5
7,8,8001,3,30001,True,171,False,100,0.9153607094015493,2.3976703621447086,0.3013449278274166,0.20407587185679835,0.690943834240389,0.7417036676866742,0.7194321138680172,0.00800418358291465,13,6,0.20816659994661327,2500,OLS_oracle,iid,False,5
7,8,8001,0,1,True,180,False,100,0.6353774882522931,2.444027340039611,0.3552409144998152,0.23721242416220514,0.9995626177115994,0.6649685104172132,0.7329858030089235,0.005387019115381353,13,6,0.20816659994661327,2500,OLS_oracle,iid,False,5
7,6,6001,0,1,True,213,False,100,0.6353774882522931,3.6271499898284674,0.2899871688705889,0.20009331367030983,0.591013048879589,0.691926076538508,0.7436610911613765,0.0051107931899963925,13,6,0.20816659994661327,2500,OLS_oracle,iid,False,5
7,8,8001,21,210001,True,110,False,100,0.7635132529916642,1.9058921728283167,0.31665444174806906,0.21676900281170602,0.6198163818083188,0.640575210924775,0.7852479400463969,0.005388185986286752,13,6,0.20816659994661327,2500,OLS_oracle,iid,False,5
7,8,8001,29,290001,True,134,False,100,0.5986793783564363,1.6900484911166131,0.4075944638569483,0.29262938790779175,0.9887073685591964,0.9448672130968486,0.6197570237893325,0.004534610135014592,13,6,0.20816659994661327,2500,OLS_oracle,iid,False,5
6,5,5001,27,270001,True,352,False,100,0.7588206389274482,11.959195858798921,0.20432846591457418,0.13873370846903157,0.47141187160329967,0.5302612425024059,0.8387488016829844,0.002665702452972468,13,6,0.20816659994661327,2500,OLS_oracle,iid,False,5
7,9,9001,23,230001,True,80,False,100,0.8532989816508755,1.0779852499254048,0.4325375682235341,0.3384821605284679,0.8379899816477063,1.0406772795405872,0.5931438765365099,0.005623529301313546,13,6,0.20816659994661327,2500,OLS_oracle,iid,False,5
7,2,2001,27,270001,True,236,False,100,0.6920673881305397,6.251155758742243,0.29794232995175113,0.18789744207172163,0.7192976481750978,0.5120426581794436,0.8705468218596777,0.0029737871910652082,13,6,0.20816659994661327,2500,OLS_oracle,iid,False,5
7,9,9001,3,30001,True,118,False,100,0.9153607094015493,1.711094404105097,0.30971391852789787,0.21093359467880457,0.6397505254756497,0.8050089294851307,0.6509395731137211,0.008129796449414922,13,6,0.20816659994661327,2500,OLS_oracle,iid,False,5
7,9,9001,13,130001,True,111,False,100,0.70273688421089,1.3961824919097126,0.33927514399496095,0.21987605710049435,0.9158881470983965,0.7075085694700188,0.7873081644453997,0.005895680479119458,13,6,0.20816659994661327,2500,OLS_oracle,iid,False,5
7,6,6001,24,240001,True,163,False,100,0.881706198732095,3.2419494003988802,0.37687080282966956,0.2582545596591935,1.1884732223470889,0.9038943974648151,0.7008691727608086,0.005474772077972396,13,6,0.20816659994661327,2500,OLS_oracle,iid,False,5
7,0,1,28,280001,True,209,False,100,0.8483447102745588,7.890265876892954,0.20524714093757018,0.12957932222056823,0.4902869540404397,0.42942346726712793,0.9005499139883143,0.004095079676517945,13,6,0.20816659994661327,2500,OLS_oracle,iid,False,5
7,9,9001,11,110001,True,114,False,100,0.7202541355184574,1.5315471487119794,0.40336428255055656,0.291061570157494,1.0737113009811279,0.9773785000938067,0.6506646494412612,0.0044310161529264565,13,6,0.20816659994661327,2500,OLS_oracle,iid,False,5
7,7,7001,20,200001,True,184,False,100,0.7769255038978906,2.9278141306713223,0.32931592368212675,0.21127736404289046,0.869865994916401,0.627300660650932,0.8388281735719985,0.004258995883875102,13,6,0.20816659994661327,2500,OLS_oracle,iid,False,5
8,0,1,8,80001,True,80,False,100,0.7893747089092475,0.918430098798126,0.39473158424520216,0.26495730844831367,0.7988938584807583,1.126025366460785,0.48114632158925286,0.009082990953160945,13,6,0.20816659994661327,2500,OLS_oracle,iid,False,5
7,8,8001,28,280001,True,146,False,100,0.8483447102745588,2.1152232121676207,0.43414071533447063,0.32732781189922855,0.8721154301451522,1.3866637481316921,0.5302043159402973,0.004007621065139232,13,6,0.20816659994661327,2500,OLS_oracle,iid,False,5
7,4,4001,15,150001,True,157,False,100,0.8242919900050558,5.234929090831429,0.3794102176559485,0.2712405374508465,0.7790740679550042,0.8510610814801477,0.6690739815677199,0.005547172297456958,13,6,0.20816659994661327,2500,OLS_oracle,iid,False,5
7,9,9001,5,50001,True,147,False,100,0.8490287847098211,1.9755198135972023,0.41728141285561055,0.29329634828612616,0.8733900155896425,0.9754406159348314,0.6581810513850437,0.00472014320635623,13,6,0.20816659994661327,2500,OLS_oracle,iid,False,5
7,2,2001,9,90001,True,237,False,100,0.6913889898175131,6.95562202623114,0.27684745417099155,0.1797501412406411,0.6566955856994912,0.5361718726488883,0.871954594490124,0.003398205944971889,13,6,0.20816659994661327,2500,OLS_oracle,iid,False,5
7,8,8001,9,90001,True,89,False,100,0.6913889898175131,2.7165447589941323,0.4367395992139522,0.3186144267119866,0.9723454458664921,0.9005387029865869,0.7162474396712609,0.0035521999003310318,13,6,0.20816659994661327,2500,OLS_oracle,iid,False,5
7,7,7001,7,70001,True,254,False,100,0.5712051884848673,3.399977585300803,0.2785405328817586,0.16876022197616528,0.714240833649706,0.46158951045327634,0.8916478943057523,0.0019933675620136537,13,6,0.20816659994661327,2500,OLS_oracle,iid,False,5
7,3,3001,21,210001,True,182,False,100,0.7635132529916642,5.945806845091283,0.3693845942430012,0.26040946602233844,0.9582467611849246,0.7735269211445175,0.6950651327910838,0.0056125619841142236,13,6,0.20816659994661327,2500,OLS_oracle,iid,False,5
7,9,9001,29,290001,True,101,False,100,0.5986793783564363,1.3768979739397764,0.3861025474566492,0.27064398958066566,0.8823740006627054,0.918360100320729,0.6206924509449372,0.004542106848330057,13,6,0.20816659994661327,2500,OLS_oracle,iid,False,5
7,7,7001,13,130001,True,124,False,100,0.70273688421089,3.304299865849316,0.2688947869528111,0.17902370760877723,0.5913574120615293,0.5924309450707459,0.8285231212372306,0.005955984364684881,13,6,0.20816659994661327,2500,OLS_oracle,iid,False,5
7,7,7001,28,280001,True,133,False,100,0.8483447102745588,3.1247526411898434,0.43576628127177985,0.33279001694525046,1.0179407571341754,0.8949823035625813,0.7396373665896738,0.004033945798988564,13,6,0.20816659994661327,2500,OLS_oracle,iid,False,5
7,6,6001,19,190001,True,266,False,100,0.678000248893548,3.809971071779728,0.19832591249775144,0.12370279568124089,0.5544973475569116,0.40171329202038125,0.9181388699317031,0.0030694897151361555,13,6,0.20816659994661327,2500,OLS_oracle,iid,False,5
8,0,1,17,170001,True,98,False,100,0.7049438404713185,1.060105328913778,0.3780042134810126,0.24792981721349427,0.9617059156571628,0.9468378918333169,0.5926343317875693,0.009790093734505222,13,6,0.20816659994661327,2500,OLS_oracle,iid,False,5
7,5,5001,29,290001,True,319,False,100,0.5986793783564363,4.32627600710839,0.3055638029372782,0.18748072873344993,1.0540614333164313,0.541476080303309,0.8304601637567078,0.0046054429002761535,13,6,0.20816659994661327,2500,OLS_oracle,iid,False,5
7,5,5001,14,140001,True,218,False,100,0.89421254633764,4.682604472152889,0.20806468341718484,0.12149899061207872,0.5223654691402565,0.4990735387912372,0.8786709396438943,0.005407141613600023,13,6,0.20816659994661327,2500,OLS_oracle,iid,False,5
7,8,8001,7,70001,True,224,False,100,0.5712051884848673,2.9969520568847656,0.1410303280125692,0.0902594919705644,0.33398320709029805,0.259721096594878,0.9660473058566931,0.002020143774632583,13,6,0.20816659994661327,2500,OLS_oracle,iid,False,5
7,7,7001,26,260001,True,109,False,100,0.792281736594413,3.2907543159089983,0.4408305658640591,0.32107456383437116,1.0715357366194949,1.0385907898483693,0.6174138377729188,0.005350936225500538,13,6,0.20816659994661327,2500,OLS_oracle,iid,False,5
7,9,9001,15,150001,True,100,False,100,0.8242919900050558,1.5646260948851705,0.40973320975452826,0.3112052199216176,0.8872843487694371,0.9835612728628061,0.5963605146546347,0.005491538478343457,13,6,0.20816659994661327,2500,OLS_oracle,iid,False,5
8,0,1,9,90001,True,111,False,100,0.6913889898175131,1.3371462672948837,0.40010287077608825,0.268916971473986,1.0278464975381385,0.9061604607209981,0.7247896872589011,0.009946933081759847,13,6,0.20816659994661327,2500,OLS_oracle,iid,False,5
8,0,1,13,130001,True,109,False,100,0.70273688421089,1.2556977113708854,0.3616601536429502,0.23253404237402353,0.967307784056775,1.0894285305066396,0.5143376901204746,0.01040279874050322,13,6,0.20816659994661327,2500,OLS_oracle,iid,False,5
8,0,1,29,290001,True,90,False,100,0.4506492653593405,1.021749380044639,0.37383879918743,0.24258090553814332,0.9641626945711634,0.8102882908779389,0.7861228147381386,0.008772374025887738,13,6,0.20816659994661327,2500,OLS_oracle,iid,False,5
7,9,9001,26,260001,True,126,False,100,0.792281736594413,1.7636898169294,0.3928206812910911,0.2791290761736081,0.9162580550253214,0.8484840887440694,0.6842872288004939,0.005445767020645386,13,6,0.20816659994661327,2500,OLS_oracle,iid,False,5
7,9,9001,7,70001,True,165,False,100,0.5712051884848673,2.2466180752962828,0.37932044246132846,0.2645207217994692,1.143642492686261,0.7636226851980198,0.795863248201847,0.0019580463244104115,13,6,0.20816659994661327,2500,OLS_oracle,iid,False,5
8,0,1,16,160001,True,119,False,100,0.5891305029513253,1.3063099216669798,0.3371472502691053,0.20934786704191707,0.7647109258146098,0.8881117965140988,0.6291490621968187,0.011482154989923051,13,6,0.20816659994661327,2500,OLS_oracle,iid,False,5
7,2,2001,25,250001,True,312,False,100,0.8543597406519545,7.098133273888379,0.2182726157520983,0.13326819781523414,0.6129130331075303,0.4479921772913569,0.9037248771161281,0.0035881475128412776,13,6,0.20816659994661327,2500,OLS_oracle,iid,False,5
7,6,6001,2,20001,True,173,False,100,0.5344532055333485,4.540462157223374,0.41237102203106396,0.2913330218533842,0.8717667834871909,0.7930098024662975,0.7691775636215784,0.003309619580603007,13,6,0.20816659994661327,2500,OLS_oracle,iid,False,5
7,7,7001,14,140001,True,253,False,100,0.89421254633764,3.6828069407492876,0.1752074304013781,0.11192245144361893,0.43224158616427943,0.5044091572065134,0.8815715343185281,0.0054459241383473704,13,6,0.20816659994661327,2500,OLS_oracle,iid,False,5
7,6,6001,7,70001,True,211,False,100,0.5712051884848673,4.395168531220406,0.36967980890264696,0.24993189557524984,1.0706889707984346,0.6794574164830943,0.788280196159049,0.001949026647211454,13,6,0.20816659994661327,2500,OLS_oracle,iid,False,5
7,9,9001,24,240001,True,114,False,100,0.881706198732095,2.0604253499768674,0.43157095947695834,0.31668149973348014,0.8687148917737947,0.9460491009762749,0.642296434613871,0.0055375455379952825,13,6,0.20816659994661327,2500,OLS_oracle,iid,False,5
8,1,1001,4,40001,True,96,False,100,0.7846581871320228,1.1641020751558244,0.42273928183893494,0.3150076830307424,0.9624444265358877,0.9680956719801708,0.7189520900286102,0.010745762147485289,13,6,0.20816659994661327,2500,OLS_oracle,iid,False,5
7,6,6001,25,250001,True,328,False,100,0.8543597406519545,4.1226738528348505,0.23431984256320698,0.1388281665796211,0.5721003491125966,0.44705485860207794,0.906092876953536,0.0035396955664772434,13,6,0.20816659994661327,2500,OLS_oracle,iid,False,5
7,9,9001,14,140001,True,130,False,100,0.89421254633764,2.302392989397049,0.41182511080110457,0.3159745210506631,0.7895833978757967,0.9570803185235035,0.6376636237351928,0.0054903891356479,13,6,0.20816659994661327,2500,OLS_oracle,iid,False,5
7,9,9001,16,160001,True,159,False,100,0.6683208596141331,2.2301399307325482,0.36202719538941286,0.2547136443847309,0.8420497087388197,1.0290780776016586,0.5191169633524834,0.005789360699230733,13,6,0.20816659994661327,2500,OLS_oracle,iid,False,5
8,0,1,3,30001,True,159,False,100,0.9153607094015493,1.7906876560300589,0.24486825734856427,0.15051769825273723,0.6370858862153269,0.7310872392839426,0.7012133963076549,0.013355927770976153,13,6,0.20816659994661327,2500,OLS_oracle,iid,False,5
8,0,1,28,280001,True,123,False,100,0.8483447102745588,1.2949684322811663,0.346002110977279,0.2239682539462026,0.9346057439006058,0.9544210656124233,0.5839837844514641,0.010227162045701834,13,6,0.20816659994661327,2500,OLS_oracle,iid,False,5
7,8,8001,1,10001,True,127,False,100,0.8537373888613078,3.5971384532749653,0.3281676415282487,0.2165329509889592,0.818016692339981,0.7841959707003653,0.6900208907758127,0.004180929918783086,13,6,0.20816659994661327,2500,OLS_oracle,iid,False,5
8,0,1,19,190001,True,147,False,100,0.678000248893548,1.5617712009698153,0.3884420902057973,0.2600124636803836,0.7841613653509271,1.0353350896655154,0.543637611826425,0.009893273540510365,13,6,0.20816659994661327,2500,OLS_oracle,iid,False,5
7,9,9001,18,180001,True,125,False,100,0.8337458072174108,2.2694482021033764,0.4171869289013222,0.29757028170245076,1.0394890975985815,0.8958499343805927,0.6845099230323369,0.005212948586640039,13,6,0.20816659994661327,2500,OLS_oracle,iid,False,5
7,8,8001,27,270001,True,182,False,100,0.6920673881305397,2.956031050067395,0.4030680683807316,0.2830703599351986,0.8855984822173526,0.7809591178347398,0.7465948667192426,0.002976974413569126,13,6,0.20816659994661327,2500,OLS_oracle,iid,False,5
7,9,9001,10,100001,True,145,False,100,0.6962106876760279,2.5627521448768675,0.15584341325179016,0.09923140795174003,0.3739230862552815,0.3633534231592075,0.9372250393882494,0.0036476997869188334,13,6,0.20816659994661327,2500,OLS_oracle,iid,False,5
7,8,8001,18,180001,True,267,False,100,0.8337458072174108,3.2588582090102136,0.21246529426224894,0.13642085199298754,0.557950216486768,0.6084145838369278,0.805495883503712,0.005244343722549861,13,6,0.20816659994661327,2500,OLS_oracle,iid,False,5
7,7,7001,10,100001,True,146,False,100,0.6962106876760279,4.098213501274586,0.41737030557502863,0.3038668343910105,0.7758208389236713,0.8611981875160009,0.7221042391007418,0.0036247213066325345,13,6,0.20816659994661327,2500,OLS_oracle,iid,False,5
8,1,1001,22,220001,True,88,False,100,0.7528364811080336,0.9636865360662341,0.4145214701043506,0.30102821500578053,1.000411233482107,1.2029240270760952,0.46328622377956635,0.0090418247585994,13,6,0.20816659994661327,2500,OLS_oracle,iid,False,5
7,9,9001,4,40001,True,118,False,100,0.7846581871320228,2.9276099633425474,0.39600992232823656,0.28207830316359356,0.8946692433688247,0.9683744734210619,0.5774034259354295,0.005299114109703042,13,6,0.20816659994661327,2500,OLS_oracle,iid,False,5
7,6,6001,23,230001,True,140,False,100,0.8532989816508755,4.471161746419966,0.4024493900516958,0.2859914143706242,0.7487419409060603,0.9609526573309521,0.5663615412009663,0.005522560645001601,13,6,0.20816659994661327,2500,OLS_oracle,iid,False,5
8,2,2001,3,30001,True,72,False,100,0.9153607094015493,0.7901461981236935,0.29624314579150707,0.17988001292675657,0.7999590421929232,0.8028598343011779,0.6922646832561217,0.013819171246375592,13,6,0.20816659994661327,2500,OLS_oracle,iid,False,5
8,0,1,5,50001,True,182,False,100,0.8490287847098211,2.105585497803986,0.346388019976212,0.2019302930141754,0.9821726442593632,0.6966640599485542,0.7923627965040569,0.010032812579057155,13,6,0.20816659994661327,2500,OLS_oracle,iid,False,5
8,0,1,6,60001,True,205,False,100,0.4664033835932271,2.192330818157643,0.3255711741867336,0.2022593401514322,0.922625870230824,0.6544555258129402,0.8253677351088143,0.009391293895832552,13,6,0.20816659994661327,2500,OLS_oracle,iid,False,5
8,0,1,27,270001,True,162,False,100,0.6920673881305397,1.8330076299607754,0.3640917286665206,0.22580384249245172,0.9341649451823846,0.9758144837725062,0.5539551615804272,0.009733379472918085,13,6,0.20816659994661327,2500,OLS_oracle,iid,False,5
7,6,6001,10,100001,True,267,False,100,0.6962106876760279,4.987227689940482,0.3204948518849815,0.21047600115005846,1.0992841819976777,0.533007760819962,0.8741215185232932,0.0035919792893097367,13,6,0.20816659994661327,2500,OLS_oracle,iid,False,5
7,3,3001,14,140001,True,304,False,100,0.89421254633764,7.276735139079392,0.1512884094718282,0.09141395258469166,0.3519104517175181,0.4509421460164443,0.8985277204664577,0.005287541041893333,13,6,0.20816659994661327,2500,OLS_oracle,iid,False,5
8,1,1001,14,140001,True,84,False,100,0.8062078923370198,1.5088849808089435,0.38277067215429583,0.260267516159951,0.892269609711937,1.0656612319995593,0.5854111467151957,0.010362258823352542,13,6,0.20816659994661327,2500,OLS_oracle,iid,False,5
8,0,1,10,100001,True,145,False,100,0.6962106876760279,2.184366697911173,0.15791241717967563,0.08784047780770805,0.43701400135510393,0.3662843446982119,0.9388642015743986,0.009807253550379827,13,6,0.20816659994661327,2500,OLS_oracle,iid,False,5
8,2,2001,17,170001,True,59,False,100,0.7049438404713185,0.6707502189092338,0.26654124188752976,0.15532289228525598,0.6590877897324317,0.5738502139932301,0.8616365832007364,0.010075866658197557,13,6,0.20816659994661327,2500,OLS_oracle,iid,False,5
8,1,1001,20,200001,True,89,False,100,0.7769255038978906,1.354215804953128,0.38333297647853154,0.24784180185877483,0.8528107485825533,1.052865199038608,0.5324685359467848,0.009820680150737454,13,6,0.20816659994661327,2500,OLS_oracle,iid,False,5
8,0,1,20,200001,True,183,False,100,0.7769255038978906,2.0701978923752904,0.3850440570252737,0.2523289656736493,1.0135128960767286,1.0823931918893783,0.5593903170534424,0.009706746351060048,13,6,0.20816659994661327,2500,OLS_oracle,iid,False,5
8,1,1001,27,270001,True,100,False,100,0.6920673881305397,1.1278485972434282,0.41064745670828867,0.2758364058081071,1.1228321620434794,0.9757046640226694,0.7097865764537258,0.009232216049105981,13,6,0.20816659994661327,2500,OLS_oracle,iid,False,5
7,3,3001,29,290001,True,230,False,100,0.5986793783564363,6.916028191801161,0.3153062263889979,0.2113837591610825,0.7459681187863056,0.6066534802342641,0.8162508268394723,0.004538986605669121,13,6,0.20816659994661327,2500,OLS_oracle,iid,False,5
7,8,8001,11,110001,True,267,False,100,0.7202541355184574,3.7239583167247474,0.228449314053749,0.14986097159227535,0.49934635235960373,0.5067283866400917,0.8872417622115075,0.00433749436840286,13,6,0.20816659994661327,2500,OLS_oracle,iid,False,5
7,9,9001,12,120001,True,228,False,100,0.8520100870002809,2.976442909333855,0.35914661826502436,0.240836272698049,0.9558837046800104,0.829477179086538,0.6544963948707773,0.004848524860189051,13,6,0.20816659994661327,2500,OLS_oracle,iid,False,5
8,1,1001,6,60001,True,114,False,100,0.4664033835932271,1.825942574068904,0.44550914346577625,0.30835850511112817,0.9672050733232574,1.2482865371833287,0.48415732702368286,0.009654921913668194,13,6,0.20816659994661327,2500,OLS_oracle,iid,False,5
8,1,1001,29,290001,True,101,False,100,0.4506492653593405,1.1825910010375082,0.372757227622756,0.24296978739944178,1.1638738194582194,0.937978966019171,0.6934624765412206,0.008788791897342446,13,6,0.20816659994661327,2500,OLS_oracle,iid,False,5
8,0,1,25,250001,True,139,False,100,0.8543597406519545,2.0369786182418466,0.3814491453806917,0.24188912313704175,0.9904664859973316,0.9494078202672519,0.6045678556205446,0.01026774264791435,13,6,0.20816659994661327,2500,OLS_oracle,iid,False,5
7,6,6001,1,10001,True,276,False,100,0.8537373888613078,5.423594136256725,0.3339709042886153,0.21821530850196658,0.8467832433138419,0.8522172730949756,0.6373192318105424,0.004160457500436059,13,6,0.20816659994661327,2500,OLS_oracle,iid,False,5
8,2,2001,11,110001,True,89,False,100,0.7202541355184574,1.0367103167809546,0.43138135154063245,0.3292258487918588,0.9193763632044795,1.1128877394238594,0.5784904153620365,0.010860137880631653,13,6,0.20816659994661327,2500,OLS_oracle,iid,False,5
7,9,9001,0,1,True,219,False,100,0.6353774882522931,3.5452708350494504,0.4209003097022453,0.30417021102736447,1.1923120160560625,0.827118557436434,0.6626409801185639,0.0054283547460304525,13,6,0.20816659994661327,2500,OLS_oracle,iid,False,5
8,1,1001,3,30001,True,157,False,100,0.9153607094015493,2.074954950250685,0.24869632845981404,0.14697912840489746,0.7568391160955047,0.7678146678716573,0.7231235603117974,0.013713919242786558,13,6,0.20816659994661327,2500,OLS_oracle,iid,False,5
8,1,1001,16,160001,True,165,False,100,0.5891305029513253,1.7734861988574266,0.20996371645415268,0.123896722044883,0.53863525371113,0.4978726726195398,0.8748986877251881,0.011475450897423066,13,6,0.20816659994661327,2500,OLS_oracle,iid,False,5
8,2,2001,23,230001,True,72,False,100,0.8532989816508755,0.8906135847792029,0.3944957140127456,0.2640677072701048,0.9936931885298659,0.8962472135321355,0.7329301654529474,0.009428863426204843,13,6,0.20816659994661327,2500,OLS_oracle,iid,False,5
8,1,1001,15,150001,True,151,False,100,0.8242919900050558,1.8811939018778503,0.2807230757044796,0.1908693117641798,0.8323448410050632,0.599057692710382,0.775732770737394,0.012084614046121583,13,6,0.20816659994661327,2500,OLS_oracle,iid,False,5
7,9,9001,21,210001,True,139,False,100,0.7635132529916642,3.0972127551212907,0.31359081868744254,0.21438784658594062,0.7050152028813418,0.6498586583784944,0.7968691856795475,0.0051006991310517434,13,6,0.20816659994661327,2500,OLS_oracle,iid,False,5
8,2,2001,14,140001,True,105,False,100,0.8062078923370198,1.218094205018133,0.4106672354167046,0.27572631148009674,1.0744254883708193,1.0919234292965745,0.5087958539502926,0.010750286543470938,13,6,0.20816659994661327,2500,OLS_oracle,iid,False,5
8,1,1001,10,100001,True,183,False,100,0.6962106876760279,2.120958651881665,0.3154829693731281,0.17698609546256455,0.8390743583825249,0.7680502901685026,0.8149223891184347,0.009532376208976746,13,6,0.20816659994661327,2500,OLS_oracle,iid,False,5
8,0,1,22,220001,True,103,False,100,0.7528364811080336,2.4695316436700523,0.41294350718368644,0.2910450790272866,0.8262336721929778,1.1565697380854005,0.5521959810098581,0.009479358388869888,13,6,0.20816659994661327,2500,OLS_oracle,iid,False,5
6,7,7001,11,110001,True,338,False,100,0.7202541355184574,13.03163680806756,0.36407611669047757,0.25304166084851565,0.9384403413290091,0.976877206937598,0.5542159353908108,0.0029985703252455634,13,6,0.20816659994661327,2500,OLS_oracle,iid,False,5
8,2,2001,6,60001,True,124,False,100,0.4664033835932271,1.4531093761324883,0.27811410874774367,0.16608621889831626,0.7479010189345078,0.5562944019068079,0.8532959347901492,0.009771430446579405,13,6,0.20816659994661327,2500,OLS_oracle,iid,False,5
7,8,8001,2,20001,True,157,False,100,0.5344532055333485,4.64772701729089,0.27131962850833397,0.17742377654015568,0.6537807769777133,0.5171994261180436,0.8727126613434439,0.003307371433640798,13,6,0.20816659994661327,2500,OLS_oracle,iid,False,5
7,8,8001,26,260001,True,162,False,100,0.792281736594413,4.022511892952025,0.3382447902994667,0.2219800093531989,1.0734982743603347,0.856439779885784,0.7064091249212582,0.005589759605115594,13,6,0.20816659994661327,2500,OLS_oracle,iid,False,5
8,1,1001,8,80001,True,196,False,100,0.7893747089092475,2.254103179089725,0.2682558753973619,0.1533227399463503,0.7356848164273666,0.5035323324979588,0.8890332677255838,0.009167955947156185,13,6,0.20816659994661327,2500,OLS_oracle,iid,False,5
7,7,7001,6,60001,True,191,False,100,0.4664033835932271,5.093126018997282,0.36609054464012963,0.25160656768930045,0.9224586924616981,0.8011783644023044,0.7036085122076091,0.0026408715439545714,13,6,0.20816659994661327,2500,OLS_oracle,iid,False,5
7,6,6001,18,180001,True,201,False,100,0.8337458072174108,5.482206921093166,0.3510346971261335,0.23279913963927346,0.6857558729334682,0.7604968801669014,0.74170856306805,0.005266480726858751,13,6,0.20816659994661327,2500,OLS_oracle,iid,False,5
7,9,9001,2,20001,True,224,False,100,0.5344532055333485,3.862227767240256,0.3026839429358005,0.18957824423224665,0.8468223900033109,0.5504636223514315,0.8470595333634375,0.0033332202156691713,13,6,0.20816659994661327,2500,OLS_oracle,iid,False,5
7,5,5001,20,200001,True,268,False,100,0.7769255038978906,6.093994538765401,0.2742163079515232,0.18304630763509963,0.5570946404466046,0.5178827009587792,0.87759654029125,0.004280372572282527,13,6,0.20816659994661327,2500,OLS_oracle,iid,False,5
8,3,3001,3,30001,True,97,False,100,0.9153607094015493,0.9552138010039926,0.24746848815263978,0.15126723457494776,0.6515866002596558,0.7726313898005339,0.7071211627173464,0.013523487568690512,13,6,0.20816659994661327,2500,OLS_oracle,iid,False,5
8,2,2001,13,130001,True,127,False,100,0.70273688421089,1.4628608897328377,0.35276082922735463,0.22863145882142177,1.0807948881617504,0.6676549607714419,0.80802892046351,0.010451584023165613,13,6,0.20816659994661327,2500,OLS_oracle,iid,False,5
8,2,2001,26,260001,True,84,False,100,0.6424308539801981,1.17198048485443,0.30369122266173126,0.17848876790140716,0.8291994146061306,0.6438706010562465,0.8231090207536379,0.009263269915143507,13,6,0.20816659994661327,2500,OLS_oracle,iid,False,5
8,1,1001,21,210001,True,177,False,100,0.7635132529916642,2.044760928954929,0.3710194122410703,0.23502852282458078,0.8720612762742935,0.7455143923065929,0.7692366722082294,0.009404991325279931,13,6,0.20816659994661327,2500,OLS_oracle,iid,False,5
7,9,9001,9,90001,True,271,False,100,0.6913889898175131,3.7209386727772653,0.3884161727097534,0.2745169176864323,0.8822975974885615,0.7784350296088941,0.7461886658920007,0.0033360258418464904,13,6,0.20816659994661327,2500,OLS_oracle,iid,False,5
8,2,2001,0,1,True,163,False,100,0.5768564420455111,1.810860306955874,0.4126573898204761,0.27041465820326716,0.9060239353812048,0.9337096435428857,0.7103236521552552,0.009004326243931314,13,6,0.20816659994661327,2500,OLS_oracle,iid,False,5
7,9,9001,22,220001,True,216,False,100,0.7528364811080336,3.429500733036548,0.29020899284048907,0.18825463920525898,0.7748349007183967,0.5978105513620812,0.8380594323859044,0.004256212581343322,13,6,0.20816659994661327,2500,OLS_oracle,iid,False,5
8,2,2001,22,220001,True,83,False,100,0.7528364811080336,1.3876012992113829,0.4003196433365999,0.26447700299388066,1.0923520808452762,0.9133520106209687,0.6723549065342643,0.008983889375800394,13,6,0.20816659994661327,2500,OLS_oracle,iid,False,5
8,1,1001,28,280001,True,127,False,100,0.8483447102745588,1.9726956789381802,0.3403140564300092,0.20633331095527235,0.862211622514189,0.6656552895614002,0.8254933881867782,0.009978525046499591,13,6,0.20816659994661327,2500,OLS_oracle,iid,False,5
8,1,1001,19,190001,True,202,False,100,0.678000248893548,2.3013697480782866,0.32453357297412655,0.20880353930281784,0.771892845135634,0.7373867484078943,0.7820789744205167,0.009825607056665906,13,6,0.20816659994661327,2500,OLS_oracle,iid,False,5
7,3,3001,9,90001,True,255,False,100,0.6913889898175131,8.370147654786706,0.2918386382260149,0.18912740983178547,0.8300594900873163,0.5760167623651963,0.8388557884400182,0.0034396273201744666,13,6,0.20816659994661327,2500,OLS_oracle,iid,False,5
8,1,1001,9,90001,True,117,False,100,0.6913889898175131,2.606631194707006,0.36349760053572305,0.23822857810161463,0.9184703649258399,0.9686313751285904,0.6773917442598443,0.009679709821408096,13,6,0.20816659994661327,2500,OLS_oracle,iid,False,5
7,0,1,20,200001,True,320,False,100,0.7769255038978906,10.539997687097639,0.2696509620368112,0.16734639830656173,0.7280740746871847,0.5452289178357942,0.8696315850558926,0.004276176727022735,13,6,0.20816659994661327,2500,OLS_oracle,iid,False,5
8,1,1001,23,230001,True,90,False,100,0.8532989816508755,2.2463959068991244,0.41394440278761185,0.2805028831940714,0.9768670272552524,1.0402843924917047,0.6233540646346787,0.00950561915205299,13,6,0.20816659994661327,2500,OLS_oracle,iid,False,5
8,2,2001,21,210001,True,145,False,100,0.7635132529916642,1.592439488042146,0.12757207560144385,0.06442721786443585,0.404450298473436,0.3409837635776352,0.943193859758796,0.009605184029308118,13,6,0.20816659994661327,2500,OLS_oracle,iid,False,5
7,4,4001,17,170001,True,310,False,100,0.7049438404713185,7.465141001623124,0.4290439479769834,0.3227230945581426,1.0836597856598946,0.8487666599460567,0.7033816353500743,0.005259197565826406,13,6,0.20816659994661327,2500,OLS_oracle,iid,False,5
8,1,1001,7,70001,True,259,False,100,0.5712051884848673,2.734212642069906,0.11114464533300689,0.058765000978353465,0.31367180246328186,0.24940464468697954,0.9679540315928372,0.008895357582113432,13,6,0.20816659994661327,2500,OLS_oracle,iid,False,5
7,8,8001,19,190001,True,156,False,100,0.678000248893548,4.621787637006491,0.33593808217621174,0.22390363614552886,0.7311989182101993,0.6237796000135457,0.8439637084137593,0.0031903957143900536,13,6,0.20816659994661327,2500,OLS_oracle,iid,False,5
8,0,1,14,140001,True,293,False,100,0.8062078923370198,3.1627571238204837,0.23425115139948166,0.13706293383283866,0.5962044749301958,0.539389799376851,0.8602329718136307,0.010870349010510665,13,6,0.20816659994661327,2500,OLS_oracle,iid,False,5
8,0,1,12,120001,True,290,False,100,0.5757635920524622,3.269275746308267,0.18443085785315905,0.11532260001280809,0.373514749655689,0.35822102652898274,0.9412706620647514,0.009201196173590304,13,6,0.20816659994661327,2500,OLS_oracle,iid,False,5
8,1,1001,11,110001,True,181,False,100,0.7202541355184574,2.8157392172142863,0.20883653458993107,0.12618341911458275,0.46103597761493176,0.5372442604929589,0.8681653921342607,0.010520151643213025,13,6,0.20816659994661327,2500,OLS_oracle,iid,False,5
7,9,9001,20,200001,True,138,False,100,0.7769255038978906,3.888610083144158,0.352800607145406,0.23204347239105497,0.8434608475524411,0.6791080401449084,0.7769386724858335,0.00430799504840088,13,6,0.20816659994661327,2500,OLS_oracle,iid,False,5
8,3,3001,8,80001,True,119,False,100,0.7893747089092475,1.3128180340863764,0.41098531206171746,0.27030971355078265,0.9744793072728681,0.8991095022144012,0.7571660447688073,0.009175548481490587,13,6,0.20816659994661327,2500,OLS_oracle,iid,False,5
8,2,2001,9,90001,True,184,False,100,0.6913889898175131,2.106670818757266,0.31840590976054817,0.19893039318959563,0.7094038623268799,0.6410935353194667,0.8373564417782935,0.009946858512053984,13,6,0.20816659994661327,2500,OLS_oracle,iid,False,5
8,0,1,11,110001,True,286,False,100,0.7202541355184574,3.4209938789717853,0.15007302397490024,0.08371941630605508,0.4184662923343219,0.39033848196303317,0.9157103517119213,0.010340002973501733,13,6,0.20816659994661327,2500,OLS_oracle,iid,False,5
8,3,3001,10,100001,True,97,False,100,0.6962106876760279,1.2903022840619087,0.42174527513229143,0.30979064800122214,1.1382623194266461,1.2073001157777201,0.613867311363033,0.009593267875931195,13,6,0.20816659994661327,2500,OLS_oracle,iid,False,5
7,8,8001,23,230001,True,273,False,100,0.8532989816508755,4.773015222977847,0.42067031113830516,0.318450309978914,1.1901466686805444,0.9523775905385916,0.7172222452633945,0.005605744941111728,13,6,0.20816659994661327,2500,OLS_oracle,iid,False,5
7,9,9001,28,280001,True,188,False,100,0.8483447102745588,3.734894458670169,0.3360193996117308,0.24175499851659676,0.731833948562239,0.7334372985082122,0.6907710321144379,0.004057213291283195,13,6,0.20816659994661327,2500,OLS_oracle,iid,False,5
8,0,1,26,260001,True,270,False,100,0.6424308539801981,3.192624188028276,0.2020215421320484,0.12076789185691966,0.49368026574012647,0.37739687747063166,0.9330149342437786,0.00930177521461173,13,6,0.20816659994661327,2500,OLS_oracle,iid,False,5
8,3,3001,27,270001,True,87,False,100,0.6920673881305397,1.0285777091048658,0.3769446606877043,0.23542775801322144,0.8337478002866652,0.8212820916846543,0.7445570794625911,0.009732035898260924,13,6,0.20816659994661327,2500,OLS_oracle,iid,False,5
7,7,7001,27,270001,True,412,False,100,0.6920673881305397,5.523478203918785,0.1876317960157883,0.11426128386388432,0.49495105455088023,0.4138468153201183,0.9225380217747755,0.0030176378585451994,13,6,0.20816659994661327,2500,OLS_oracle,iid,False,5
8,1,1001,1,10001,True,294,False,100,0.8537373888613078,3.171093448996544,0.2304020003060579,0.1331143072942866,0.5504298037253814,0.5716925510314423,0.8656637872039846,0.010557317539266586,13,6,0.20816659994661327,2500,OLS_oracle,iid,False,5
8,0,1,1,10001,True,332,False,100,0.8537373888613078,3.8078406010754406,0.2886263827984865,0.172992362659363,0.6706595510648852,0.6430249868479219,0.8259374495587762,0.010284606392169535,13,6,0.20816659994661327,2500,OLS_oracle,iid,False,5
8,0,1,15,150001,True,165,False,100,0.8242919900050558,3.440247457008809,0.1735489246543337,0.10077730049743477,0.4879205429407144,0.5111109553056679,0.8619019972541689,0.011537343285701065,13,6,0.20816659994661327,2500,OLS_oracle,iid,False,5
8,2,2001,27,270001,True,169,False,100,0.6920673881305397,1.8589830598793924,0.2439449451694064,0.13065507791793565,0.7841212279267614,0.5049076532376096,0.8650681181645987,0.009616139394747165,13,6,0.20816659994661327,2500,OLS_oracle,iid,False,5
8,2,2001,2,20001,True,205,False,100,0.5245446022168766,2.4001298998482525,0.29426224911685306,0.17794877896146108,0.6907194156928426,0.8413427239209004,0.5910723435244986,0.009358383639215413,13,6,0.20816659994661327,2500,OLS_oracle,iid,False,5
8,3,3001,14,140001,True,123,False,100,0.8062078923370198,1.382359775248915,0.330703912889794,0.21016415565980942,0.8370199427995486,0.9395741765259562,0.5657417962408281,0.010769379248945237,13,6,0.20816659994661327,2500,OLS_oracle,iid,False,5
7,4,4001,8,80001,True,238,False,100,0.7893747089092475,8.087643847800791,0.35780805310063596,0.23998777337769034,0.8073619668577602,0.9534576223214349,0.8063992078349108,0.0023739627377418002,13,6,0.20816659994661327,2500,OLS_oracle,iid,False,5
8,2,2001,29,290001,True,82,False,100,0.4506492653593405,1.8666012221947312,0.40145887112629414,0.2705957666381716,0.7922373917361437,1.1437436299540236,0.5155437916069322,0.009017609379436605,13,6,0.20816659994661327,2500,OLS_oracle,iid,False,5
7,9,9001,17,170001,True,280,False,100,0.7049438404713185,4.184519442729652,0.2505958106540738,0.1688791092277554,0.49299757469897215,0.5353937344523313,0.8458275687096238,0.004855108098046296,13,6,0.20816659994661327,2500,OLS_oracle,iid,False,5
8,3,3001,5,50001,True,122,False,100,0.8490287847098211,1.6702117770910263,0.38922689916634773,0.2544043747584893,1.1884190312092793,0.8555829975808031,0.7305683980490769,0.009909593878071733,13,6,0.20816659994661327,2500,OLS_oracle,iid,False,5
8,3,3001,6,60001,True,149,False,100,0.4664033835932271,1.6703457860276103,0.280004861153068,0.169156927629207,0.8135262817758319,0.5726279969894053,0.8576261850324262,0.00940502456804091,13,6,0.20816659994661327,2500,OLS_oracle,iid,False,5
8,4,4001,9,90001,True,73,False,100,0.6913889898175131,0.8765275697223842,0.3708898982362613,0.24341005477378605,0.7484363419599894,1.0282268170208315,0.5482513929476923,0.009493081509298406,13,6,0.20816659994661327,2500,OLS_oracle,iid,False,5
8,1,1001,5,50001,True,147,False,100,0.8490287847098211,3.2344778361730278,0.28678106365441036,0.18175250348314026,0.7166239289646699,0.5613894699408277,0.8564111704011241,0.009567783438458379,13,6,0.20816659994661327,2500,OLS_oracle,iid,False,5
8,3,3001,28,280001,True,109,False,100,0.8483447102745588,1.2065678276121616,0.3078164295002009,0.19250683802473847,0.7103161117939266,0.5863049303710421,0.8513395724356141,0.01049141764469068,13,6,0.20816659994661327,2500,OLS_oracle,iid,False,5
8,2,2001,25,250001,True,167,False,100,0.8543597406519545,2.052737246733159,0.32412021520957296,0.19243896538641664,0.8867377580138219,0.6373430449624742,0.8298380161498059,0.009974460821743551,13,6,0.20816659994661327,2500,OLS_oracle,iid,False,5
8,2,2001,18,180001,True,112,False,100,0.7180432388982687,2.148823674302548,0.29446227429225286,0.17524569553119923,0.721086744995755,0.6699071696750587,0.7884425675208815,0.010718357887898973,13,6,0.20816659994661327,2500,OLS_oracle,iid,False,5
8,3,3001,11,110001,True,113,False,100,0.7202541355184574,1.542067765723914,0.4450478275106856,0.3179338343553131,0.898574283979972,0.9910131933611069,0.6861502296994899,0.01099436476172167,13,6,0.20816659994661327,2500,OLS_oracle,iid,False,5
8,4,4001,6,60001,True,86,False,100,0.4664033835932271,1.0164741366170347,0.4002504611709221,0.2708531051518098,0.8506142312121763,1.130430010329702,0.5625359467043943,0.009857360488378285,13,6,0.20816659994661327,2500,OLS_oracle,iid,False,5
8,4,4001,1,10001,True,80,False,100,0.8537373888613078,1.1269287951290607,0.3358437598079165,0.21296427158140144,0.9045712752720276,0.9978082124630268,0.5432435381316691,0.0103479016697195,13,6,0.20816659994661327,2500,OLS_oracle,iid,False,5
8,4,4001,3,30001,True,93,False,100,0.9153607094015493,1.1043971050530672,0.31440304418167475,0.1950338027567556,0.8346550421221145,0.8202397662622989,0.6743812709835905,0.013458003495891291,13,6,0.20816659994661327,2500,OLS_oracle,iid,False,5
8,1,1001,26,260001,True,150,False,100,0.6424308539801981,2.7273114533163607,0.35983253035631513,0.23585468040410534,0.8296263634000753,0.7098408930210556,0.8055161793382852,0.010001220972063796,13,6,0.20816659994661327,2500,OLS_oracle,iid,False,5
8,1,1001,18,180001,True,149,False,100,0.7180432388982687,3.06737863086164,0.4061694573317471,0.2876571275953939,1.2249527090678702,1.4130880775917196,0.5949808832017426,0.010555978245693947,13,6,0.20816659994661327,2500,OLS_oracle,iid,False,5
8,3,3001,1,10001,True,173,False,100,0.8537373888613078,2.0259314659051597,0.18813190017913803,0.10229060318720594,0.5756042327323623,0.4670963949396757,0.9067555866948929,0.010896943789703479,13,6,0.20816659994661327,2500,OLS_oracle,iid,False,5
8,4,4001,2,20001,True,109,False,100,0.5245446022168766,1.2839164906181395,0.416073564536281,0.2818395282486003,0.999838532803247,1.039224857876498,0.6134924316832917,0.00932650808633603,13,6,0.20816659994661327,2500,OLS_oracle,iid,False,5
8,4,4001,15,150001,True,87,False,100,0.8242919900050558,1.0605641552247107,0.3371705652062235,0.21231489184944405,0.8497876517459274,0.8732224226258088,0.6532729175430383,0.01169925355874991,13,6,0.20816659994661327,2500,OLS_oracle,iid,False,5
8,3,3001,15,150001,True,158,False,100,0.8242919900050558,1.7408854202367365,0.1893252512791861,0.11295156305464779,0.47071904643220014,0.5064188217633868,0.852232790206345,0.011909762511255749,13,6,0.20816659994661327,2500,OLS_oracle,iid,False,5
8,3,3001,21,210001,True,153,False,100,0.7635132529916642,1.675705047789961,0.30065460079284534,0.17762061999498005,1.0564039749804413,0.5271578238449657,0.8594051598038925,0.00990376605176868,13,6,0.20816659994661327,2500,OLS_oracle,iid,False,5
8,4,4001,17,170001,True,93,False,100,0.7049438404713185,1.1056388337165117,0.3892201793263462,0.25935438547810935,0.8289579983397826,1.1059542349302636,0.5075357547644659,0.009816580482959464,13,6,0.20816659994661327,2500,OLS_oracle,iid,False,5
8,3,3001,7,70001,True,174,False,100,0.5712051884848673,2.0314379767514765,0.2783702428559823,0.1587602496908712,0.7947491573018063,0.5420609264615611,0.8719093463932822,0.00893057720040711,13,6,0.20816659994661327,2500,OLS_oracle,iid,False,5
8,1,1001,2,20001,True,327,False,100,0.5245446022168766,3.706998147070408,0.14020300004396027,0.08520872199813062,0.29467604745746945,0.3159883386579413,0.9498138457529237,0.009343638490063356,13,6,0.20816659994661327,2500,OLS_oracle,iid,False,5
8,0,1,24,240001,True,153,False,100,0.881706198732095,3.835565933957696,0.3544633302348516,0.21568367611699069,1.0321562577703765,0.8261139575726342,0.7501139629836711,0.009677587857398756,13,6,0.20816659994661327,2500,OLS_oracle,iid,False,5
7,8,8001,20,200001,True,255,False,100,0.7769255038978906,5.481210710015148,0.21107532826970637,0.14115779124113287,0.3982520572941894,0.43706087754433653,0.9074438266477071,0.004216747487499343,13,6,0.20816659994661327,2500,OLS_oracle,iid,False,5
8,0,1,21,210001,True,232,False,100,0.7635132529916642,3.903629298787564,0.36362457050319047,0.2329403552426116,1.117312336973245,0.6849895423707391,0.814318881417367,0.009765421060386033,13,6,0.20816659994661327,2500,OLS_oracle,iid,False,5
7,8,8001,10,100001,True,257,False,100,0.6962106876760279,5.658580163959414,0.1818899270674261,0.11148745683849776,0.4805958694984065,0.41259281775995743,0.9173120803369307,0.003612199530655417,13,6,0.20816659994661327,2500,OLS_oracle,iid,False,5
8,4,4001,12,120001,True,103,False,100,0.5757635920524622,1.3136068060994148,0.43047277097451003,0.2961610456083902,1.148693207883006,1.49514538845014,0.3234103210297977,0.008808315059393985,13,6,0.20816659994661327,2500,OLS_oracle,iid,False,5
8,2,2001,16,160001,True,127,False,100,0.5891305029513253,2.646433901041746,0.4466854482871473,0.31463785071519523,1.268866966557718,1.2473109912520077,0.6005442748535946,0.011610691688549233,13,6,0.20816659994661327,2500,OLS_oracle,iid,False,5
7,6,6001,27,270001,True,280,False,100,0.6920673881305397,6.620480035897344,0.17732652857872197,0.11149876352885224,0.4416358133518193,0.3513710402599732,0.9426984743020652,0.00305746992385493,13,6,0.20816659994661327,2500,OLS_oracle,iid,False,5
8,4,4001,20,200001,True,102,False,100,0.7769255038978906,1.2031200379133224,0.3778376116803765,0.24480973728252592,0.8801315348023128,0.7594286220672213,0.7808580596973838,0.009372770803271703,13,6,0.20816659994661327,2500,OLS_oracle,iid,False,5
7,9,9001,1,10001,True,380,False,100,0.8537373888613078,5.282853632234037,0.1726549277449968,0.10864775285389941,0.4383417847621242,0.41107148410776145,0.9178855929493807,0.004048402741046024,13,6,0.20816659994661327,2500,OLS_oracle,iid,False,5
8,3,3001,17,170001,True,171,False,100,0.7049438404713185,2.001583751756698,0.30444360930549075,0.18767877667650582,0.9259654046919348,0.5938200132641562,0.8430172279378023,0.009812351806188311,13,6,0.20816659994661327,2500,OLS_oracle,iid,False,5
7,9,9001,27,270001,True,339,False,100,0.6920673881305397,4.5803448762744665,0.21356955136438655,0.12780065145399602,0.6222006525166867,0.4112701213820252,0.9251793102689145,0.0030197225983545884,13,6,0.20816659994661327,2500,OLS_oracle,iid,False,5
8,4,4001,28,280001,True,99,False,100,0.8483447102745588,1.0890284720808268,0.41400847947696157,0.27756385193925925,1.0288056049788936,1.0872234213879701,0.7022744062647464,0.009904007825244523,13,6,0.20816659994661327,2500,OLS_oracle,iid,False,5
8,0,1,2,20001,True,400,False,100,0.5245446022168766,4.517150996718556,0.13416763948284705,0.07521014717042528,0.31112945551146115,0.3071674854095242,0.9540301883439071,0.009605436171223294,13,6,0.20816659994661327,2500,OLS_oracle,iid,False,5
8,2,2001,28,280001,True,231,False,100,0.8483447102745588,2.6176387378945947,0.17665303056994472,0.10677151150615012,0.3523848546536157,0.38625111977406706,0.9199355314427875,0.010401769343146136,13,6,0.20816659994661327,2500,OLS_oracle,iid,False,5
8,1,1001,25,250001,True,126,False,100,0.8543597406519545,3.3570734169334173,0.3998246918510778,0.2675915909571839,1.144509652678084,0.8114691402598704,0.7568573120127423,0.010442772449230989,13,6,0.20816659994661327,2500,OLS_oracle,iid,False,5
8,5,5001,3,30001,True,94,False,100,0.9153607094015493,1.11112857516855,0.31991152081013274,0.20138368312692656,0.6875932572260132,0.8648967848548377,0.6741866759133988,0.013255762522855749,13,6,0.20816659994661327,2500,OLS_oracle,iid,False,5
8,4,4001,19,190001,True,133,False,100,0.678000248893548,1.4768713950179517,0.37226302506872677,0.24502732911878972,0.8123259528636948,0.7669059490670577,0.7575963738008038,0.010039462641605315,13,6,0.20816659994661327,2500,OLS_oracle,iid,False,5
8,3,3001,16,160001,True,193,False,100,0.5891305029513253,2.2382935392670333,0.23775081703256745,0.1412485587507682,0.6852644449636687,0.5653157787501653,0.8251819523774279,0.011391033314913123,13,6,0.20816659994661327,2500,OLS_oracle,iid,False,5
8,3,3001,20,200001,True,200,False,100,0.7769255038978906,2.1857534158043563,0.1285981840985825,0.07590920946603662,0.3388576873270575,0.30805844243215724,0.9529771989165688,0.009604863625790707,13,6,0.20816659994661327,2500,OLS_oracle,iid,False,5
8,5,5001,19,190001,True,86,False,100,0.678000248893548,0.9077648129314184,0.332684763635215,0.20522528643774007,1.0397293848287523,0.7589504224579879,0.820893259123584,0.009950750051680177,13,6,0.20816659994661327,2500,OLS_oracle,iid,False,5
8,2,2001,5,50001,True,225,False,100,0.8490287847098211,3.232588581740856,0.13920890110176554,0.07820140724072752,0.3588551410218993,0.33789115881490767,0.944564417218577,0.009720346032816756,13,6,0.20816659994661327,2500,OLS_oracle,iid,False,5
8,5,5001,11,110001,True,97,False,100,0.7202541355184574,1.0911738532595336,0.3886502122399226,0.26088459996569585,0.938837972126118,1.0483812844194351,0.6024424818181872,0.011080840948774704,13,6,0.20816659994661327,2500,OLS_oracle,iid,False,5
8,2,2001,4,40001,True,290,False,100,0.7846581871320228,3.345590707845986,0.1502625323715863,0.0867529934298543,0.372055043056196,0.391032060045349,0.9196440258896101,0.010392762785230747,13,6,0.20816659994661327,2500,OLS_oracle,iid,False,5
8,2,2001,20,200001,True,257,False,100,0.7769255038978906,2.943723749369383,0.26395320790673515,0.14834221180400747,0.941152672988425,0.4964480185714911,0.8772000405134269,0.009739612736515852,13,6,0.20816659994661327,2500,OLS_oracle,iid,False,5
8,0,1,18,180001,True,307,False,100,0.7180432388982687,4.452052975073457,0.21679977558488508,0.1199830243856145,0.6959410776156862,0.4688355171508388,0.891726390918072,0.010198197620261787,13,6,0.20816659994661327,2500,OLS_oracle,iid,False,5
8,5,5001,12,120001,True,93,False,100,0.5757635920524622,1.0955851138569415,0.436624473687298,0.3003420485401937,0.9944162417119351,1.3937385521003376,0.3605705860806846,0.009234234605526736,13,6,0.20816659994661327,2500,OLS_oracle,iid,False,5
8,5,5001,10,100001,True,105,False,100,0.6962106876760279,1.1606902349740267,0.29888837481371244,0.1755946762492172,0.9197050493254945,0.5994261247161896,0.8638378987298975,0.009753403231538898,13,6,0.20816659994661327,2500,OLS_oracle,iid,False,5
8,5,5001,17,170001,True,99,False,100,0.7049438404713185,1.0974037270061672,0.3788418433066577,0.25465620059175137,0.8879804230176935,0.787920453511577,0.7737223218239546,0.0095718799904114,13,6,0.20816659994661327,2500,OLS_oracle,iid,False,5
8,3,3001,19,190001,True,206,False,100,0.678000248893548,2.4194789580069482,0.2817803667026587,0.15886739508411482,0.7922408599222485,0.6205861982228444,0.8293064645019215,0.010169028420857816,13,6,0.20816659994661327,2500,OLS_oracle,iid,False,5
8,4,4001,4,40001,True,185,False,100,0.7846581871320228,2.0556967612355947,0.1943867647810043,0.11178770147285223,0.4991156239636533,0.46082384691940304,0.9050589809646757,0.010817547519094447,13,6,0.20816659994661327,2500,OLS_oracle,iid,False,5
8,5,5001,25,250001,True,102,False,100,0.8543597406519545,1.145148313138634,0.33468761427521987,0.2050878587322486,1.127478300312538,0.8384455233041098,0.7482247950044814,0.010198446069611157,13,6,0.20816659994661327,2500,OLS_oracle,iid,False,5
8,0,1,7,70001,True,427,False,100,0.5712051884848673,4.856012455653399,0.13947160709557513,0.07983063012190314,0.3195293360348298,0.28792483444061967,0.961967235673929,0.008767286814998086,13,6,0.20816659994661327,2500,OLS_oracle,iid,False,5
7,6,6001,14,140001,True,327,False,100,0.89421254633764,7.582666543778032,0.3128083139461668,0.2067612638126688,0.9620906176895687,0.7433012964563278,0.6868882826666661,0.005382911049555829,13,6,0.20816659994661327,2500,OLS_oracle,iid,False,5
8,2,2001,1,10001,True,213,False,100,0.8537373888613078,3.676352169364691,0.15449505501927938,0.08919300207083508,0.3532756588980178,0.4052308150094028,0.9159090378325928,0.010700904512902254,13,6,0.20816659994661327,2500,OLS_oracle,iid,False,5
8,1,1001,13,130001,True,365,False,100,0.70273688421089,4.220503034070134,0.1453651125227441,0.08900266021156994,0.30704843190160436,0.43531386891754764,0.9104051054925945,0.010883704335683008,13,6,0.20816659994661327,2500,OLS_oracle,iid,False,5
8,1,1001,17,170001,True,176,False,100,0.7049438404713185,4.112253346014768,0.39241803058477664,0.257102425451602,1.0012558388984705,2.550615167320598,0.627429144628041,0.009722551933385228,13,6,0.20816659994661327,2500,OLS_oracle,iid,False,5
8,5,5001,13,130001,True,114,False,100,0.70273688421089,1.3413558900356293,0.29691078347425454,0.17221847577516675,0.8459873055070422,0.6139505147117824,0.8147184880466956,0.010145581801668704,13,6,0.20816659994661327,2500,OLS_oracle,iid,False,5
8,2,2001,12,120001,True,299,False,100,0.5757635920524622,3.468870282638818,0.14253756652613106,0.07931925685957272,0.4206920659846053,0.30942340427550147,0.9530886303160393,0.00968758393436259,13,6,0.20816659994661327,2500,OLS_oracle,iid,False,5
8,5,5001,7,70001,True,124,False,100,0.5712051884848673,1.4623933439143002,0.3658699499465982,0.23001902587226267,0.9300321945694914,0.7141020020204966,0.8252542226224137,0.008843415619017901,13,6,0.20816659994661327,2500,OLS_oracle,iid,False,5
8,5,5001,16,160001,True,116,False,100,0.5891305029513253,1.3713199933990836,0.3474166615077894,0.21055667253215835,0.8943724948612702,0.9766446916210446,0.7434923842171777,0.0109832909781958,13,6,0.20816659994661327,2500,OLS_oracle,iid,False,5
8,3,3001,29,290001,True,204,False,100,0.4506492653593405,2.4241127078421414,0.30076078590376903,0.17109364523079323,0.9709020731255186,0.5679627901374475,0.8532363795234087,0.008884403363253454,13,6,0.20816659994661327,2500,OLS_oracle,iid,False,5
8,4,4001,18,180001,True,170,False,100,0.7180432388982687,2.0045434469357133,0.33401419417457273,0.20710518718726229,0.7844406067487797,0.7580081394247248,0.7192681387574948,0.010517876430598172,13,6,0.20816659994661327,2500,OLS_oracle,iid,False,5
8,1,1001,12,120001,True,161,False,100,0.5757635920524622,4.394499807152897,0.37534376987523427,0.24171703706914832,0.8891087654927243,0.8288409974140833,0.7319556953022811,0.009394158383547803,13,6,0.20816659994661327,2500,OLS_oracle,iid,False,5
8,6,6001,11,110001,True,91,False,100,0.7202541355184574,1.0261453608982265,0.32744774997076187,0.20278994084982097,0.8103896666092658,0.748376923249708,0.760240221220205,0.010725741509508408,13,6,0.20816659994661327,2500,OLS_oracle,iid,False,5
8,2,2001,8,80001,True,316,False,100,0.7893747089092475,3.725735091138631,0.07340971698777925,0.04130689503248922,0.18235121552604341,0.23878137328570243,0.9702082627512679,0.009483351389588187,13,6,0.20816659994661327,2500,OLS_oracle,iid,False,5
8,3,3001,12,120001,True,110,False,100,0.5757635920524622,2.851860896218568,0.36691733949801436,0.2517783553883101,1.0677649816863748,0.8251699802810395,0.7536597948863134,0.009129941369776434,13,6,0.20816659994661327,2500,OLS_oracle,iid,False,5
8,5,5001,23,230001,True,93,False,100,0.8532989816508755,1.4346534512005746,0.46451286755217164,0.3267359911840574,1.0907625441032822,1.15170282914183,0.6320875719834926,0.009340818160831956,13,6,0.20816659994661327,2500,OLS_oracle,iid,False,5
8,4,4001,23,230001,True,170,False,100,0.8532989816508755,1.9658691603690386,0.3438879515410157,0.2129128662516312,0.9331415444781903,0.9974496782704545,0.5591927086796677,0.00930940033274549,13,6,0.20816659994661327,2500,OLS_oracle,iid,False,5
8,5,5001,6,60001,True,152,False,100,0.4664033835932271,1.6732920501381159,0.33366630154902693,0.2088912485487005,0.8211989986856096,0.6971659524090613,0.7852052005543847,0.009378117140323335,13,6,0.20816659994661327,2500,OLS_oracle,iid,False,5
8,3,3001,26,260001,True,241,False,100,0.6424308539801981,2.6993897617794573,0.10090850055150531,0.05869222649331726,0.24271744922079483,0.2815669081443213,0.9588169484261428,0.008895128359515484,13,6,0.20816659994661327,2500,OLS_oracle,iid,False,5
8,5,5001,14,140001,True,139,False,100,0.8062078923370198,1.6930708242580295,0.3052808308781978,0.1851733790103563,0.9112674830974344,0.7028604000160421,0.8119927075864283,0.010652519112752633,13,6,0.20816659994661327,2500,OLS_oracle,iid,False,5
8,4,4001,10,100001,True,118,False,100,0.6962106876760279,2.448335981927812,0.38748248040500655,0.2577138351251589,0.9536947176881883,1.2443385912321514,0.3673501408560262,0.010012668501894641,13,6,0.20816659994661327,2500,OLS_oracle,iid,False,5
8,3,3001,22,220001,True,253,False,100,0.7528364811080336,2.9514238317497075,0.13248599859133336,0.07954765097028992,0.2815153993948735,0.2860793135970833,0.9597258432031681,0.009621519334943051,13,6,0.20816659994661327,2500,OLS_oracle,iid,False,5
8,4,4001,25,250001,True,177,False,100,0.8543597406519545,2.119076688308269,0.322152692740262,0.19374989623913125,1.0038479513379177,0.7229967260452367,0.7938806745450421,0.009918459964105583,13,6,0.20816659994661327,2500,OLS_oracle,iid,False,5
8,0,1,0,1,True,389,False,100,0.5768564420455111,5.562812383752316,0.17274226360655526,0.0977975521047194,0.4252114647791235,0.3235771655176519,0.9472943903146627,0.008965526253252781,13,6,0.20816659994661327,2500,OLS_oracle,iid,False,5
8,6,6001,3,30001,True,112,False,100,0.9153607094015493,1.5373709672130644,0.25261811576675175,0.15605914908543506,0.6069241320769446,0.7125078271636186,0.677044919033307,0.014204905182071327,13,6,0.20816659994661327,2500,OLS_oracle,iid,False,5
8,2,2001,10,100001,True,345,False,100,0.6962106876760279,4.022617402020842,0.14815077433714982,0.08119903608505133,0.41807225642816526,0.3738572731826005,0.937494055204712,0.010031897075268371,13,6,0.20816659994661327,2500,OLS_oracle,iid,False,5
8,3,3001,9,90001,True,279,False,100,0.6913889898175131,3.2579809268936515,0.1638630713122719,0.0910161115240484,0.44926254846417285,0.3655744679556955,0.9343369674795173,0.010053602356154656,13,6,0.20816659994661327,2500,OLS_oracle,iid,False,5
8,5,5001,26,260001,True,151,False,100,0.6424308539801981,1.7640768326818943,0.3674798746840051,0.23970487459008616,1.2000044893770554,1.1028816266081425,0.6655635510056478,0.00921747856486696,13,6,0.20816659994661327,2500,OLS_oracle,iid,False,5
8,6,6001,17,170001,True,120,False,100,0.7049438404713185,1.3246753877028823,0.08857366462700748,0.05187275229313838,0.20078128928155642,0.2879213823193134,0.9565772808237873,0.010044096450123705,13,6,0.20816659994661327,2500,OLS_oracle,iid,False,5
8,3,3001,0,1,True,303,False,100,0.5768564420455111,3.600752990692854,0.10961593328844543,0.05940178684613117,0.25548317332427406,0.2515698121992464,0.9686174499138627,0.008601381613706379,13,6,0.20816659994661327,2500,OLS_oracle,iid,False,5
8,6,6001,29,290001,True,89,False,100,0.4506492653593405,1.0730177448131144,0.3815211576876317,0.23954105148658927,0.8645803887333345,0.8126588794590525,0.7563850453234495,0.009004726188769484,13,6,0.20816659994661327,2500,OLS_oracle,iid,False,5
8,1,1001,0,1,True,447,False,100,0.5768564420455111,5.1212882292456925,0.07955193635158192,0.04545777447470948,0.19620832839646876,0.20790866011395281,0.9778166374436236,0.00885171575365625,13,6,0.20816659994661327,2500,OLS_oracle,iid,False,5
8,6,6001,2,20001,True,150,False,100,0.5245446022168766,1.7464160900563002,0.297425202651531,0.17266612334415768,0.8090204968915062,0.5906831849226055,0.8551039051303769,0.009386145301685807,13,6,0.20816659994661327,2500,OLS_oracle,iid,False,5
8,6,6001,25,250001,True,110,False,100,0.8543597406519545,1.3099615289829671,0.32495959906863175,0.20480862442756143,0.8054723739807628,0.7797582608604864,0.7497466907098885,0.01044856375192293,13,6,0.20816659994661327,2500,OLS_oracle,iid,False,5
8,7,7001,7,70001,True,83,False,100,0.5712051884848673,1.0123743927106261,0.36283218937704115,0.2349067138574346,0.8992919340602015,0.8124738021359701,0.7791017224280674,0.008875192865640126,13,6,0.20816659994661327,2500,OLS_oracle,iid,False,5
8,4,4001,21,210001,True,132,False,100,0.7635132529916642,2.574097125325352,0.38602953427887954,0.2539069480738896,0.860867623424496,0.8094202212533501,0.7635125958697956,0.009640756686809228,13,6,0.20816659994661327,2500,OLS_oracle,iid,False,5
8,2,2001,19,190001,True,311,False,100,0.678000248893548,3.9949163580313325,0.09602129821391807,0.05779028984251227,0.209147162482105,0.31923532438914165,0.9490092758390108,0.010171292094942816,13,6,0.20816659994661327,2500,OLS_oracle,iid,False,5
8,3,3001,25,250001,True,244,False,100,0.8543597406519545,3.205864909570664,0.1584277730691176,0.09362959062875571,0.34984438252103106,0.39708822505794517,0.9219956846794617,0.010234412439553543,13,6,0.20816659994661327,2500,OLS_oracle,iid,False,5
8,6,6001,10,100001,True,152,False,100,0.6962106876760279,1.671183809172362,0.3627809559316441,0.23539792408276755,0.9610420331963848,1.0728200368536243,0.5278078468347462,0.009883847453461578,13,6,0.20816659994661327,2500,OLS_oracle,iid,False,5
8,3,3001,4,40001,True,143,False,100,0.7846581871320228,3.72908315109089,0.26741363647429467,0.15148269100911949,0.7714999953833743,0.5625262279360103,0.8621182384432948,0.010730771012418355,13,6,0.20816659994661327,2500,OLS_oracle,iid,False,5
8,5,5001,2,20001,True,224,False,100,0.5245446022168766,2.442298145033419,0.09328054118728978,0.05521743815359026,0.22619030385002037,0.2797596264031018,0.9622847881140529,0.009598063347100687,13,6,0.20816659994661327,2500,OLS_oracle,iid,False,5
8,1,1001,24,240001,True,415,False,100,0.881706198732095,4.7403637040406466,0.16602162794167835,0.0932914454196112,0.4050952447702751,0.3429941312877848,0.9429185162365196,0.009703996307069482,13,6,0.20816659994661327,2500,OLS_oracle,iid,False,5
8,6,6001,28,280001,True,108,False,100,0.8483447102745588,1.4077493301592767,0.3866219277972779,0.25513224645792676,0.8345744460546003,1.027715835413178,0.5335270044795563,0.010302414616110025,13,6,0.20816659994661327,2500,OLS_oracle,iid,False,5
8,7,7001,10,100001,True,98,False,100,0.6962106876760279,1.174220914952457,0.3626679019004913,0.23718793631632515,0.8291864194130825,0.917546052754006,0.6668101686560979,0.009569508003313649,13,6,0.20816659994661327,2500,OLS_oracle,iid,False,5
7,7,7001,23,230001,True,250,False,100,0.8532989816508755,7.898551146965474,0.3032214208712849,0.21122088708414702,0.5983986686479705,0.6215483189150045,0.8148607353379567,0.0054990208664212675,13,6,0.20816659994661327,2500,OLS_oracle,iid,False,5
8,6,6001,8,80001,True,168,False,100,0.7893747089092475,1.9583258973434567,0.1864065719307825,0.10051384626921239,0.49687809881551714,0.3625041104648839,0.9288331446560404,0.00953220235441119,13,6,0.20816659994661327,2500,OLS_oracle,iid,False,5
8,7,7001,17,170001,True,102,False,100,0.7049438404713185,1.1303758742287755,0.424474624887862,0.31673249304857226,1.0521045583981574,3.128005491440381,0.6622950909985357,0.00986599602991957,13,6,0.20816659994661327,2500,OLS_oracle,iid,False,5
8,4,4001,27,270001,True,88,False,100,0.6920673881305397,2.734608398284763,0.36089197883294194,0.23529385243091763,0.8077311942282692,0.8152715340464975,0.7181427515164094,0.009822665478180627,13,6,0.20816659994661327,2500,OLS_oracle,iid,False,5
8,2,2001,7,70001,True,264,False,100,0.5712051884848673,4.764021113049239,0.2561126381332378,0.1410526292066523,0.7360089960648077,0.4742464928508624,0.87959031788013,0.008845011534251867,13,6,0.20816659994661327,2500,OLS_oracle,iid,False,5
8,4,4001,0,1,True,267,False,100,0.5768564420455111,3.5320518417283893,0.10882725190227492,0.06475594057342124,0.23416590455276132,0.23963161735690597,0.9713004649440169,0.00863784181822551,13,6,0.20816659994661327,2500,OLS_oracle,iid,False,5
8,7,7001,6,60001,True,137,False,100,0.4664033835932271,1.5427520698867738,0.3627978147452864,0.2364382714561327,1.0657580007658294,0.8168246784387498,0.7643887351721955,0.00954073835096121,13,6,0.20816659994661327,2500,OLS_oracle,iid,False,5
8,4,4001,14,140001,True,306,False,100,0.8062078923370198,3.2286765770986676,0.14110698625777618,0.0858431609033866,0.3082974043888076,0.40000283541849146,0.9201487162288744,0.010565486787550284,13,6,0.20816659994661327,2500,OLS_oracle,iid,False,5
7,8,8001,5,50001,True,220,False,100,0.8490287847098211,7.887608044780791,0.22156843228369422,0.14163299458779777,0.5373215193506692,0.5222243015418087,0.862235706026777,0.004663739544485107,13,6,0.20816659994661327,2500,OLS_oracle,iid,False,5
8,6,6001,0,1,True,97,False,100,0.5768564420455111,2.428360648918897,0.3708726343522498,0.24052945889281835,0.9111506996639673,0.8459432937607929,0.7528216482415533,0.008407096802793512,13,6,0.20816659994661327,2500,OLS_oracle,iid,False,5
8,5,5001,8,80001,True,231,False,100,0.7893747089092475,2.687158278655261,0.2986025540946921,0.18020795495254435,0.8188969496828272,0.5977607421060676,0.8429036231452814,0.009176049438223918,13,6,0.20816659994661327,2500,OLS_oracle,iid,False,5
8,7,7001,25,250001,True,124,False,100,0.8543597406519545,1.2343324408866465,0.29661155654815424,0.1743055143478396,0.8446140316220834,0.6536271162136282,0.7948460679064079,0.010317309113098715,13,6,0.20816659994661327,2500,OLS_oracle,iid,False,5
8,4,4001,26,260001,True,124,False,100,0.6424308539801981,3.0350122693926096,0.33632027676075066,0.210811103834197,1.0404367770089455,0.6891247223553609,0.8004334977162267,0.009227111256692037,13,6,0.20816659994661327,2500,OLS_oracle,iid,False,5
8,6,6001,1,10001,True,194,False,100,0.8537373888613078,2.522094286978245,0.33682095576425825,0.21744370256890003,0.7491915026114134,0.816111485837606,0.7430050988882986,0.010410007934533172,13,6,0.20816659994661327,2500,OLS_oracle,iid,False,5
8,4,4001,29,290001,True,103,False,100,0.4506492653593405,3.0281141898594797,0.42488650154028096,0.29094545285027873,1.1211047929380042,1.040135278103679,0.7004394336315508,0.00857276291900628,13,6,0.20816659994661327,2500,OLS_oracle,iid,False,5
8,0,1,4,40001,True,411,False,100,0.7846581871320228,6.271744013763964,0.11546098778013184,0.06927120380441477,0.2537374195026817,0.37755756816345853,0.9252647500860027,0.010869451697367676,13,6,0.20816659994661327,2500,OLS_oracle,iid,False,5
7,9,9001,19,190001,True,311,False,100,0.678000248893548,6.8246712000109255,0.15158829337226057,0.09121950698699438,0.38453092157641133,0.3334998921118883,0.9406947724398779,0.0031131045185017257,13,6,0.20816659994661327,2500,OLS_oracle,iid,False,5
8,3,3001,13,130001,True,312,False,100,0.70273688421089,4.122922800946981,0.2242472298860579,0.13850723593822795,0.5077659150921149,0.46773024069351177,0.8957337733842587,0.010103851600837044,13,6,0.20816659994661327,2500,OLS_oracle,iid,False,5
8,7,7001,19,190001,True,128,False,100,0.678000248893548,1.4721281281672418,0.29005546077512223,0.16062701177566566,1.119546440472527,0.6326880602880948,0.8234474891705823,0.010045450304764298,13,6,0.20816659994661327,2500,OLS_oracle,iid,False,5
8,2,2001,24,240001,True,369,False,100,0.881706198732095,4.70023427112028,0.1390581437742476,0.06888971414793,0.4405252796890997,0.31810857931520264,0.9477235955237268,0.0098438358332752,13,6,0.20816659994661327,2500,OLS_oracle,iid,False,5
7,8,8001,16,160001,True,288,False,100,0.6683208596141331,7.760557174216956,0.33492739605389327,0.22689275343674783,0.9290077876874578,0.8473733168126483,0.6841375338864388,0.005664901930592028,13,6,0.20816659994661327,2500,OLS_oracle,iid,False,5
8,6,6001,21,210001,True,202,False,100,0.7635132529916642,2.1839435319416225,0.3077141241045572,0.19612295347920838,0.7057559199948195,0.647565353639304,0.8262841782735102,0.010131989516344277,13,6,0.20816659994661327,2500,OLS_oracle,iid,False,5
8,6,6001,20,200001,True,95,False,100,0.7769255038978906,2.235852850135416,0.2928245757272195,0.17974043693753794,0.7406875536300876,0.6185670181866813,0.8166413702157325,0.009485386443876441,13,6,0.20816659994661327,2500,OLS_oracle,iid,False,5
8,8,8001,21,210001,True,70,False,100,0.7635132529916642,0.8000234803184867,0.39613875814264193,0.26456975330143534,0.9583752298982667,1.2029560477012267,0.4280859199310675,0.009332887110595994,13,6,0.20816659994661327,2500,OLS_oracle,iid,False,5
8,8,8001,13,130001,True,86,False,100,0.70273688421089,0.983466250821948,0.36477248639667215,0.26057893995220627,0.876036896157017,0.8310751956361674,0.7233749772790755,0.010318826118249969,13,6,0.20816659994661327,2500,OLS_oracle,iid,False,5
7,8,8001,8,80001,True,278,False,100,0.7893747089092475,8.088987444993109,0.23850675898899057,0.14519356877979725,0.7017741570474237,0.41502033779552355,0.9167442209683353,0.002425310165638578,13,6,0.20816659994661327,2500,OLS_oracle,iid,False,5
7,4,4001,4,40001,True,315,False,100,0.7846581871320228,11.011465259827673,0.3049585591090978,0.20592357976953135,0.6286645491404805,0.6021908188167717,0.8405499829127244,0.00518105280249034,13,6,0.20816659994661327,2500,OLS_oracle,iid,False,5
8,4,4001,13,130001,True,124,False,100,0.70273688421089,3.678476870059967,0.32108411890159194,0.20370322855497122,0.8513949985427646,0.9441562770614166,0.5674980515500834,0.010759038993246548,13,6,0.20816659994661327,2500,OLS_oracle,iid,False,5
7,5,5001,7,70001,True,438,False,100,0.5712051884848673,10.12338046822697,0.09957675933125439,0.06470920072850515,0.22479137956560988,0.23548453528785315,0.9719894969999855,0.0020261233829782996,13,6,0.20816659994661327,2500,OLS_oracle,iid,False,5
8,8,8001,14,140001,True,103,False,100,0.8062078923370198,1.1148164928890765,0.4144884953719439,0.2809219999023539,1.0182972688590493,0.9786624149300813,0.65869654856914,0.010642610197051377,13,6,0.20816659994661327,2500,OLS_oracle,iid,False,5
8,2,2001,15,150001,True,214,False,100,0.8242919900050558,5.172650571912527,0.3240198119002919,0.19333861714548742,0.9217118225269393,0.8460125789065422,0.7270244976763409,0.012261780704471712,13,6,0.20816659994661327,2500,OLS_oracle,iid,False,5
8,7,7001,13,130001,True,170,False,100,0.70273688421089,1.938133376184851,0.19810586093314922,0.10368436966298376,0.6335352299330199,0.5322566868175207,0.8509740595274492,0.010080745712248535,13,6,0.20816659994661327,2500,OLS_oracle,iid,False,5
8,8,8001,18,180001,True,85,False,100,0.7180432388982687,1.1193266226910055,0.4209757699421293,0.28674554607594654,1.2570304125263372,1.1614088327546734,0.6257161900145226,0.010633907515045598,13,6,0.20816659994661327,2500,OLS_oracle,iid,False,5
8,7,7001,3,30001,True,150,False,100,0.9153607094015493,2.1635743621736765,0.3132158851253569,0.20117683021681312,0.9714344944549657,0.925281155745848,0.6716169716470206,0.013732704229181571,13,6,0.20816659994661327,2500,OLS_oracle,iid,False,5
8,6,6001,22,220001,True,97,False,100,0.7528364811080336,2.4349076212383807,0.398470668314088,0.26537541120665575,0.9793556970523142,0.8541686417025047,0.7690961825695372,0.009051599501978884,13,6,0.20816659994661327,2500,OLS_oracle,iid,False,5
8,3,3001,2,20001,True,190,False,100,0.5245446022168766,4.767012605909258,0.2912996955430027,0.1719919558851408,0.8770011050931024,0.601626792634949,0.8568919845489921,0.009023024408883373,13,6,0.20816659994661327,2500,OLS_oracle,iid,False,5
8,8,8001,2,20001,True,110,False,100,0.5245446022168766,1.5702569046989083,0.38716591753073004,0.2568970710767782,0.9016065125872978,0.9115955920513326,0.7447034896883228,0.00901028596143833,13,6,0.20816659994661327,2500,OLS_oracle,iid,False,5
8,6,6001,16,160001,True,217,False,100,0.5891305029513253,2.5563419819809496,0.3995120819528549,0.27096317026848565,1.259990612278303,0.9504928683757518,0.5977620521230335,0.011639811058050585,13,6,0.20816659994661327,2500,OLS_oracle,iid,False,5
7,7,7001,4,40001,True,312,False,100,0.7846581871320228,9.10627190535888,0.335986167827568,0.22242794249548628,1.2464457971074834,0.663900441120238,0.7693882055263469,0.005316077193222221,13,6,0.20816659994661327,2500,OLS_oracle,iid,False,5
8,7,7001,8,80001,True,187,False,100,0.7893747089092475,2.2375262049026787,0.16917201186765543,0.08825452290346852,0.5239521404402648,0.3349407306444824,0.943123571680454,0.009169885906734053,13,6,0.20816659994661327,2500,OLS_oracle,iid,False,5
8,8,8001,17,170001,True,115,False,100,0.7049438404713185,1.3204339360818267,0.2917452081663028,0.17463676614824253,0.7546093695226631,0.6390500153790153,0.8266159985218225,0.009793078939578662,13,6,0.20816659994661327,2500,OLS_oracle,iid,False,5
8,8,8001,1,10001,True,150,False,100,0.8537373888613078,1.8580570183694363,0.2636298843508936,0.1485715472063536,0.9178353837138459,0.756650330006675,0.7229457852331322,0.011077282024278375,13,6,0.20816659994661327,2500,OLS_oracle,iid,False,5
8,5,5001,29,290001,True,285,False,100,0.4506492653593405,3.2717195940203965,0.14492298978166737,0.07734693148374006,0.3781483233031048,0.27963226454503154,0.9591300245450516,0.008341489034217582,13,6,0.20816659994661327,2500,OLS_oracle,iid,False,5
8,5,5001,15,150001,True,267,False,100,0.8242919900050558,3.436266372911632,0.3150457631366457,0.19038017444250338,0.8428958326315414,0.6591579017694642,0.7646538300376551,0.01206945539715745,13,6,0.20816659994661327,2500,OLS_oracle,iid,False,5
8,7,7001,9,90001,True,162,False,100,0.6913889898175131,2.425666383933276,0.2622072366899588,0.15902361052160743,0.5638449475565875,0.5348910327279196,0.8721735120289429,0.009990968765757419,13,6,0.20816659994661327,2500,OLS_oracle,iid,False,5
8,6,6001,14,140001,True,255,False,100,0.8062078923370198,2.929976852145046,0.2756484713222887,0.16661591497259193,0.7809838688234997,0.5913982349297837,0.843815796067523,0.010540484510071812,13,6,0.20816659994661327,2500,OLS_oracle,iid,False,5
8,5,5001,28,280001,True,250,False,100,0.8483447102745588,3.3551930231042206,0.21612489910174615,0.13231838623256423,0.45095967988558566,0.4663862026477747,0.8973327064228519,0.010454344188601729,13,6,0.20816659994661327,2500,OLS_oracle,iid,False,5
8,7,7001,23,230001,True,159,False,100,0.8532989816508755,2.174056980293244,0.3588400906042716,0.2249522670384375,0.978300844554761,0.7654802723239367,0.7636302116612225,0.009081635159151627,13,6,0.20816659994661327,2500,OLS_oracle,iid,False,5
8,7,7001,11,110001,True,228,False,100,0.7202541355184574,2.465077974367887,0.28007650400341055,0.1557261168980259,1.0675199605672063,0.6356681017723625,0.7836507210292697,0.01071600808222125,13,6,0.20816659994661327,2500,OLS_oracle,iid,False,5
8,6,6001,4,40001,True,264,False,100,0.7846581871320228,3.3159702220000327,0.15850144328339216,0.09071894862951699,0.3414990209933933,0.42315409777552215,0.915409707019539,0.010536399649527768,13,6,0.20816659994661327,2500,OLS_oracle,iid,False,5
8,6,6001,15,150001,True,115,False,100,0.8242919900050558,3.0190939400345087,0.22822431825471398,0.13099612941889885,0.5714584831599344,0.6185763686055713,0.8106757140006646,0.011819387305489754,13,6,0.20816659994661327,2500,OLS_oracle,iid,False,5
8,8,8001,26,260001,True,85,False,100,0.6424308539801981,1.442027925979346,0.4150588422196689,0.2816334647289738,0.9072091803665406,0.9417808693853887,0.7054926560849772,0.009175686548010339,13,6,0.20816659994661327,2500,OLS_oracle,iid,False,5
8,7,7001,4,40001,True,265,False,100,0.7846581871320228,2.6776863737031817,0.32861517542535673,0.20260297398168595,0.8688693967806518,0.7908748994938458,0.715188122294392,0.011085380175197822,13,6,0.20816659994661327,2500,OLS_oracle,iid,False,5
8,7,7001,28,280001,True,200,False,100,0.8483447102745588,2.1746545042842627,0.3006069662921936,0.18981683693189236,0.684423230348755,0.6341147380919787,0.816186821378167,0.01027084950096094,13,6,0.20816659994661327,2500,OLS_oracle,iid,False,5
8,7,7001,24,240001,True,201,False,100,0.881706198732095,2.283393047749996,0.1590641585175347,0.0875469944396901,0.4090369912523864,0.3552968361625723,0.9394329621453611,0.009808661266038242,13,6,0.20816659994661327,2500,OLS_oracle,iid,False,5
8,5,5001,18,180001,True,340,False,100,0.7180432388982687,3.6696430388838053,0.2167722498910187,0.13156011036309095,0.4783455846899273,0.5483373425286907,0.8754456076307889,0.01080977452301676,13,6,0.20816659994661327,2500,OLS_oracle,iid,False,5
8,8,8001,24,240001,True,151,False,100,0.881706198732095,1.5982866268604994,0.33988863530006724,0.2101328557873267,0.9543426644608962,0.8607750408537103,0.6610240667656231,0.0095475881608657,13,6,0.20816659994661327,2500,OLS_oracle,iid,False,5
8,8,8001,5,50001,True,176,False,100,0.8490287847098211,2.0219036117196083,0.3398192012776177,0.21923633342756865,0.780002126816394,0.7214162216383107,0.8090421497666181,0.009476443108780071,13,6,0.20816659994661327,2500,OLS_oracle,iid,False,5
8,8,8001,19,190001,True,148,False,100,0.678000248893548,1.6918217348866165,0.35470599962147764,0.23097683924547852,0.7606650044086861,0.7813490945146716,0.7903541830481041,0.010136386941196326,13,6,0.20816659994661327,2500,OLS_oracle,iid,False,5
8,6,6001,26,260001,True,209,False,100,0.6424308539801981,2.950409810990095,0.1186929905847352,0.06584745603996556,0.3407852150258449,0.2998854459966667,0.9552845266442029,0.009298390802972654,13,6,0.20816659994661327,2500,OLS_oracle,iid,False,5
8,8,8001,3,30001,True,135,False,100,0.9153607094015493,2.1534710223786533,0.2987933086949283,0.18028267766143322,0.970705640818902,0.8036583682616161,0.6821112419976496,0.013259972411465728,13,6,0.20816659994661327,2500,OLS_oracle,iid,False,5
8,6,6001,23,230001,True,269,False,100,0.8532989816508755,3.06495888158679,0.264884731862842,0.15194834837844545,0.7116695467977147,0.4529779432926421,0.8994177162584975,0.009465022629115326,13,6,0.20816659994661327,2500,OLS_oracle,iid,False,5
8,8,8001,16,160001,True,68,False,100,0.5891305029513253,1.7797973728738725,0.3205375076259746,0.19383564788907678,0.8123124852155882,0.9347295854953896,0.6115597421663426,0.011661037429250344,13,6,0.20816659994661327,2500,OLS_oracle,iid,False,5
8,3,3001,23,230001,True,411,False,100,0.8532989816508755,4.994947980623692,0.10262512329922092,0.05364147890003134,0.27379122823569574,0.2680387399330405,0.9619545737173409,0.009459418593439425,13,6,0.20816659994661327,2500,OLS_oracle,iid,False,5
8,3,3001,18,180001,True,164,False,100,0.7180432388982687,5.109868709929287,0.319089631223377,0.19295353443556812,0.8276619381297157,0.6709888154427388,0.7962540076636243,0.010608563054637648,13,6,0.20816659994661327,2500,OLS_oracle,iid,False,5
8,7,7001,1,10001,True,232,False,100,0.8537373888613078,2.917429583147168,0.23164849822205996,0.13343762926897473,0.7055040214419177,0.5133724980889788,0.8821167600571727,0.010938238768931564,13,6,0.20816659994661327,2500,OLS_oracle,iid,False,5
8,9,9001,6,60001,True,83,False,100,0.4664033835932271,1.3053206698969007,0.41464869940804455,0.27209046146249016,1.0297809272417842,0.9655902982748099,0.6987527759112194,0.009583574121782158,13,6,0.20816659994661327,2500,OLS_oracle,iid,False,5
8,8,8001,11,110001,True,180,False,100,0.7202541355184574,2.0610215850174427,0.37611298084545824,0.24764491076753206,0.9699214622714554,0.8497856596936814,0.7335533072048076,0.01032775102673378,13,6,0.20816659994661327,2500,OLS_oracle,iid,False,5
8,9,9001,5,50001,True,115,False,100,0.8490287847098211,1.3391327201388776,0.397920401754772,0.29081500558182033,1.06543589234765,1.1122351382256075,0.6734731905332031,0.009574596255677796,13,6,0.20816659994661327,2500,OLS_oracle,iid,False,5
8,9,9001,18,180001,True,96,False,100,0.7180432388982687,1.1196642499417067,0.35457798568048543,0.23313915308363092,0.7412204446611431,0.9570756537411326,0.5658659346011162,0.01053604238622896,13,6,0.20816659994661327,2500,OLS_oracle,iid,False,5
8,7,7001,21,210001,True,226,False,100,0.7635132529916642,2.5841530351899564,0.20524920563075352,0.11410730821729433,0.577980692220605,0.3859836607795973,0.9352905033334309,0.009358534489322312,13,6,0.20816659994661327,2500,OLS_oracle,iid,False,5
8,7,7001,22,220001,True,228,False,100,0.7528364811080336,2.596248627640307,0.14798227490900467,0.0878959418829508,0.3781222415212416,0.32049725027484366,0.9528318102050838,0.009238616179243032,13,6,0.20816659994661327,2500,OLS_oracle,iid,False,5
9,0,1,1,10001,True,91,False,100,0.8537373888613078,0.8846264281310141,0.3452116411346478,0.2009367650908437,0.9200752691433877,1.1589489389742527,0.42327988836195474,0.01629020340083251,13,6,0.20816659994661327,2500,OLS_oracle,iid,False,5
9,0,1,9,90001,True,78,False,100,0.6913889898175131,0.7501819231547415,0.3401207131886116,0.19773577413512217,0.9942298117367186,0.9608175412220252,0.7169072794212468,0.015996455988876456,13,6,0.20816659994661327,2500,OLS_oracle,iid,False,5
8,6,6001,12,120001,True,258,False,100,0.5757635920524622,3.53510986501351,0.10573160383096704,0.05561104182946757,0.31044671676298724,0.2885663103803232,0.9603465097695091,0.009572709320912058,13,6,0.20816659994661327,2500,OLS_oracle,iid,False,5
8,9,9001,10,100001,True,112,False,100,0.6962106876760279,1.453974538948387,0.29966007209777945,0.17749500017235645,1.0264222118140598,0.6613358954715881,0.8124184210545206,0.00981812859898091,13,6,0.20816659994661327,2500,OLS_oracle,iid,False,5
8,7,7001,0,1,True,237,False,100,0.5768564420455111,3.201521889306605,0.13191221852377313,0.06855266051590848,0.32781778731581146,0.27229288324265466,0.9613597932612112,0.008790873905826935,13,6,0.20816659994661327,2500,OLS_oracle,iid,False,5
8,5,5001,27,270001,True,140,False,100,0.6920673881305397,3.9405017718672752,0.3725069667310737,0.2583310933500256,0.8504558476744207,0.8324211320013954,0.7357189835420235,0.009658854406597606,13,6,0.20816659994661327,2500,OLS_oracle,iid,False,5
8,5,5001,1,10001,True,146,False,100,0.8537373888613078,4.4193626758642495,0.2972860300579847,0.1953660427568303,0.6385618121804919,0.6616811972969335,0.8221409337843474,0.010814474764233523,13,6,0.20816659994661327,2500,OLS_oracle,iid,False,5
8,4,4001,5,50001,True,188,False,100,0.8490287847098211,4.949004969093949,0.33053736556938446,0.2039096850922405,0.8679198153296269,0.6274074040813492,0.8664761563036218,0.009883362908893335,13,6,0.20816659994661327,2500,OLS_oracle,iid,False,5
8,7,7001,26,260001,True,238,False,100,0.6424308539801981,2.7188506880775094,0.12119077116006093,0.06944464204927728,0.3371211968573272,0.30167343710559025,0.9552361631107738,0.009441912978691134,13,6,0.20816659994661327,2500,OLS_oracle,iid,False,5
9,0,1,8,80001,True,90,False,100,0.7893747089092475,0.9097119360230863,0.3543092557067975,0.20679376363306318,0.9910518562540335,1.1297966920792881,0.49351117339030814,0.01612980578954512,13,6,0.20816659994661327,2500,OLS_oracle,iid,False,5
8,8,8001,12,120001,True,202,False,100,0.5757635920524622,2.28545108018443,0.10849218159242661,0.06523039114534851,0.2243584213263853,0.27562124568125385,0.9632394439831126,0.009434330835620796,13,6,0.20816659994661327,2500,OLS_oracle,iid,False,5
8,6,6001,7,70001,True,337,False,100,0.5712051884848673,3.8282897491008043,0.11334762032112881,0.0650508430951272,0.2763541467846261,0.26855611919552225,0.9669659167407542,0.009132768473542599,13,6,0.20816659994661327,2500,OLS_oracle,iid,False,5
8,8,8001,0,1,True,101,False,100,0.5768564420455111,2.667746812105179,0.46074336119657594,0.33501741202019425,0.8791500536339683,1.0895240711597411,0.6848188280303584,0.008462439829113435,13,6,0.20816659994661327,2500,OLS_oracle,iid,False,5
8,8,8001,22,220001,True,160,False,100,0.7528364811080336,2.109500852879137,0.2444130714865117,0.12999815525439945,0.713751096988738,0.500758627697602,0.8793206156794013,0.008841007804962199,13,6,0.20816659994661327,2500,OLS_oracle,iid,False,5
8,9,9001,24,240001,True,119,False,100,0.881706198732095,1.3630670071579516,0.37047275720398265,0.24643600597323997,0.9134676681771206,0.9083296987135976,0.7148567794770591,0.0099289268372314,13,6,0.20816659994661327,2500,OLS_oracle,iid,False,5
9,0,1,12,120001,True,86,False,100,0.4884498769419859,0.824931369163096,0.35858173509200164,0.20676826396533007,1.0814485640391933,2.0765030871201766,0.6066296789393766,0.015819825417289757,13,6,0.20816659994661327,2500,OLS_oracle,iid,False,5
8,4,4001,16,160001,True,184,False,100,0.5891305029513253,4.926223572343588,0.33690256786331546,0.20432016744988665,0.8934096664255128,0.7661384750927784,0.6832801227749715,0.011268034900044101,13,6,0.20816659994661327,2500,OLS_oracle,iid,False,5
9,0,1,18,180001,True,80,False,100,0.7180432388982687,0.789067376870662,0.29593994118757333,0.16150455424643123,0.8718794752673568,0.7100971984983689,0.7573437425408143,0.016845347581994498,13,6,0.20816659994661327,2500,OLS_oracle,iid,False,5
8,9,9001,4,40001,True,160,False,100,0.7846581871320228,1.8422428290359676,0.34218744535757717,0.21143318380304274,0.9996956205661396,0.6740190329309664,0.8157748474602263,0.010993554830854695,13,6,0.20816659994661327,2500,OLS_oracle,iid,False,5
8,9,9001,7,70001,True,161,False,100,0.5712051884848673,1.83512552222237,0.3393256265905317,0.21114510362486424,0.9930366650288328,0.7295124008836396,0.8204855298076883,0.008382616428432722,13,6,0.20816659994661327,2500,OLS_oracle,iid,False,5
8,8,8001,27,270001,True,200,False,100,0.6920673881305397,2.239848424680531,0.14119912024965212,0.07248375217738731,0.3715611074482254,0.33216929741473705,0.9404041770486231,0.009678621892974965,13,6,0.20816659994661327,2500,OLS_oracle,iid,False,5
8,9,9001,1,10001,True,182,False,100,0.8537373888613078,2.0761094400659204,0.09049325302939315,0.053766263984928266,0.21228922388636695,0.3690613222308537,0.9319280518606886,0.010244082837360355,13,6,0.20816659994661327,2500,OLS_oracle,iid,False,5
8,5,5001,22,220001,True,172,False,100,0.7528364811080336,4.353442851919681,0.3243631295458437,0.19741444026023805,0.981229283094347,0.6549662173833981,0.8210223362478697,0.009269092763885238,13,6,0.20816659994661327,2500,OLS_oracle,iid,False,5
8,5,5001,9,90001,True,349,False,100,0.6913889898175131,4.532885936554521,0.20240061474439255,0.11569344603131045,0.4791589655020645,0.39199802896072417,0.9197936945510264,0.009889380073582026,13,6,0.20816659994661327,2500,OLS_oracle,iid,False,5
8,8,8001,29,290001,True,244,False,100,0.4506492653593405,2.2126616360619664,0.20464608401278744,0.11374435379636776,0.5402108157586009,0.36805544469518087,0.932542309448895,0.008999702558610233,13,6,0.20816659994661327,2500,OLS_oracle,iid,False,5
9,0,1,20,200001,True,97,False,100,0.7441070845880903,0.9087693337351084,0.2779816463992512,0.14839906615189313,0.7737344386716566,0.6584504870069424,0.8013377575156478,0.016058070804021773,13,6,0.20816659994661327,2500,OLS_oracle,iid,False,5
9,0,1,28,280001,True,86,False,100,0.8483447102745588,0.8106665760278702,0.29696680592416375,0.1686377931930213,0.6983031705969365,0.8138543592347172,0.7190211196037566,0.016195888288207977,13,6,0.20816659994661327,2500,OLS_oracle,iid,False,5
8,6,6001,19,190001,True,295,False,100,0.678000248893548,4.023740662261844,0.13008393014876848,0.07162720089544508,0.3692152990394126,0.35241779683089447,0.9391240804032268,0.010045142541499167,13,6,0.20816659994661327,2500,OLS_oracle,iid,False,5
8,5,5001,24,240001,True,134,False,100,0.881706198732095,4.508546474389732,0.3323645904938855,0.2078923466231286,0.9907212105491571,0.8004248407948719,0.7658386984755301,0.009550046097890156,13,6,0.20816659994661327,2500,OLS_oracle,iid,False,5
8,8,8001,20,200001,True,234,False,100,0.7769255038978906,2.6152348490431905,0.3252641495445575,0.19536613027145946,1.0039394227211809,0.5856233277383576,0.8601443798855559,0.009738589688204742,13,6,0.20816659994661327,2500,OLS_oracle,iid,False,5
9,0,1,29,290001,True,60,False,100,0.41199817173291603,0.9564096699468791,0.3183055232349874,0.1711066727096357,1.0476568614039943,0.7572071832443761,0.7603536177551401,0.015317532305024965,13,6,0.20816659994661327,2500,OLS_oracle,iid,False,5
9,1,1001,7,70001,True,84,False,100,0.47045938648362173,0.7989959591068327,0.3551815085566917,0.21082834971357792,0.992447253972024,0.8804779848738635,0.7504055501657845,0.015102140288688698,13,6,0.20816659994661327,2500,OLS_oracle,iid,False,5
8,8,8001,9,90001,True,225,False,100,0.6913889898175131,2.9304476478137076,0.13721123668353327,0.0830376174212304,0.28709103504711053,0.3261368498076621,0.9451633924746027,0.009692069884284607,13,6,0.20816659994661327,2500,OLS_oracle,iid,False,5
8,9,9001,11,110001,True,183,False,100,0.7202541355184574,2.057342247106135,0.2941148089391125,0.1700862141068751,0.8489393084004266,0.6208409305803098,0.8367311585153901,0.010733658380608272,13,6,0.20816659994661327,2500,OLS_oracle,iid,False,5
8,6,6001,24,240001,True,356,False,100,0.881706198732095,4.019939994905144,0.19866625885955583,0.11759960535899425,0.4709217549052826,0.40944264800400976,0.9216278949093347,0.009404647592670649,13,6,0.20816659994661327,2500,OLS_oracle,iid,False,5
9,0,1,23,230001,True,96,False,100,0.8532989816508755,1.08806011127308,0.3669550549672093,0.25954943482478404,0.7315539188240138,1.0545104873547095,0.6997063755160285,0.016077368782596052,13,6,0.20816659994661327,2500,OLS_oracle,iid,False,5
9,0,1,24,240001,True,113,False,100,0.881706198732095,1.0608239327557385,0.2696970198760504,0.13917404975572578,0.8610981351090542,0.5851587714221476,0.8417012897300937,0.01663729010729304,13,6,0.20816659994661327,2500,OLS_oracle,iid,False,5
8,8,8001,23,230001,True,151,False,100,0.8532989816508755,2.6611011321656406,0.30087208904174534,0.1762980312133015,1.0617668038578618,0.7040940882574802,0.7769360597778793,0.009182801799709064,13,6,0.20816659994661327,2500,OLS_oracle,iid,False,5
9,0,1,3,30001,True,124,False,100,0.8534971502031466,1.6543955183587968,0.24366820737356443,0.13104343976690058,0.6948724081422648,0.7062600854800987,0.7895854503871262,0.017200981711643946,13,6,0.20816659994661327,2500,OLS_oracle,iid,False,5
9,0,1,14,140001,True,138,False,100,0.8062078923370198,1.3045546659268439,0.09685338460997944,0.050488251069563735,0.21683201631320556,0.3734297620446829,0.9237995930626273,0.017048698834107756,13,6,0.20816659994661327,2500,OLS_oracle,iid,False,5
8,6,6001,13,130001,True,376,False,100,0.70273688421089,4.2925866027362645,0.13720560462986378,0.0797944393986464,0.2894163802230702,0.39314410498404756,0.9263253659278738,0.010555789049856233,13,6,0.20816659994661327,2500,OLS_oracle,iid,False,5
8,9,9001,19,190001,True,134,False,100,0.678000248893548,2.0229566916823387,0.22006873651624104,0.12551604872187666,0.5279323362263224,0.7300799659218665,0.6631447972167457,0.010142109077500724,13,6,0.20816659994661327,2500,OLS_oracle,iid,False,5
8,6,6001,27,270001,True,285,False,100,0.6920673881305397,4.028497708961368,0.09038413765479957,0.050583042523060194,0.23921264427096714,0.3042127599878519,0.9566457680505808,0.009790674457189731,13,6,0.20816659994661327,2500,OLS_oracle,iid,False,5
8,4,4001,11,110001,True,245,False,100,0.7202541355184574,5.626503108069301,0.19641179495055236,0.1209554458701471,0.44660050364562554,0.44601254280680075,0.9006281116842599,0.010638969166607639,13,6,0.20816659994661327,2500,OLS_oracle,iid,False,5
9,1,1001,13,130001,True,82,False,100,0.70273688421089,0.8770133559592068,0.34167277962049614,0.20017845125915626,0.9737410545370362,0.9480779080272757,0.7339449150576142,0.017046274527642933,13,6,0.20816659994661327,2500,OLS_oracle,iid,False,5
8,7,7001,29,290001,True,319,False,100,0.4506492653593405,3.445082584861666,0.07999297913697913,0.043764575032712846,0.22832847950277424,0.22024441057991453,0.9754045449154856,0.008944576415628227,13,6,0.20816659994661327,2500,OLS_oracle,iid,False,5
9,1,1001,22,220001,True,82,False,100,0.7528364811080336,0.7680793940089643,0.31943049454770583,0.17925385041297348,0.9804265245651375,0.778288144572703,0.76947471484344,0.01653942420572329,13,6,0.20816659994661327,2500,OLS_oracle,iid,False,5
9,1,1001,5,50001,True,88,False,100,0.7275820555803119,1.1037726909853518,0.37961223891010126,0.23080817778908422,0.9559384190267273,0.9674544609789859,0.7097067003097619,0.01574851021944483,13,6,0.20816659994661327,2500,OLS_oracle,iid,False,5
8,7,7001,2,20001,True,318,False,100,0.5245446022168766,4.023492054082453,0.16807829822284479,0.09241716902474137,0.4538732024318292,0.3399359393379844,0.940958866895944,0.009294275496068762,13,6,0.20816659994661327,2500,OLS_oracle,iid,False,5
8,8,8001,7,70001,True,313,False,100,0.5712051884848673,3.2958966908045113,0.1258687976751673,0.0737769349938552,0.2838104738002536,0.2654480938885819,0.9657854856846144,0.008981096562120932,13,6,0.20816659994661327,2500,OLS_oracle,iid,False,5
8,7,7001,14,140001,True,285,False,100,0.8062078923370198,3.79949631402269,0.24296125060765508,0.12060148145426225,0.9567620651445974,0.49456996079002546,0.8605245198702042,0.010896204198210076,13,6,0.20816659994661327,2500,OLS_oracle,iid,False,5
8,5,5001,20,200001,True,407,False,100,0.7769255038978906,4.981132374145091,0.12113120839669761,0.07308263464239871,0.24971110875033276,0.33831455394708543,0.9501458848785873,0.009723154779329342,13,6,0.20816659994661327,2500,OLS_oracle,iid,False,5
9,1,1001,11,110001,True,109,False,100,0.7202541355184574,1.0941753759980202,0.32445529019125385,0.1830703577045892,0.8260292645558164,1.0162717412845048,0.5286188994650618,0.016323014672460636,13,6,0.20816659994661327,2500,OLS_oracle,iid,False,5
9,0,1,11,110001,True,135,False,100,0.7202541355184574,1.7619143822230399,0.30876963098813653,0.17779048406016135,0.878866556048787,0.8135595428408182,0.7736638690511547,0.015973410699808094,13,6,0.20816659994661327,2500,OLS_oracle,iid,False,5
8,7,7001,16,160001,True,246,False,100,0.5891305029513253,3.8651653807610273,0.36261206463523477,0.23111859454535225,1.1677414204353376,1.5287287359534565,0.6187892131048631,0.011320553162923231,13,6,0.20816659994661327,2500,OLS_oracle,iid,False,5
9,1,1001,3,30001,True,101,False,100,0.8534971502031466,1.4247732879593968,0.23153770173436342,0.1160546762165645,0.8245120132690367,0.5794976118055745,0.8393611830316693,0.016961850047805767,13,6,0.20816659994661327,2500,OLS_oracle,iid,False,5
9,0,1,25,250001,True,170,False,100,0.8543597406519545,1.5327088697813451,0.11910479451738404,0.06074795538628233,0.3301019053897436,0.32199007250414113,0.9508645107317659,0.01583922024640899,13,6,0.20816659994661327,2500,OLS_oracle,iid,False,5
9,1,1001,29,290001,True,67,False,100,0.41199817173291603,0.9041681550443172,0.37804736493371516,0.2298897795695562,1.081370055966027,0.9914000156532707,0.6976247930174352,0.015491032617763547,13,6,0.20816659994661327,2500,OLS_oracle,iid,False,5
8,7,7001,15,150001,True,291,False,100,0.8242919900050558,4.021416971925646,0.3623045505722127,0.24330816234792702,0.8718137316557721,0.8061317450605727,0.6919113162352464,0.011918927574857264,13,6,0.20816659994661327,2500,OLS_oracle,iid,False,5
8,8,8001,28,280001,True,222,False,100,0.8483447102745588,3.100622474681586,0.31260455639045054,0.19565219441604026,0.7292072232222707,0.6926927238712339,0.7971119600634682,0.01023178891885184,13,6,0.20816659994661327,2500,OLS_oracle,iid,False,5
9,1,1001,16,160001,True,122,False,100,0.5799721707897568,1.2714899010024965,0.27310272197186763,0.15138712084436967,0.8618622557103429,0.6105743484395254,0.8228018916330972,0.016752681282843147,13,6,0.20816659994661327,2500,OLS_oracle,iid,False,5
8,8,8001,8,80001,True,342,False,100,0.7893747089092475,3.6617903979495168,0.13122231641562238,0.07262431333605288,0.3589988579976127,0.28575390370122056,0.9596203235020667,0.009268554026521101,13,6,0.20816659994661327,2500,OLS_oracle,iid,False,5
9,2,2001,5,50001,True,99,False,100,0.7275820555803119,0.9478459260426462,0.3383869263223557,0.1857776524167523,0.9227577175145403,1.7384747568487602,0.657739531176224,0.016223618862252525,13,6,0.20816659994661327,2500,OLS_oracle,iid,False,5
9,1,1001,17,170001,True,56,False,100,0.5818745026674752,1.3131869598291814,0.34349543807432886,0.1963529762483729,0.9060773403595148,0.8610118173262244,0.7183810393453134,0.01566116014285715,13,6,0.20816659994661327,2500,OLS_oracle,iid,False,5
8,5,5001,21,210001,True,186,False,100,0.7635132529916642,5.375402729958296,0.11624961227074125,0.06732319896664268,0.29955381498463884,0.30245010826862273,0.9563100889318946,0.009228748160794081,13,6,0.20816659994661327,2500,OLS_oracle,iid,False,5
9,0,1,6,60001,True,240,False,100,0.4664033835932271,2.3338064099662006,0.09138911981465438,0.042154869198310324,0.26274609177978614,0.2423984794612202,0.9697239617290698,0.015543655391119706,13,6,0.20816659994661327,2500,OLS_oracle,iid,False,5
8,9,9001,14,140001,True,87,False,100,0.8062078923370198,2.7284198929555714,0.3735754717984914,0.26085887273511027,0.8679453256864021,1.0953649858085712,0.5483421978051234,0.010639268358919424,13,6,0.20816659994661327,2500,OLS_oracle,iid,False,5
9,0,1,17,170001,True,152,False,100,0.5818745026674752,1.9285474219359457,0.09244708435401655,0.04516907391924924,0.24518101674715395,0.2508541611983887,0.9696138391731921,0.015697534241550785,13,6,0.20816659994661327,2500,OLS_oracle,iid,False,5
9,2,2001,18,180001,True,76,False,100,0.7180432388982687,0.7369281509891152,0.26970289437008377,0.12466572020238484,1.1188343905638394,0.6032059674836923,0.820260555394539,0.016498129118438454,13,6,0.20816659994661327,2500,OLS_oracle,iid,False,5
9,2,2001,2,20001,True,117,False,100,0.5245446022168766,1.1200415259227157,0.2114457615089818,0.10161698549547761,0.5776777781337311,0.4651209695809252,0.8952771372876169,0.01611415640117369,13,6,0.20816659994661327,2500,OLS_oracle,iid,False,5
9,0,1,16,160001,True,171,False,100,0.5799721707897568,2.053828877862543,0.301166187409149,0.17029371029631007,0.9807320172278361,0.7196018817949708,0.8025415935352529,0.016386062278059423,13,6,0.20816659994661327,2500,OLS_oracle,iid,False,5
9,2,2001,22,220001,True,82,False,100,0.7528364811080336,0.797516193240881,0.32269664185383223,0.200236139751869,0.8145808007809594,1.1320642377356718,0.45136608076137447,0.016362480321743568,13,6,0.20816659994661327,2500,OLS_oracle,iid,False,5
8,8,8001,10,100001,True,316,False,100,0.6962106876760279,3.8406192888505757,0.11151104638083774,0.06210943342409521,0.28288088615351104,0.296412306959327,0.954829405624681,0.009509250486040831,13,6,0.20816659994661327,2500,OLS_oracle,iid,False,5
8,7,7001,5,50001,True,441,False,100,0.8490287847098211,4.672613714821637,0.12470370128870317,0.07176415960237013,0.32138332915453777,0.35054514456818353,0.9448726633648981,0.009569361631521202,13,6,0.20816659994661327,2500,OLS_oracle,iid,False,5
9,1,1001,20,200001,True,161,False,100,0.7441070845880903,1.5180258699692786,0.08105657427768721,0.04339818388963284,0.19274209620969965,0.2790607914442968,0.9632179262310936,0.016259417087002646,13,6,0.20816659994661327,2500,OLS_oracle,iid,False,5
8,9,9001,2,20001,True,196,False,100,0.5245446022168766,3.2575532807968557,0.30586011534607843,0.18251227737955714,0.9227759317869493,0.7345577067988903,0.8210535763411375,0.009258197109128351,13,6,0.20816659994661327,2500,OLS_oracle,iid,False,5
8,5,5001,4,40001,True,274,False,100,0.7846581871320228,5.820425144862384,0.2297338240743802,0.12968577613803797,0.6549554099289453,0.5231097391016111,0.8758117960761714,0.01056688280812921,13,6,0.20816659994661327,2500,OLS_oracle,iid,False,5
9,3,3001,4,40001,True,66,False,100,0.6972834530448486,0.6480890400707722,0.34108147285380896,0.19998217861782794,0.9110569808714701,0.8710899180690881,0.6946341594071612,0.01541802688761459,13,6,0.20816659994661327,2500,OLS_oracle,iid,False,5
9,1,1001,18,180001,True,166,False,100,0.7180432388982687,1.5812501166947186,0.28130628912782796,0.15379419690333565,0.94412969293612,0.583778695861402,0.8370791759447479,0.017225763620260355,13,6,0.20816659994661327,2500,OLS_oracle,iid,False,5
9,1,1001,15,150001,True,175,False,100,0.6181341499417189,1.6518713613040745,0.06573980232169568,0.0349077570071533,0.1563689792823561,0.22714529108728837,0.9756644116801851,0.015770382356811892,13,6,0.20816659994661327,2500,OLS_oracle,iid,False,5
9,0,1,22,220001,True,212,False,100,0.7528364811080336,2.1042629703879356,0.11922134026725578,0.06242196816791759,0.3143225070272211,0.3058638679398942,0.9532361583806013,0.01620494154066962,13,6,0.20816659994661327,2500,OLS_oracle,iid,False,5
9,0,1,15,150001,True,236,False,100,0.6181341499417189,2.2519255680963397,0.10211694548562804,0.04732554513340903,0.2987105244012186,0.27673138349352594,0.963543730422503,0.015480801590948945,13,6,0.20816659994661327,2500,OLS_oracle,iid,False,5
9,2,2001,24,240001,True,92,False,100,0.881706198732095,0.9133685431443155,0.34353626432261364,0.20493544363563598,0.8180590939307831,1.1756256373573202,0.444811426887292,0.016226023927525018,13,6,0.20816659994661327,2500,OLS_oracle,iid,False,5
9,2,2001,3,30001,True,140,False,100,0.8534971502031466,1.3484546369872987,0.23303577780597978,0.12022775845715274,0.5974287649009971,0.9085585564819442,0.5438475109760663,0.017010953593628635,13,6,0.20816659994661327,2500,OLS_oracle,iid,False,5
8,8,8001,15,150001,True,293,False,100,0.8242919900050558,3.898616634309292,0.30427226492222226,0.19131830371099673,1.2438670917710943,0.739884942090591,0.7712984809044571,0.012340382665267388,13,6,0.20816659994661327,2500,OLS_oracle,iid,False,5
9,2,2001,14,140001,True,114,False,100,0.8062078923370198,1.1315494137816131,0.26392209007840156,0.130027680204519,0.7566982696248915,0.6435320010167462,0.8054700051409059,0.01770397850857318,13,6,0.20816659994661327,2500,OLS_oracle,iid,False,5
8,9,9001,15,150001,True,289,False,100,0.8242919900050558,3.0789737477898598,0.16954316650718482,0.09546159995150363,0.4454335307870507,0.49637242903824835,0.8560775247229019,0.012138389177843696,13,6,0.20816659994661327,2500,OLS_oracle,iid,False,5
9,2,2001,13,130001,True,120,False,100,0.70273688421089,1.1590568399988115,0.08148022304168834,0.04197163117611185,0.1785325872780637,0.2973121461966456,0.9536875852837079,0.016272307711035477,13,6,0.20816659994661327,2500,OLS_oracle,iid,False,5
9,1,1001,1,10001,True,225,False,100,0.8537373888613078,2.1157653080299497,0.17301490493926655,0.07422411897244152,0.626073985263065,0.47053041081768204,0.9031575080011173,0.01701329021334622,13,6,0.20816659994661327,2500,OLS_oracle,iid,False,5
8,3,3001,24,240001,True,377,False,100,0.881706198732095,7.046214771922678,0.08898643209122867,0.049836372373065964,0.20271901537984255,0.28585039078173063,0.9586633983429309,0.00972535376204734,13,6,0.20816659994661327,2500,OLS_oracle,iid,False,5
8,6,6001,9,90001,True,414,False,100,0.6913889898175131,5.453870142810047,0.1531689182300288,0.08928120294348042,0.38480279697196995,0.3597409500694075,0.9359643922640533,0.009678070061803335,13,6,0.20816659994661327,2500,OLS_oracle,iid,False,5
9,3,3001,1,10001,True,88,False,100,0.8537373888613078,0.8563768989406526,0.27624979143094475,0.1444160997630825,0.9452431273956838,0.7613741539432276,0.7620122168258142,0.017318767856783043,13,6,0.20816659994661327,2500,OLS_oracle,iid,False,5
8,9,9001,16,160001,True,116,False,100,0.5891305029513253,3.107205697335303,0.28484224806139197,0.16584032262330567,0.9917655100511793,0.7316771718397164,0.6787994964353635,0.011285941012039693,13,6,0.20816659994661327,2500,OLS_oracle,iid,False,5
8,5,5001,0,1,True,468,False,100,0.5768564420455111,6.268349654041231,0.1396524764287036,0.0822687217504414,0.34752122387027606,0.28689854235982615,0.9605868385697611,0.008901474693849618,13,6,0.20816659994661327,2500,OLS_oracle,iid,False,5
8,5,5001,5,50001,True,210,False,100,0.8490287847098211,6.0837241150438786,0.16320890468594051,0.09416672976124905,0.3276969655048443,0.3755710957363022,0.9358564923946403,0.009757155626709714,13,6,0.20816659994661327,2500,OLS_oracle,iid,False,5
8,6,6001,18,180001,True,234,False,100,0.7180432388982687,5.454634556081146,0.3348151036544545,0.22508551714565883,0.6815601021097604,0.8671144191969097,0.7613737500554641,0.010840072217640231,13,6,0.20816659994661327,2500,OLS_oracle,iid,False,5
8,9,9001,25,250001,True,131,False,100,0.8543597406519545,3.1472776513546705,0.34719748692802316,0.21530315978682502,0.8762219076022127,1.4430339119728504,0.5559273003944029,0.010677544522471832,13,6,0.20816659994661327,2500,OLS_oracle,iid,False,5
9,1,1001,10,100001,True,226,False,100,0.6962106876760279,2.1350569459609687,0.26458030482317557,0.13961014091581825,0.8450948600468651,0.6302533084743996,0.8552134730510473,0.015964143726578207,13,6,0.20816659994661327,2500,OLS_oracle,iid,False,5
9,3,3001,2,20001,True,67,False,100,0.5245446022168766,1.0666738110594451,0.3693424528535804,0.22127084847664796,0.9190265017833531,1.1376253035283217,0.6918789308973052,0.01600869009066945,13,6,0.20816659994661327,2500,OLS_oracle,iid,False,5
9,1,1001,25,250001,True,208,False,100,0.8543597406519545,1.9770355802029371,0.14991886102174717,0.07282139277598204,0.4587495102772174,0.3593738096305658,0.9395529694863244,0.016024759079123537,13,6,0.20816659994661327,2500,OLS_oracle,iid,False,5
9,3,3001,14,140001,True,82,False,100,0.8062078923370198,0.8123483513481915,0.3525629772858019,0.21087599958776868,0.8454408048334165,1.1440589559580026,0.4816048319538343,0.016996122997754416,13,6,0.20816659994661327,2500,OLS_oracle,iid,False,5
9,3,3001,19,190001,True,75,False,100,0.4516126195881712,0.7400679630227387,0.2987050392070999,0.1643595695820099,0.7771968137763271,0.6947124156176525,0.7906333348678148,0.01604199756868271,13,6,0.20816659994661327,2500,OLS_oracle,iid,False,5
9,3,3001,7,70001,True,103,False,100,0.47045938648362173,1.0037057311274111,0.3542990472341355,0.2117612874457852,0.8232116887919632,0.9662994345442654,0.6648358439865738,0.01545071636572362,13,6,0.20816659994661327,2500,OLS_oracle,iid,False,5
9,1,1001,27,270001,True,206,False,100,0.6920673881305397,1.9814788708463311,0.1180357297755752,0.06399605393235142,0.29496588082773306,0.3507664006986623,0.9481580267082692,0.016641763177077745,13,6,0.20816659994661327,2500,OLS_oracle,iid,False,5
9,0,1,27,270001,True,269,False,100,0.6920673881305397,2.5694063967093825,0.10303885816216324,0.05600306964805128,0.2263298316911711,0.3055965530392547,0.9555138245482306,0.015908743397183445,13,6,0.20816659994661327,2500,OLS_oracle,iid,False,5
9,3,3001,21,210001,True,74,False,100,0.7562743325078647,0.7396159870550036,0.3572998537872834,0.21439881716929923,1.0915980857630507,1.0368302081017178,0.625539204397777,0.015885121010672628,13,6,0.20816659994661327,2500,OLS_oracle,iid,False,5
9,2,2001,17,170001,True,164,False,100,0.5818745026674752,1.579108107369393,0.2661069663414046,0.13317675817996427,0.7430509490928808,0.5740117897670576,0.8412735816447475,0.015930234143174536,13,6,0.20816659994661327,2500,OLS_oracle,iid,False,5
9,0,1,2,20001,True,312,False,100,0.5245446022168766,3.2282937807030976,0.11408337159534164,0.062402512093117174,0.2545505068727505,0.31280160015343916,0.9525888488562023,0.01634532246420691,13,6,0.20816659994661327,2500,OLS_oracle,iid,False,5
8,4,4001,24,240001,True,257,False,100,0.881706198732095,6.7272811168804765,0.18673823139843157,0.10007006832271828,0.5509296040014701,0.3603651024056666,0.9309024260299171,0.009633437292338821,13,6,0.20816659994661327,2500,OLS_oracle,iid,False,5
8,7,7001,18,180001,True,186,False,100,0.7180432388982687,5.003818762023002,0.1919926579205443,0.10177965160876129,0.5910990723504488,0.41661140191685775,0.9151653123047101,0.010643645071778202,13,6,0.20816659994661327,2500,OLS_oracle,iid,False,5
9,1,1001,23,230001,True,226,False,100,0.8532989816508755,2.170964917168021,0.30566442312620257,0.1667287991129448,0.7644278125237937,0.6419207827350562,0.8310700610885599,0.016423789912017584,13,6,0.20816659994661327,2500,OLS_oracle,iid,False,5
8,9,9001,21,210001,True,221,False,100,0.7635132529916642,3.5609712251462042,0.21555281013271577,0.12349051036860582,0.6259334714003468,0.3970573329005283,0.9278785136254293,0.009814512379943737,13,6,0.20816659994661327,2500,OLS_oracle,iid,False,5
9,3,3001,11,110001,True,119,False,100,0.7202541355184574,1.1072214599698782,0.06515111730290685,0.033006348254232806,0.17974302562816302,0.2799696931363779,0.9604009900829364,0.01635832136487419,13,6,0.20816659994661327,2500,OLS_oracle,iid,False,5
7,9,9001,25,250001,True,366,False,100,0.8543597406519545,10.434226072859019,0.1805602797402697,0.10970377228656945,0.4208965593134319,0.3765246406810207,0.9290534230149352,0.0035792612491501383,13,6,0.20816659994661327,2500,OLS_oracle,iid,False,5
9,1,1001,26,260001,True,236,False,100,0.6424308539801981,2.2494755000807345,0.15570389847491373,0.07606818923423128,0.40629603877999704,0.3219483033760894,0.9458651429296395,0.016305497242817442,13,6,0.20816659994661327,2500,OLS_oracle,iid,False,5
9,0,1,7,70001,True,354,False,100,0.47045938648362173,3.3930530273355544,0.08737369211433262,0.04619161206919689,0.2037058679180986,0.22790578924534838,0.9741868398093859,0.015624352622536013,13,6,0.20816659994661327,2500,OLS_oracle,iid,False,5
9,1,1001,21,210001,True,154,False,100,0.7562743325078647,2.367666688747704,0.12423962787970907,0.0628763313805541,0.34929637805575814,0.2912552340687105,0.958875640097941,0.016092804773944737,13,6,0.20816659994661327,2500,OLS_oracle,iid,False,5
8,9,9001,20,200001,True,271,False,100,0.7769255038978906,3.7144403513520956,0.1664099100785311,0.09692839338670511,0.4449853978631625,0.341555638487134,0.9412478287518397,0.009231364906091678,13,6,0.20816659994661327,2500,OLS_oracle,iid,False,5
9,2,2001,23,230001,True,177,False,100,0.8532989816508755,1.7220645970664918,0.23768473581223792,0.12849870117358142,0.5750728591350813,0.5335816668995992,0.8831180582866824,0.01637243015426568,13,6,0.20816659994661327,2500,OLS_oracle,iid,False,5
8,6,6001,5,50001,True,313,False,100,0.8490287847098211,6.270067798905075,0.24332012873106737,0.12936448849953122,0.7576971791761337,0.47062875267421067,0.8929630329720103,0.009932333273319927,13,6,0.20816659994661327,2500,OLS_oracle,iid,False,5
8,7,7001,12,120001,True,317,False,100,0.5757635920524622,5.442497413605452,0.1507702232078173,0.09112576556887915,0.3307575437539778,0.3322581618765427,0.9498007597388847,0.009399089919985167,13,6,0.20816659994661327,2500,OLS_oracle,iid,False,5
9,1,1001,14,140001,True,218,False,100,0.8062078923370198,2.544410258065909,0.26637938990125665,0.1432321379286719,0.9266375886569337,0.6353515407002505,0.8310737410766448,0.016804131018111172,13,6,0.20816659994661327,2500,OLS_oracle,iid,False,5
9,3,3001,9,90001,True,78,False,100,0.6913889898175131,1.3373283660039306,0.34072283896501837,0.20311530592887245,0.7394743207398857,1.1768421796765556,0.46040239261581883,0.015813618845754843,13,6,0.20816659994661327,2500,OLS_oracle,iid,False,5
9,1,1001,9,90001,True,282,False,100,0.6913889898175131,2.6816615080460906,0.07160457403546455,0.03560565473561524,0.17596163861920613,0.24046329289392554,0.971848218530684,0.01620217668611683,13,6,0.20816659994661327,2500,OLS_oracle,iid,False,5
9,3,3001,27,270001,True,91,False,100,0.6920673881305397,0.9572609430179,0.34337334610072184,0.22212919844043919,0.8368305608682752,1.054164606309424,0.6319782741889592,0.016237617217649502,13,6,0.20816659994661327,2500,OLS_oracle,iid,False,5
9,2,2001,1,10001,True,226,False,100,0.8537373888613078,2.2123270398005843,0.12765268611551792,0.05844966140943529,0.4091914420113091,0.3948765545534598,0.9293521133867847,0.017236192322997772,13,6,0.20816659994661327,2500,OLS_oracle,iid,False,5
9,1,1001,8,80001,True,268,False,100,0.7893747089092475,2.7442967519164085,0.07498183908924393,0.03943963058338172,0.1965086435457445,0.27349945869032266,0.9624700937534083,0.016877713964517843,13,6,0.20816659994661327,2500,OLS_oracle,iid,False,5
9,2,2001,16,160001,True,199,False,100,0.5799721707897568,1.9355634697712958,0.15007009629434234,0.07328698243470963,0.47898051775902806,0.4224688856128452,0.9206209622365408,0.01707566506110864,13,6,0.20816659994661327,2500,OLS_oracle,iid,False,5
9,4,4001,11,110001,True,72,False,100,0.7202541355184574,0.8197437850758433,0.2860093929763893,0.15450097733201618,0.6887071329756367,0.7679161991705783,0.7260439702765185,0.01645822468802605,13,6,0.20816659994661327,2500,OLS_oracle,iid,False,5
9,1,1001,2,20001,True,168,False,100,0.5245446022168766,2.9558037421666086,0.2887269033075726,0.15639621141501542,0.82410932316181,0.7346222980011676,0.7616067627555516,0.01606537587557875,13,6,0.20816659994661327,2500,OLS_oracle,iid,False,5
8,6,6001,6,60001,True,323,False,100,0.4664033835932271,6.419506051111966,0.14220650016527206,0.08635784746153444,0.30932084148806205,0.3332024765424738,0.9446029980176112,0.009993359059792746,13,6,0.20816659994661327,2500,OLS_oracle,iid,False,5
8,9,9001,9,90001,True,228,False,100,0.6913889898175131,4.121922628954053,0.2985974064468647,0.18001507877826098,0.9066552108757342,0.6085804775435237,0.8351981941048757,0.009843187053768205,13,6,0.20816659994661327,2500,OLS_oracle,iid,False,5
9,3,3001,26,260001,True,109,False,100,0.6424308539801981,1.0791525398381054,0.33604465504308256,0.2049262966492656,0.8637963370229657,0.8604515632945389,0.7169229940730419,0.015737176405524477,13,6,0.20816659994661327,2500,OLS_oracle,iid,False,5
9,2,2001,21,210001,True,215,False,100,0.7562743325078647,1.9585561151616275,0.11195768562537656,0.06086826299210721,0.27935882682002333,0.316481421462277,0.9572820688232277,0.015901362620880467,13,6,0.20816659994661327,2500,OLS_oracle,iid,False,5
8,9,9001,17,170001,True,348,False,100,0.7049438404713185,3.986805049702525,0.15913468069851694,0.09478843122864924,0.3139418470310278,0.3646106907878496,0.9395704403384654,0.010015654301160226,13,6,0.20816659994661327,2500,OLS_oracle,iid,False,5
8,4,4001,7,70001,True,379,False,100,0.5712051884848673,7.591516085900366,0.0992473514232339,0.0604765516512001,0.19430888209739722,0.23984795944188148,0.972017088139155,0.008674367079292172,13,6,0.20816659994661327,2500,OLS_oracle,iid,False,5
8,9,9001,0,1,True,160,False,100,0.5768564420455111,4.506338112987578,0.3325493578713494,0.20945085830433957,0.8073220457279037,0.6751797386787886,0.8010076169366764,0.008953816473256462,13,6,0.20816659994661327,2500,OLS_oracle,iid,False,5
9,0,1,21,210001,True,331,False,100,0.7562743325078647,3.2588752489537,0.1511595167492075,0.07730547106941346,0.4527677515494387,0.3166480428509109,0.9540666397841583,0.015909814333000087,13,6,0.20816659994661327,2500,OLS_oracle,iid,False,5
9,4,4001,0,1,True,104,False,100,0.5768564420455111,1.1728370878845453,0.2852031765517022,0.14651733951644305,0.8033318081175203,0.6205020180059329,0.8341971687194912,0.016102837481050736,13,6,0.20816659994661327,2500,OLS_oracle,iid,False,5
9,3,3001,25,250001,True,135,False,100,0.8543597406519545,1.254273443017155,0.2907274985998271,0.15572580357911775,0.8271668164709468,0.7252227616879244,0.8137605782386035,0.015799647965040214,13,6,0.20816659994661327,2500,OLS_oracle,iid,False,5
9,0,1,13,130001,True,320,False,100,0.70273688421089,3.466686082072556,0.10143999400421953,0.05067639502910719,0.2692834643211648,0.3457857959276484,0.9432913715035125,0.01682089192661821,13,6,0.20816659994661327,2500,OLS_oracle,iid,False,5
9,0,1,26,260001,True,209,False,100,0.6424308539801981,3.234014519955963,0.15876599734376792,0.07736761429076643,0.47475364789494306,0.3514945454630229,0.9386488398152147,0.01595558354876425,13,6,0.20816659994661327,2500,OLS_oracle,iid,False,5
9,4,4001,3,30001,True,122,False,100,0.8534971502031466,1.207441050093621,0.3305739633247204,0.2036134300827399,0.8508187735527777,0.799763369366616,0.7697110197047905,0.016842479861715273,13,6,0.20816659994661327,2500,OLS_oracle,iid,False,5
9,0,1,10,100001,True,387,False,100,0.6962106876760279,3.689972368068993,0.258135532301992,0.13548409746251047,0.8977400936351437,0.47927340484111197,0.8906187851040209,0.01617466419345305,13,6,0.20816659994661327,2500,OLS_oracle,iid,False,5
8,9,9001,13,130001,True,262,False,100,0.70273688421089,4.292445625178516,0.27887250279393033,0.15904303140210396,1.0324484740238562,0.5841649625140526,0.8469573681460842,0.01069442377583617,13,6,0.20816659994661327,2500,OLS_oracle,iid,False,5
8,9,9001,8,80001,True,154,False,100,0.7893747089092475,4.438662434928119,0.36431380611745956,0.22675835404332093,1.0194439000252047,0.8025773307379888,0.750280417591794,0.00935976509735737,13,6,0.20816659994661327,2500,OLS_oracle,iid,False,5
8,9,9001,27,270001,True,139,False,100,0.6920673881305397,4.124666565097868,0.3329927628150535,0.20892436803214867,0.7560497644255373,0.7845056347333623,0.7294112806000592,0.00968780961001436,13,6,0.20816659994661327,2500,OLS_oracle,iid,False,5
9,4,4001,22,220001,True,88,False,100,0.7528364811080336,0.8738791337236762,0.33859598713455824,0.1946871973750148,1.2247776813391256,1.0980028740538594,0.6515780007612682,0.016325429478726446,13,6,0.20816659994661327,2500,OLS_oracle,iid,False,5
9,3,3001,22,220001,True,154,False,100,0.7528364811080336,1.5118198436684906,0.1410893640514316,0.06611352038517262,0.4568986402391474,0.38456979196304186,0.9276306790521198,0.016093687679780522,13,6,0.20816659994661327,2500,OLS_oracle,iid,False,5
9,2,2001,25,250001,True,105,False,100,0.8543597406519545,2.203943394124508,0.3178268674289825,0.18462529694670046,0.7938768234299235,0.7807720515053971,0.7547569469439622,0.01624437266040044,13,6,0.20816659994661327,2500,OLS_oracle,iid,False,5
9,2,2001,9,90001,True,266,False,100,0.6913889898175131,2.535089171025902,0.0728820679868229,0.03680616710049932,0.20700737436117245,0.2449337185984577,0.9712813335092071,0.01571496683100833,13,6,0.20816659994661327,2500,OLS_oracle,iid,False,5
9,3,3001,17,170001,True,179,False,100,0.5818745026674752,1.7019927948713303,0.1563256346922527,0.07238782955053284,0.47929185153102916,0.37178943182444857,0.9295115939368024,0.01582117413249681,13,6,0.20816659994661327,2500,OLS_oracle,iid,False,5
9,4,4001,1,10001,True,164,False,100,0.8537373888613078,1.5221149530261755,0.3174915793411152,0.1778892058119587,0.8826069891475685,0.6831190577197577,0.7941280265774651,0.01652796111961885,13,6,0.20816659994661327,2500,OLS_oracle,iid,False,5
9,0,1,19,190001,True,377,False,100,0.4516126195881712,3.692613114602864,0.10654131182672406,0.05421647172379297,0.3091405675258088,0.2561293660384265,0.967990577566233,0.016082670542598976,13,6,0.20816659994661327,2500,OLS_oracle,iid,False,5
9,2,2001,12,120001,True,265,False,100,0.4884498769419859,2.5801494200713933,0.0919352581717344,0.04148844496434583,0.27335955773657006,0.2404008003822135,0.9720486517857599,0.015556420665943049,13,6,0.20816659994661327,2500,OLS_oracle,iid,False,5
9,0,1,0,1,True,205,False,100,0.5768564420455111,4.1962529993616045,0.21673780680593993,0.11066443455917835,0.5754418635727464,0.47034934408742884,0.8908965799288111,0.015765873358907865,13,6,0.20816659994661327,2500,OLS_oracle,iid,False,5
9,5,5001,9,90001,True,75,False,100,0.6913889898175131,0.753352184779942,0.05103470104807569,0.025033288511204177,0.1533491034072051,0.20921501138047258,0.9780211740650613,0.015525001849583286,13,6,0.20816659994661327,2500,OLS_oracle,iid,False,5
9,3,3001,3,30001,True,248,False,100,0.8534971502031466,2.2485425281338394,0.1533261305543004,0.07734951836720363,0.46437106622547114,0.4099955377747588,0.9132227487901642,0.01767523054175069,13,6,0.20816659994661327,2500,OLS_oracle,iid,False,5
9,3,3001,24,240001,True,173,False,100,0.881706198732095,1.6806066250428557,0.14005924473687756,0.07321938579372515,0.36119499305913894,0.34085580595305687,0.9463686633813838,0.015685796639295195,13,6,0.20816659994661327,2500,OLS_oracle,iid,False,5
9,5,5001,6,60001,True,82,False,100,0.4664033835932271,0.8122809012420475,0.38687141560236515,0.23764563412761458,0.9745796007793985,1.0871702782205528,0.6142631362859797,0.015388341548259089,13,6,0.20816659994661327,2500,OLS_oracle,iid,False,5
9,3,3001,28,280001,True,80,False,100,0.8483447102745588,1.6157907210290432,0.33888237012708466,0.20043949354671547,0.7986968558966027,1.1501667694290587,0.48184192754644256,0.016043855796312467,13,6,0.20816659994661327,2500,OLS_oracle,iid,False,5
9,1,1001,12,120001,True,355,False,100,0.4884498769419859,3.3491103569976985,0.13197124759012777,0.06967211534781981,0.27759307868949434,0.26921619157239485,0.9635444931237462,0.015468571268640208,13,6,0.20816659994661327,2500,OLS_oracle,iid,False,5
9,2,2001,27,270001,True,264,False,100,0.6920673881305397,2.394223582930863,0.11306996400055827,0.0515264135187498,0.29337828182251036,0.3046505645719596,0.9530623373380671,0.01624148859045624,13,6,0.20816659994661327,2500,OLS_oracle,iid,False,5
9,2,2001,11,110001,True,278,False,100,0.7202541355184574,2.688070592004806,0.16573981153096598,0.0885512732900168,0.4071882250496123,0.4731966586931837,0.9118159059912707,0.016619889891467603,13,6,0.20816659994661327,2500,OLS_oracle,iid,False,5
9,2,2001,10,100001,True,91,False,100,0.6962106876760279,2.735473570879549,0.3573481817620087,0.2032704073162699,0.862586587216767,0.9476116871300888,0.7024211200215066,0.015691128192007534,13,6,0.20816659994661327,2500,OLS_oracle,iid,False,5
9,2,2001,8,80001,True,296,False,100,0.7893747089092475,2.848639494739473,0.10594027896222377,0.054229897991648915,0.27873436667026885,0.29863072944602503,0.9547530817372663,0.016144997557934894,13,6,0.20816659994661327,2500,OLS_oracle,iid,False,5
9,2,2001,26,260001,True,260,False,100,0.6424308539801981,2.5082373903132975,0.26369603918301615,0.1377481648903435,0.9287957597189254,0.5607376281528726,0.8433889300350939,0.015701379992111828,13,6,0.20816659994661327,2500,OLS_oracle,iid,False,5
9,4,4001,24,240001,True,121,False,100,0.881706198732095,1.1773006869480014,0.09263359434321478,0.041809236242655465,0.2629147169206577,0.27623870263147304,0.962164595993206,0.01593843051066978,13,6,0.20816659994661327,2500,OLS_oracle,iid,False,5
9,3,3001,10,100001,True,220,False,100,0.6962106876760279,2.133637599181384,0.07245728377539352,0.03845354453205349,0.166037246910464,0.270711688585546,0.9636412297215092,0.015656484154430075,13,6,0.20816659994661327,2500,OLS_oracle,iid,False,5
9,2,2001,19,190001,True,278,False,100,0.4516126195881712,2.707615348044783,0.1111332493278243,0.05666544057005983,0.30219756393232766,0.2389738373283187,0.9704686313089309,0.015749910997506746,13,6,0.20816659994661327,2500,OLS_oracle,iid,False,5
8,9,9001,26,260001,True,189,False,100,0.6424308539801981,4.574088691268116,0.2865297301132035,0.1738677865342852,0.783765244860549,0.59224086492999,0.8575286620285272,0.009056806052089129,13,6,0.20816659994661327,2500,OLS_oracle,iid,False,5
9,3,3001,8,80001,True,241,False,100,0.7893747089092475,2.247654995881021,0.09980773075369401,0.053821185560692965,0.24582883579935022,0.2918570135886073,0.9580639909357093,0.015940690223156345,13,6,0.20816659994661327,2500,OLS_oracle,iid,False,5
9,4,4001,27,270001,True,118,False,100,0.6920673881305397,1.1914223018102348,0.358996861880804,0.21393177108489636,0.8594598088049276,0.91229769245955,0.6858906460448314,0.016032744320317406,13,6,0.20816659994661327,2500,OLS_oracle,iid,False,5
9,5,5001,4,40001,True,117,False,100,0.6972834530448486,1.0789294019341469,0.419291684852036,0.2672497234655271,1.1721922354662446,1.478938390669847,0.3910628498631707,0.015196621652538538,13,6,0.20816659994661327,2500,OLS_oracle,iid,False,5
9,4,4001,19,190001,True,151,False,100,0.4516126195881712,1.4781340551562607,0.10820203263733749,0.05785196394450801,0.27260396496544703,0.2546915922786013,0.9691146014148333,0.015821601654901297,13,6,0.20816659994661327,2500,OLS_oracle,iid,False,5
9,5,5001,14,140001,True,92,False,100,0.8062078923370198,0.9388341968879104,0.3282608720569828,0.19195154518634933,0.9213053914165292,1.1190090864548368,0.494404471441635,0.017319458218731133,13,6,0.20816659994661327,2500,OLS_oracle,iid,False,5
8,9,9001,3,30001,True,220,False,100,0.9153607094015493,5.117045235820115,0.3289342538066084,0.19773550353349303,0.8632824916884196,0.8171744887513123,0.6540038318126598,0.014220730528564282,13,6,0.20816659994661327,2500,OLS_oracle,iid,False,5
9,5,5001,0,1,True,120,False,100,0.5768564420455111,1.2430210942402482,0.30288833572698465,0.16882121611465223,0.9546972944888622,0.6274759218724646,0.8448554282507899,0.015076250802682815,13,6,0.20816659994661327,2500,OLS_oracle,iid,False,5
9,3,3001,6,60001,True,217,False,100,0.4664033835932271,2.446733546908945,0.3222635053745431,0.1859137195020623,0.8680035513075377,0.6987386504961056,0.8126445479293211,0.01551341758660722,13,6,0.20816659994661327,2500,OLS_oracle,iid,False,5
8,9,9001,22,220001,True,297,False,100,0.7528364811080336,4.791380219627172,0.16040461931589944,0.09788357254357255,0.3238362415624604,0.32544080637998873,0.9495105280597139,0.009298269072678753,13,6,0.20816659994661327,2500,OLS_oracle,iid,False,5
9,2,2001,15,150001,True,304,False,100,0.6181341499417189,2.982750332914293,0.0820315185288928,0.042712395679086655,0.21984368514302002,0.2515765555232344,0.969923255207529,0.015949108000976986,13,6,0.20816659994661327,2500,OLS_oracle,iid,False,5
9,3,3001,12,120001,True,228,False,100,0.4884498769419859,2.3909886619076133,0.09406367599527984,0.04633768716576484,0.2516556863295378,0.23935863180619749,0.9720839423982421,0.0159359763886726,13,6,0.20816659994661327,2500,OLS_oracle,iid,False,5
9,5,5001,15,150001,True,117,False,100,0.6181341499417189,1.1442225612699986,0.37759156797584775,0.225815707660263,1.0445923274070987,0.8880327394902053,0.7599470414292625,0.015508126687983334,13,6,0.20816659994661327,2500,OLS_oracle,iid,False,5
9,2,2001,28,280001,True,311,False,100,0.8483447102745588,2.8366764113307,0.12392665236216337,0.06466918758828057,0.3115312412608954,0.3746925205644911,0.9412085551853472,0.0163454623943263,13,6,0.20816659994661327,2500,OLS_oracle,iid,False,5
9,4,4001,13,130001,True,196,False,100,0.70273688421089,1.8997886069118977,0.09777733902314925,0.049255502129032944,0.28286887965244656,0.3166678350180201,0.9489589728267225,0.01693239966514664,13,6,0.20816659994661327,2500,OLS_oracle,iid,False,5
9,2,2001,6,60001,True,350,False,100,0.4664033835932271,3.3220650372095406,0.1328584958752688,0.06875442081778785,0.3292995865471247,0.2977532857348157,0.9541897817832443,0.015560376988571033,13,6,0.20816659994661327,2500,OLS_oracle,iid,False,5
8,0,1,23,230001,True,394,False,100,0.8532989816508755,11.071218483150005,0.12485204857176417,0.06805211489412918,0.3071650011481513,0.30130983093570757,0.9544423833033757,0.009504992630154247,13,6,0.20816659994661327,2500,OLS_oracle,iid,False,5
9,5,5001,17,170001,True,123,False,100,0.5818745026674752,1.1933696838095784,0.09627520459868508,0.04315005406919976,0.3039868280230644,0.24176958294546272,0.9696387770834483,0.01591976087854524,13,6,0.20816659994661327,2500,OLS_oracle,iid,False,5
9,5,5001,22,220001,True,97,False,100,0.7528364811080336,1.1958141829818487,0.2912211560523643,0.16781067348615641,0.7535425246259527,0.9437182300229837,0.6294267619611875,0.01603960516002176,13,6,0.20816659994661327,2500,OLS_oracle,iid,False,5
9,3,3001,16,160001,True,119,False,100,0.5799721707897568,2.4821614818647504,0.32490743137657463,0.18832588818816254,1.0121888543464728,0.7803512869402907,0.7494385586675788,0.016400993533543295,13,6,0.20816659994661327,2500,OLS_oracle,iid,False,5
8,4,4001,8,80001,True,386,False,100,0.7893747089092475,8.711090837139636,0.11748286941506461,0.06887151981526812,0.26699907944460666,0.2832092739927636,0.9610420344045961,0.00907273444891348,13,6,0.20816659994661327,2500,OLS_oracle,iid,False,5
9,5,5001,3,30001,True,88,False,100,0.8534971502031466,1.5638367519713938,0.20902160329970143,0.10600584050935348,0.607130815169922,0.5779656082626664,0.8458304776360669,0.017343678959241934,13,6,0.20816659994661327,2500,OLS_oracle,iid,False,5
9,5,5001,18,180001,True,112,False,100,0.7180432388982687,1.298209713306278,0.393174049423862,0.2423797329955737,1.0179234477884989,1.0518760306407724,0.6315779523926406,0.01674524934251826,13,6,0.20816659994661327,2500,OLS_oracle,iid,False,5
9,6,6001,8,80001,True,86,False,100,0.7893747089092475,0.9113397509790957,0.3547654225395238,0.2125696178511555,0.9801907727907003,0.9186084129383044,0.7320587635837554,0.015830012479978513,13,6,0.20816659994661327,2500,OLS_oracle,iid,False,5
8,8,8001,4,40001,True,320,False,100,0.7846581871320228,6.367114556953311,0.20331783809806275,0.11896383922827584,0.5209919633475719,0.43982202551990746,0.9037983305629448,0.010689888595232852,13,6,0.20816659994661327,2500,OLS_oracle,iid,False,5
9,5,5001,23,230001,True,132,False,100,0.8532989816508755,1.2937922421842813,0.12564613180451237,0.065407649053177,0.32414225784689843,0.2996952151217288,0.9532059314128831,0.01635906787082175,13,6,0.20816659994661327,2500,OLS_oracle,iid,False,5
9,5,5001,26,260001,True,130,False,100,0.6424308539801981,1.2506269458681345,0.33398381666495547,0.19836972079284118,0.7221493704182005,1.1920066946731986,0.41524847927192465,0.015424608449477208,13,6,0.20816659994661327,2500,OLS_oracle,iid,False,5
9,5,5001,7,70001,True,156,False,100,0.47045938648362173,1.517668442800641,0.06813767518741644,0.03422232139780835,0.1575056760120399,0.20780404030987537,0.9777997488135948,0.015905687491110994,13,6,0.20816659994661327,2500,OLS_oracle,iid,False,5
9,4,4001,25,250001,True,185,False,100,0.8543597406519545,1.7972933477722108,0.052616834025657394,0.02768114568278329,0.1318227680366566,0.24559356747321537,0.9687120367816432,0.016513881648910943,13,6,0.20816659994661327,2500,OLS_oracle,iid,False,5
9,4,4001,18,180001,True,181,False,100,0.7180432388982687,2.060689846985042,0.2584401661882295,0.14297461313488122,0.7524427180971195,0.5449174971012112,0.8657639310037943,0.0170742553207772,13,6,0.20816659994661327,2500,OLS_oracle,iid,False,5
9,6,6001,3,30001,True,119,False,100,0.8534971502031466,1.1928168791346252,0.13086624161387103,0.06877603148699273,0.3274157635374816,0.4279233880663156,0.9152403059396426,0.01692952501672507,13,6,0.20816659994661327,2500,OLS_oracle,iid,False,5
9,3,3001,13,130001,True,300,False,100,0.70273688421089,2.741677455138415,0.18968780539226432,0.09081004403712177,0.5024660268752225,0.4295179042838294,0.9028861960140084,0.01725359773198113,13,6,0.20816659994661327,2500,OLS_oracle,iid,False,5
9,3,3001,29,290001,True,259,False,100,0.41199817173291603,2.4975037747062743,0.06463239713461742,0.029943625852427123,0.19240989472443026,0.20101415927129268,0.9799415499393206,0.015343782365759284,13,6,0.20816659994661327,2500,OLS_oracle,iid,False,5
9,4,4001,7,70001,True,245,False,100,0.47045938648362173,2.3585821501910686,0.07004873077420194,0.0349818370335346,0.1926433539048201,0.19663059167122132,0.9806731732951126,0.015081416428004198,13,6,0.20816659994661327,2500,OLS_oracle,iid,False,5
9,6,6001,4,40001,True,129,False,100,0.6972834530448486,1.249076270032674,0.2912726208250327,0.15336552979630996,0.862795359575336,0.6340126467943605,0.8309431453581494,0.015390498065367915,13,6,0.20816659994661327,2500,OLS_oracle,iid,False,5
9,7,7001,10,100001,True,54,False,100,0.6962106876760279,0.6178556890226901,0.31072237797932456,0.17850621296576058,0.7533200569760311,1.0938258281949167,0.49289857928226766,0.016082081731261834,13,6,0.20816659994661327,2500,OLS_oracle,iid,False,5
9,1,1001,0,1,True,389,False,100,0.5768564420455111,4.484400367829949,0.08077700942609561,0.040310770263457404,0.22184801333898121,0.24034476420905684,0.9716278872545714,0.015653887046603355,13,6,0.20816659994661327,2500,OLS_oracle,iid,False,5
9,4,4001,26,260001,True,201,False,100,0.6424308539801981,1.9584925058297813,0.25480764229114605,0.14065832330111805,0.7254949035080382,0.5290887044032558,0.8763489397699986,0.016026249290358594,13,6,0.20816659994661327,2500,OLS_oracle,iid,False,5
9,6,6001,28,280001,True,76,False,100,0.8483447102745588,0.831544210202992,0.3654012967537589,0.222863791525306,0.9345174245278673,1.3181132329279208,0.3915825452982884,0.01647255802217741,13,6,0.20816659994661327,2500,OLS_oracle,iid,False,5
9,6,6001,21,210001,True,101,False,100,0.7562743325078647,0.9782509971410036,0.32846716426038286,0.20936632716309028,0.7502978799211585,0.8773627159709564,0.7817305424668736,0.015751996267292758,13,6,0.20816659994661327,2500,OLS_oracle,iid,False,5
9,6,6001,24,240001,True,110,False,100,0.881706198732095,0.9957833108492196,0.24058305067403957,0.11853078999992787,0.8658031854950974,0.571882180821565,0.8510113574319997,0.016125819223209065,13,6,0.20816659994661327,2500,OLS_oracle,iid,False,5
9,6,6001,10,100001,True,93,False,100,0.6962106876760279,1.2314175958745182,0.3541589451068707,0.21217158597488844,1.0168011357517128,1.0384852184011746,0.6691530410235148,0.01657073847804558,13,6,0.20816659994661327,2500,OLS_oracle,iid,False,5
9,7,7001,12,120001,True,68,False,100,0.4884498769419859,0.6693131220526993,0.38373936387814395,0.25288540415349076,1.0780170137024,1.0594800290018902,0.6610599712003745,0.015470173837816969,13,6,0.20816659994661327,2500,OLS_oracle,iid,False,5
9,6,6001,23,230001,True,109,False,100,0.8532989816508755,1.0484127327799797,0.32458498818026776,0.20557323201235417,0.7641267315110047,0.883037352413999,0.664445883270029,0.015695492346628256,13,6,0.20816659994661327,2500,OLS_oracle,iid,False,5
9,6,6001,27,270001,True,101,False,100,0.6920673881305397,0.9860932771116495,0.22190883810203021,0.10634132664554466,0.7352682596672212,0.46202510601691177,0.9058715534356792,0.015992970472643746,13,6,0.20816659994661327,2500,OLS_oracle,iid,False,5
9,5,5001,16,160001,True,118,False,100,0.5799721707897568,1.7403826131485403,0.26865452265627826,0.14665527393912975,0.7616720956146658,1.0190511298354608,0.5029659832689154,0.016884950580680326,13,6,0.20816659994661327,2500,OLS_oracle,iid,False,5
9,6,6001,25,250001,True,108,False,100,0.8543597406519545,1.0452704010531306,0.2618886182931695,0.13102883058205103,1.0266171990361583,0.5166150827688216,0.8578273412565194,0.016513610593252778,13,6,0.20816659994661327,2500,OLS_oracle,iid,False,5
9,5,5001,28,280001,True,50,False,100,0.8483447102745588,1.543004457373172,0.3352615956252984,0.19348713004813012,1.2318508874289784,1.0149406643271375,0.7071308156639163,0.016174196170741163,13,6,0.20816659994661327,2500,OLS_oracle,iid,False,5
9,4,4001,4,40001,True,212,False,100,0.6972834530448486,2.6558306282386184,0.10123312526567425,0.05383582540772194,0.2371449475189714,0.2506974185853482,0.9668658508705462,0.015528851765410051,13,6,0.20816659994661327,2500,OLS_oracle,iid,False,5
9,3,3001,23,230001,True,291,False,100,0.8532989816508755,2.813835933804512,0.09185992631001064,0.04549240806812101,0.2755282370120273,0.2784916548664947,0.9622961895785578,0.016017619257698866,13,6,0.20816659994661327,2500,OLS_oracle,iid,False,5
9,4,4001,6,60001,True,284,False,100,0.4664033835932271,2.6319813900627196,0.22978640922933347,0.11949981428895241,0.6752438759466707,0.44769264898810984,0.9022096130683963,0.015754791840176873,13,6,0.20816659994661327,2500,OLS_oracle,iid,False,5
9,6,6001,15,150001,True,86,False,100,0.6181341499417189,1.1705778678879142,0.3493024599154826,0.20822840447921806,1.0260771095741195,0.8115510850748362,0.7692974007685962,0.01540301319340993,13,6,0.20816659994661327,2500,OLS_oracle,iid,False,5
8,8,8001,25,250001,True,292,False,100,0.8543597406519545,6.31481228210032,0.1146693868875859,0.06324380868430922,0.25722773003818905,0.3877657238228504,0.9309500285920972,0.010281473863007701,13,6,0.20816659994661327,2500,OLS_oracle,iid,False,5
9,2,2001,20,200001,True,383,False,100,0.7441070845880903,3.7216373970732093,0.1446114411926687,0.0770671634408502,0.38140456601521716,0.3422127254416013,0.9468080686498264,0.015874263785166716,13,6,0.20816659994661327,2500,OLS_oracle,iid,False,5
9,6,6001,2,20001,True,132,False,100,0.5245446022168766,1.564771685283631,0.2133937708599303,0.10712462160049352,0.6377522505339053,0.5035908930388504,0.8814100661060073,0.01597842746600709,13,6,0.20816659994661327,2500,OLS_oracle,iid,False,5
8,7,7001,27,270001,True,218,False,100,0.6920673881305397,7.076019906904548,0.3339962466159114,0.21040255436027666,0.8583827901427511,0.6645996334913625,0.8398033858202469,0.009715705380676308,13,6,0.20816659994661327,2500,OLS_oracle,iid,False,5
9,4,4001,10,100001,True,278,False,100,0.6962106876760279,2.6970189115963876,0.091052882213035,0.04684627798043563,0.23154397600476043,0.3002883284027835,0.957636255520539,0.01595851279462551,13,6,0.20816659994661327,2500,OLS_oracle,iid,False,5
9,4,4001,12,120001,True,267,False,100,0.4884498769419859,2.6929373182356358,0.07794919129540999,0.03773544203937035,0.20807605598461573,0.21399863173964218,0.9771607724234708,0.01568607937419305,13,6,0.20816659994661327,2500,OLS_oracle,iid,False,5
9,5,5001,27,270001,True,183,False,100,0.6920673881305397,1.7617082740180194,0.2882538408777418,0.15232906427462806,1.131344733353489,0.6714677761069543,0.8297388765165397,0.0163926849447724,13,6,0.20816659994661327,2500,OLS_oracle,iid,False,5
9,1,1001,4,40001,True,212,False,100,0.6972834530448486,4.764020354021341,0.09792158393820405,0.048113932035900524,0.2980495630034714,0.26312098189195077,0.966968427218449,0.015466752274648542,13,6,0.20816659994661327,2500,OLS_oracle,iid,False,5
9,6,6001,14,140001,True,145,False,100,0.8062078923370198,1.3685166179202497,0.1932908127877633,0.10263389151723062,0.5073760031988662,0.853036736111193,0.5782632604542621,0.017276358369624524,13,6,0.20816659994661327,2500,OLS_oracle,iid,False,5
9,6,6001,16,160001,True,107,False,100,0.5799721707897568,1.3383775372058153,0.3142009713869183,0.18417454451059692,0.7682924110742068,1.026142006956165,0.5124987133493805,0.016244621383995045,13,6,0.20816659994661327,2500,OLS_oracle,iid,False,5
9,7,7001,16,160001,True,86,False,100,0.5799721707897568,0.8590618651360273,0.33417650331477955,0.19526657970881933,0.8921114154621659,0.7955410885615397,0.7676173471659381,0.016845219621532518,13,6,0.20816659994661327,2500,OLS_oracle,iid,False,5
9,3,3001,5,50001,True,236,False,100,0.7275820555803119,3.5071507026441395,0.18846484285072926,0.09528228262136623,0.5643693100709688,0.3964969838169041,0.9227950474788702,0.015150868949037385,13,6,0.20816659994661327,2500,OLS_oracle,iid,False,5
9,4,4001,8,80001,True,310,False,100,0.7893747089092475,2.800543311983347,0.14631913945726935,0.07838173437093127,0.33298368565325237,0.3489162300800022,0.9438755066602054,0.016404839123166877,13,6,0.20816659994661327,2500,OLS_oracle,iid,False,5
9,6,6001,1,10001,True,196,False,100,0.8537373888613078,1.7863331260159612,0.1379076749467534,0.0718196783831821,0.40020149519091686,0.4689654610065527,0.9102737808948661,0.01701037355571045,13,6,0.20816659994661327,2500,OLS_oracle,iid,False,5
9,7,7001,6,60001,True,120,False,100,0.4664033835932271,1.1589688207022846,0.35201343689583864,0.2107052808922089,0.8298359172333184,0.856318701914281,0.7413933361312224,0.015832487495280864,13,6,0.20816659994661327,2500,OLS_oracle,iid,False,5
9,5,5001,24,240001,True,204,False,100,0.881706198732095,1.9569065100513399,0.05108140986318448,0.026000167857148024,0.12762185662880782,0.27072017583241353,0.9631781438680724,0.015976242841997168,13,6,0.20816659994661327,2500,OLS_oracle,iid,False,5
9,4,4001,9,90001,True,297,False,100,0.6913889898175131,2.878249742090702,0.0971166058756878,0.047895147735446925,0.24827730301445047,0.25479838462952475,0.967575439001926,0.01568351379887356,13,6,0.20816659994661327,2500,OLS_oracle,iid,False,5
9,4,4001,14,140001,True,145,False,100,0.8062078923370198,2.8415592880919576,0.20636503912961715,0.09619684854094504,0.7389273794536875,0.5220107825371254,0.8619651453407893,0.016785254738843583,13,6,0.20816659994661327,2500,OLS_oracle,iid,False,5
8,8,8001,6,60001,True,432,False,100,0.4664033835932271,7.089668746106327,0.12888629053100287,0.07621875893087159,0.2618450962795765,0.30184230804460965,0.9523871727871522,0.009412536999317676,13,6,0.20816659994661327,2500,OLS_oracle,iid,False,5
9,4,4001,5,50001,True,313,False,100,0.7275820555803119,3.0165431331843138,0.10743246278077831,0.059329648555543776,0.2391529752408645,0.27220605688138555,0.9645035705403372,0.016421671675329104,13,6,0.20816659994661327,2500,OLS_oracle,iid,False,5
9,6,6001,18,180001,True,138,False,100,0.7180432388982687,1.555436747148633,0.2810918087175974,0.15571521486154774,0.6617734614287256,0.7500236223220287,0.7939426574242452,0.016725814841583284,13,6,0.20816659994661327,2500,OLS_oracle,iid,False,5
9,6,6001,12,120001,True,179,False,100,0.4884498769419859,1.7097845352254808,0.07110046926871702,0.038132236607475896,0.15789732214581884,0.21025014262702552,0.9782453695085102,0.015519213823992717,13,6,0.20816659994661327,2500,OLS_oracle,iid,False,5
9,4,4001,2,20001,True,325,False,100,0.5245446022168766,3.1628341716714203,0.08112569686240209,0.043568041925169304,0.20359347837039168,0.27518420750875766,0.9616943542957141,0.015948212747903256,13,6,0.20816659994661327,2500,OLS_oracle,iid,False,5
9,0,1,4,40001,True,248,False,100,0.6972834530448486,5.827827519271523,0.07702167117122506,0.03642017945607857,0.2120197392251668,0.22023418214978274,0.9752050081602086,0.015923509264494543,13,6,0.20816659994661327,2500,OLS_oracle,iid,False,5
9,7,7001,24,240001,True,98,False,100,0.881706198732095,0.9571338738314807,0.05365645048029979,0.027456498075261015,0.13794488647989603,0.25210868274907366,0.9658658865176254,0.01584119536457306,13,6,0.20816659994661327,2500,OLS_oracle,iid,False,5
9,6,6001,7,70001,True,102,False,100,0.47045938648362173,1.9174518599174917,0.26935464669531184,0.13509166180602608,0.7695037931216495,0.5459847762725898,0.8587978799971911,0.015309813725518488,13,6,0.20816659994661327,2500,OLS_oracle,iid,False,5
9,6,6001,11,110001,True,138,False,100,0.7202541355184574,1.8680115900933743,0.23447716592402804,0.11865578199805994,0.7217597118136672,0.5136279377055949,0.8853763101182139,0.016298616542162178,13,6,0.20816659994661327,2500,OLS_oracle,iid,False,5
9,7,7001,4,40001,True,156,False,100,0.6972834530448486,1.51322829304263,0.08279126039922201,0.041048549554402396,0.2427956427371221,0.22529232518864442,0.9744043436441929,0.016158814168796824,13,6,0.20816659994661327,2500,OLS_oracle,iid,False,5
9,5,5001,13,130001,True,215,False,100,0.70273688421089,2.42161038890481,0.28014395174713563,0.151780410398216,0.7549878115097606,0.5747962100201196,0.8366293360725778,0.0163058763501756,13,6,0.20816659994661327,2500,OLS_oracle,iid,False,5
9,4,4001,28,280001,True,284,False,100,0.8483447102745588,2.710734921041876,0.09275031233433813,0.04773371465689991,0.22231066899585072,0.2924995647598958,0.9595313128604617,0.016237464275683736,13,6,0.20816659994661327,2500,OLS_oracle,iid,False,5
9,7,7001,11,110001,True,150,False,100,0.7202541355184574,1.377444179262966,0.25155031843558506,0.12777464561848204,0.8302907685519664,0.5588803575697352,0.8733973577803882,0.01641976935055694,13,6,0.20816659994661327,2500,OLS_oracle,iid,False,5
9,7,7001,19,190001,True,122,False,100,0.4516126195881712,1.1988672860898077,0.2667211157052145,0.1309208723609793,0.7911080343985905,0.5489259339190701,0.8593553047299881,0.015360268341684104,13,6,0.20816659994661327,2500,OLS_oracle,iid,False,5
9,1,1001,19,190001,True,259,False,100,0.4516126195881712,4.969835614319891,0.23393595151377222,0.11452018043292136,0.6380392058763189,0.4742299912432112,0.8900565443119232,0.015492031689665082,13,6,0.20816659994661327,2500,OLS_oracle,iid,False,5
9,1,1001,24,240001,True,203,False,100,0.881706198732095,4.909452171064913,0.07633696506402192,0.040448268194982186,0.1966952722520884,0.3065505490801162,0.9581278977736574,0.016257878211950592,13,6,0.20816659994661327,2500,OLS_oracle,iid,False,5
9,4,4001,17,170001,True,237,False,100,0.5818745026674752,3.0864633517339826,0.26581533996982104,0.14414382306504214,0.754617585571116,0.5428427546479475,0.8598479110223517,0.015561718656522582,13,6,0.20816659994661327,2500,OLS_oracle,iid,False,5
9,4,4001,21,210001,True,294,False,100,0.7562743325078647,2.964444485027343,0.08517038343638224,0.04500236567498043,0.2306887406838386,0.2818229034049386,0.9633183500773003,0.01602635893877478,13,6,0.20816659994661327,2500,OLS_oracle,iid,False,5
8,9,9001,29,290001,True,354,False,100,0.4506492653593405,6.12519021704793,0.14784544966572472,0.08255436284667796,0.38228755232037176,0.28904390027692933,0.9574977833368852,0.008431481203408243,13,6,0.20816659994661327,2500,OLS_oracle,iid,False,5
9,4,4001,23,230001,True,306,False,100,0.8532989816508755,2.9720515576191247,0.07667748189888343,0.03744913740207078,0.19536949462751677,0.2559174927426184,0.9653820765204739,0.016534113610818253,13,6,0.20816659994661327,2500,OLS_oracle,iid,False,5
9,5,5001,19,190001,True,263,False,100,0.4516126195881712,2.5493854051455855,0.16204066686209612,0.08112800930373079,0.4729657741249579,0.3435540220342174,0.9423565655492485,0.015444878633980546,13,6,0.20816659994661327,2500,OLS_oracle,iid,False,5
9,8,8001,25,250001,True,78,False,100,0.8543597406519545,0.7397626051679254,0.3517439853370411,0.21090527001210843,0.8739165477718981,1.0962877924208436,0.5755489836654123,0.016066109301245496,13,6,0.20816659994661327,2500,OLS_oracle,iid,False,5
9,3,3001,15,150001,True,200,False,100,0.6181341499417189,3.8430991284549236,0.08125204872890841,0.04477863693217905,0.16294016986575321,0.2441252029712,0.9719774686831928,0.015109959701448414,13,6,0.20816659994661327,2500,OLS_oracle,iid,False,5
8,4,4001,22,220001,True,415,False,100,0.7528364811080336,9.728633464314044,0.11048383328495126,0.06624217306946377,0.22221629180693578,0.2934599801761386,0.9603987758544209,0.009360372550415112,13,6,0.20816659994661327,2500,OLS_oracle,iid,False,5
9,8,8001,7,70001,True,109,False,100,0.47045938648362173,1.0725761489011347,0.31557889579024057,0.17276701164463998,0.8318556435921844,0.6940116687073019,0.8233212181604999,0.01507037730542112,13,6,0.20816659994661327,2500,OLS_oracle,iid,False,5
9,7,7001,5,50001,True,146,False,100,0.7275820555803119,1.7725690179504454,0.24782063231492432,0.12936205734727996,0.8460906072697737,0.517617063099989,0.8746207903787517,0.015765225324925115,13,6,0.20816659994661327,2500,OLS_oracle,iid,False,5
9,4,4001,16,160001,True,176,False,100,0.5799721707897568,3.3348927428014576,0.1270373276096765,0.06997061219316619,0.2658633957624503,0.3647833846182663,0.9351212903530779,0.017186725009221148,13,6,0.20816659994661327,2500,OLS_oracle,iid,False,5
9,6,6001,13,130001,True,204,False,100,0.70273688421089,2.161610580049455,0.1009047596064622,0.052156010934293735,0.2858309574773454,0.31122367010135354,0.9491731689706452,0.016238466617393907,13,6,0.20816659994661327,2500,OLS_oracle,iid,False,5
9,5,5001,2,20001,True,309,False,100,0.5245446022168766,2.967948693782091,0.0911490889389218,0.04960605797429511,0.20675094996153034,0.29074168417786644,0.9590507272388687,0.016256547637931808,13,6,0.20816659994661327,2500,OLS_oracle,iid,False,5
9,8,8001,0,1,True,131,False,100,0.5768564420455111,1.2990239961072803,0.3285360653427558,0.1830197025066322,0.8939136846751761,0.7263079749273368,0.8065681860501408,0.015454038700379924,13,6,0.20816659994661327,2500,OLS_oracle,iid,False,5
9,8,8001,11,110001,True,108,False,100,0.7202541355184574,1.0635521188378334,0.36360988157301444,0.21777871939183813,0.9804300696700933,0.9723516536796947,0.6489298873493221,0.016279807252531888,13,6,0.20816659994661327,2500,OLS_oracle,iid,False,5
9,7,7001,29,290001,True,135,False,100,0.41199817173291603,1.330654394812882,0.3339081575387678,0.19523381665546632,0.9986792870709049,0.7719663636548797,0.8103836604445573,0.0151815873652747,13,6,0.20816659994661327,2500,OLS_oracle,iid,False,5
9,5,5001,29,290001,True,209,False,100,0.41199817173291603,2.5297615686431527,0.06158863905903159,0.03101180559364987,0.17706684255687496,0.19917095238326657,0.9802768099993151,0.015449094381212133,13,6,0.20816659994661327,2500,OLS_oracle,iid,False,5
9,8,8001,5,50001,True,116,False,100,0.7275820555803119,1.2213040166534483,0.3178127062100104,0.17466869935539273,0.8459868139421607,0.73996952534562,0.8015985838848312,0.015910714150849856,13,6,0.20816659994661327,2500,OLS_oracle,iid,False,5
9,7,7001,13,130001,True,155,False,100,0.70273688421089,1.6895518661476672,0.29091183741406207,0.15968077842327635,0.7209426270786822,0.6808512926367951,0.7979132543405092,0.01683038302107623,13,6,0.20816659994661327,2500,OLS_oracle,iid,False,5
9,9,9001,2,20001,True,81,False,100,0.5245446022168766,0.8382397405803204,0.27805657720243576,0.14659144654872913,1.0407401095492455,0.5901761591075719,0.8231581496438772,0.016382862460373408,13,6,0.20816659994661327,2500,OLS_oracle,iid,False,5
9,3,3001,20,200001,True,413,False,100,0.7441070845880903,4.001510430127382,0.15934378868133645,0.08050932482306432,0.4414475223157895,0.36500504872984424,0.9378057315375912,0.016113494188141887,13,6,0.20816659994661327,2500,OLS_oracle,iid,False,5
9,5,5001,20,200001,True,285,False,100,0.7441070845880903,2.8092028847895563,0.1668516924273539,0.08610767604417872,0.433548016597613,0.3536832674439562,0.938628340346048,0.01596322357490314,13,6,0.20816659994661327,2500,OLS_oracle,iid,False,5
9,9,9001,7,70001,True,86,False,100,0.47045938648362173,0.8072646460495889,0.3090224020409703,0.1755285250658239,0.8549403170868619,0.7324992611400656,0.7972922225739516,0.014533958334051385,13,6,0.20816659994661327,2500,OLS_oracle,iid,False,5
9,8,8001,13,130001,True,119,False,100,0.70273688421089,1.174824370071292,0.34682351259035266,0.20989650750059122,0.8064182300847227,0.9263343255029823,0.7337617213636787,0.016567872255708903,13,6,0.20816659994661327,2500,OLS_oracle,iid,False,5
9,9,9001,10,100001,True,79,False,100,0.6962106876760279,0.793111122213304,0.3050411578044994,0.16938241631027123,0.8157954319005924,0.8551059744140634,0.7124584189304148,0.015837769233053255,13,6,0.20816659994661327,2500,OLS_oracle,iid,False,5
9,8,8001,3,30001,True,118,False,100,0.8534971502031466,1.4056849484331906,0.24452257440099037,0.11658054825386732,0.8116735291724436,0.5241322617378773,0.8659419208616046,0.017199238437890518,13,6,0.20816659994661327,2500,OLS_oracle,iid,False,5
9,3,3001,0,1,True,442,False,100,0.5768564420455111,4.619109760969877,0.13919814190326701,0.07527808113756786,0.3206433098836133,0.30219003443659587,0.9569495896901083,0.015887147461629787,13,6,0.20816659994661327,2500,OLS_oracle,iid,False,5
9,8,8001,27,270001,True,97,False,100,0.6920673881305397,1.0379587761126459,0.3071232740490518,0.17798845013369904,0.8385751655606423,1.0611426561324149,0.5027290772899615,0.016728573790093158,13,6,0.20816659994661327,2500,OLS_oracle,iid,False,5
9,7,7001,2,20001,True,103,False,100,0.5245446022168766,2.0825204425491393,0.3684764151904856,0.22310971128894425,0.9346032569228191,1.0664955175889788,0.6000489089119767,0.015951375890299144,13,6,0.20816659994661327,2500,OLS_oracle,iid,False,5
9,9,9001,14,140001,True,79,False,100,0.8062078923370198,0.7395907868631184,0.27374136239626706,0.15457071255548757,0.6763944250870658,0.8295096911851997,0.6938413135527346,0.017228983283530955,13,6,0.20816659994661327,2500,OLS_oracle,iid,False,5
8,9,9001,28,280001,True,256,False,100,0.8483447102745588,6.608996886759996,0.1607477621269865,0.09667169324332885,0.37605298945409193,0.42056452791155097,0.9191520774536016,0.01021486456067469,13,6,0.20816659994661327,2500,OLS_oracle,iid,False,5
9,8,8001,26,260001,True,114,False,100,0.6424308539801981,1.1200321158394217,0.28613188521359006,0.1624358104636892,0.8462207546666645,0.9864726321812467,0.5349054475147338,0.016486316124557615,13,6,0.20816659994661327,2500,OLS_oracle,iid,False,5
9,7,7001,27,270001,True,120,False,100,0.6920673881305397,1.5935155488550663,0.3068050941728965,0.17584712598597818,0.8546400714999314,1.0756169723466351,0.4799697148289077,0.0159095480649996,13,6,0.20816659994661327,2500,OLS_oracle,iid,False,5
10,0,1,3,30001,True,64,False,100,0.8534971502031466,0.41634069103747606,0.29515341076994334,0.14735075013186544,0.9342753990497302,0.9150190638626227,0.6878005713998369,0.023174054456469875,13,6,0.20816659994661327,2500,OLS_oracle,iid,False,5
9,8,8001,8,80001,True,153,False,100,0.7893747089092475,1.4911756976507604,0.11961533427574658,0.061956996944060636,0.3288759421347762,0.2894584873368292,0.95726114046182,0.01624140499959775,13,6,0.20816659994661327,2500,OLS_oracle,iid,False,5
9,7,7001,1,10001,True,201,False,100,0.8537373888613078,2.270344423595816,0.27837554299378525,0.15688063134736577,0.6066897557406402,0.7901304206983285,0.7324005901717877,0.017314668187836273,13,6,0.20816659994661327,2500,OLS_oracle,iid,False,5
9,1,1001,6,60001,True,454,False,100,0.4664033835932271,5.857823933009058,0.11004441435423844,0.05251125045437282,0.32756690403683864,0.27058612778376834,0.96214180819674,0.015749640383713372,13,6,0.20816659994661327,2500,OLS_oracle,iid,False,5
9,5,5001,25,250001,True,284,False,100,0.8543597406519545,2.992649795021862,0.05958375663206178,0.030248050848396716,0.17451451494121717,0.27303310379922985,0.9632832647931118,0.015838430707522826,13,6,0.20816659994661327,2500,OLS_oracle,iid,False,5
9,9,9001,25,250001,True,78,False,100,0.8543597406519545,0.7790109580382705,0.31807985683213713,0.18549426901255758,0.742602680846485,1.0141768828087696,0.5978365961044662,0.016016697531344472,13,6,0.20816659994661327,2500,OLS_oracle,iid,False,5
9,5,5001,12,120001,True,165,False,100,0.4884498769419859,3.2591458461247385,0.29365449157942125,0.1527398764683442,1.0315096291909807,0.6572186159358788,0.8078738052720101,0.015973489181809578,13,6,0.20816659994661327,2500,OLS_oracle,iid,False,5
9,9,9001,0,1,True,90,False,100,0.5768564420455111,1.2682418902404606,0.2991819793463296,0.1612045708059388,1.2566840214849044,0.7434841574539666,0.8328033763436373,0.01580825468305007,13,6,0.20816659994661327,2500,OLS_oracle,iid,False,5
9,8,8001,24,240001,True,88,False,100,0.881706198732095,1.3908082311972976,0.36050016659443596,0.2032089339742454,1.1389832816298975,0.9618698841031686,0.6993457656543167,0.016276379488825373,13,6,0.20816659994661327,2500,OLS_oracle,iid,False,5
9,7,7001,21,210001,True,115,False,100,0.7562743325078647,1.9193420130759478,0.374938004595985,0.2508526188246547,1.0129682954176387,1.2008690327300244,0.46674785658506396,0.015199874220746324,13,6,0.20816659994661327,2500,OLS_oracle,iid,False,5
9,9,9001,3,30001,True,134,False,100,0.8534971502031466,1.264356424100697,0.28377445228781545,0.1492406648760743,0.9849532256675011,0.6819545790901484,0.8288153490323583,0.01726254483246478,13,6,0.20816659994661327,2500,OLS_oracle,iid,False,5
9,9,9001,9,90001,True,120,False,100,0.6913889898175131,1.2062492412514985,0.36197691652694325,0.21859332561829584,0.830639900850561,0.8656520349582779,0.7550964253180843,0.01621920860879508,13,6,0.20816659994661327,2500,OLS_oracle,iid,False,5
9,8,8001,14,140001,True,144,False,100,0.8062078923370198,1.5557056348770857,0.16483912589476715,0.08143506702467261,0.4407533338495416,0.44302256030376713,0.8968163456577477,0.016895225011862244,13,6,0.20816659994661327,2500,OLS_oracle,iid,False,5
9,7,7001,22,220001,True,194,False,100,0.7528364811080336,1.995973673183471,0.09157511236807901,0.0491643557793762,0.21792228464043406,0.27383554500182544,0.9608821021582268,0.015791431546988147,13,6,0.20816659994661327,2500,OLS_oracle,iid,False,5
10,0,1,15,150001,True,60,False,100,0.6181341499417189,0.5118540120311081,0.2604953044212715,0.11197649723759252,1.0111318386240917,0.6313565285654313,0.8168623716755435,0.022051411820457972,13,6,0.20816659994661327,2500,OLS_oracle,iid,False,5
9,5,5001,10,100001,True,328,False,100,0.6962106876760279,3.4502091794274747,0.06777676779284705,0.03680429643563139,0.165830479991869,0.25900408582615175,0.966083654494845,0.016133612716946664,13,6,0.20816659994661327,2500,OLS_oracle,iid,False,5
9,4,4001,15,150001,True,403,False,100,0.6181341499417189,4.052073060069233,0.07112399306333653,0.03631572039591657,0.1713725852416438,0.21687432589885008,0.9759722113140357,0.015058273602311045,13,6,0.20816659994661327,2500,OLS_oracle,iid,False,5
10,0,1,4,40001,True,90,False,100,0.35763954206304416,0.7568003037013113,0.3199602454913561,0.16680024213220476,0.8652968665877243,0.968826239458652,0.6938064358367174,0.022420966491676048,13,6,0.20816659994661327,2500,OLS_oracle,iid,False,5
9,9,9001,18,180001,True,117,False,100,0.7180432388982687,1.0957437418401241,0.3598418663579956,0.21603788582187824,0.8617156289131013,0.9042586021244869,0.7270751355015014,0.01649839970060485,13,6,0.20816659994661327,2500,OLS_oracle,iid,False,5
9,6,6001,5,50001,True,315,False,100,0.7275820555803119,3.0941000529564917,0.09238722868378246,0.04555127462971099,0.2680343989032879,0.24754688541544212,0.9688086338438696,0.015907322163543312,13,6,0.20816659994661327,2500,OLS_oracle,iid,False,5
9,6,6001,9,90001,True,305,False,100,0.6913889898175131,2.9852444110438228,0.07634722061549863,0.041749504901400836,0.1562599961968687,0.24482140494430435,0.9713138086976263,0.01567647443980412,13,6,0.20816659994661327,2500,OLS_oracle,iid,False,5
9,6,6001,26,260001,True,96,False,100,0.6424308539801981,2.7129500610753894,0.2747047067194519,0.1398003100429495,0.9072391022886931,0.6332364685913328,0.8196767299092091,0.016107303888729985,13,6,0.20816659994661327,2500,OLS_oracle,iid,False,5
9,7,7001,23,230001,True,106,False,100,0.8532989816508755,2.1486493749544024,0.27048481889946535,0.13789064887521782,0.7783559744466733,0.6250685582703422,0.7999206976042768,0.01675403511830545,13,6,0.20816659994661327,2500,OLS_oracle,iid,False,5
9,5,5001,1,10001,True,269,False,100,0.8537373888613078,3.7923609977588058,0.11602142286423137,0.05804224726826109,0.35703535634110667,0.35412133051883954,0.9399027993124502,0.017049088325759933,13,6,0.20816659994661327,2500,OLS_oracle,iid,False,5
9,7,7001,25,250001,True,126,False,100,0.8543597406519545,2.1179906176403165,0.2778936498614983,0.14431439108428754,0.8538505085563828,0.6187173117320693,0.8402432052948581,0.01634547678569674,13,6,0.20816659994661327,2500,OLS_oracle,iid,False,5
9,5,5001,21,210001,True,281,False,100,0.7562743325078647,3.418349162209779,0.1179316492748982,0.06312649346699835,0.2915401137920163,0.3067791212199079,0.9581698893513099,0.015590473033506691,13,6,0.20816659994661327,2500,OLS_oracle,iid,False,5
10,0,1,11,110001,True,70,False,100,0.7202541355184574,0.7704579229466617,0.06140668822466533,0.02520247437120586,0.1975724388381867,0.3218978722070038,0.9512659170490921,0.02382781381870158,13,6,0.20816659994661327,2500,OLS_oracle,iid,False,5
9,8,8001,18,180001,True,188,False,100,0.7180432388982687,1.742145897820592,0.13562064477129954,0.06890889992965137,0.3793390804982482,0.4046455248055312,0.9279318532220023,0.0168042261986602,13,6,0.20816659994661327,2500,OLS_oracle,iid,False,5
9,8,8001,29,290001,True,172,False,100,0.41199817173291603,1.579359554219991,0.20699239280566317,0.096719757468712,0.6584236313852182,0.40624543032994065,0.9146641214070048,0.015592991598081965,13,6,0.20816659994661327,2500,OLS_oracle,iid,False,5
9,8,8001,16,160001,True,182,False,100,0.5799721707897568,1.8058536308817565,0.06227267234686591,0.03274370043691835,0.1690337307306755,0.284913792819131,0.9583324226235663,0.01626848798082161,13,6,0.20816659994661327,2500,OLS_oracle,iid,False,5
10,0,1,12,120001,True,102,False,100,0.44604602890742173,0.8506298302672803,0.3127935948015891,0.16263082328839168,0.9045733870808418,0.8383588477488155,0.7785161473351506,0.02203480661619307,13,6,0.20816659994661327,2500,OLS_oracle,iid,False,5
9,7,7001,17,170001,True,230,False,100,0.5818745026674752,2.4331815470941365,0.09731100110535901,0.04671555586242822,0.26009509356113725,0.25588312320823436,0.966477922165733,0.015861615230042408,13,6,0.20816659994661327,2500,OLS_oracle,iid,False,5
9,8,8001,28,280001,True,171,False,100,0.8483447102745588,1.6630345610901713,0.22583635032631577,0.12367023826253822,0.6024315350824291,0.5745841193404306,0.8685259843930073,0.016538143982860982,13,6,0.20816659994661327,2500,OLS_oracle,iid,False,5
9,9,9001,16,160001,True,135,False,100,0.5799721707897568,1.3351160753518343,0.28929473173116527,0.15023792114021514,1.192619039393487,0.7245328686841706,0.7881647353835098,0.016111705550652243,13,6,0.20816659994661327,2500,OLS_oracle,iid,False,5
9,7,7001,9,90001,True,288,False,100,0.6913889898175131,2.6719127749092877,0.08917512498029112,0.0468951183331242,0.20490794915185273,0.23807805099840232,0.971392080176587,0.015801820979554973,13,6,0.20816659994661327,2500,OLS_oracle,iid,False,5
8,9,9001,12,120001,True,289,False,100,0.5757635920524622,7.592623095959425,0.24910429318089947,0.15215550007481568,0.6086909875591769,0.5191444353390889,0.8700462720593768,0.009297533742896647,13,6,0.20816659994661327,2500,OLS_oracle,iid,False,5
10,0,1,2,20001,True,125,False,100,0.5245446022168766,1.0402499749325216,0.29972680188524364,0.15337841898991655,1.0816397037179475,0.9449547583954495,0.7620061577466566,0.022223548086104196,13,6,0.20816659994661327,2500,OLS_oracle,iid,False,5
10,1,1001,1,10001,True,82,False,100,0.8537373888613078,0.6506412480957806,0.024875657134693165,0.010483332906608502,0.07840382147141707,0.2517122856117522,0.9680051090440581,0.023029330051013295,13,6,0.20816659994661327,2500,OLS_oracle,iid,False,5
9,9,9001,28,280001,True,107,False,100,0.8483447102745588,1.1597802126780152,0.25450397074471326,0.1305474614867996,0.7145435736154387,0.6364599896175341,0.7941667806282047,0.0159962520395628,13,6,0.20816659994661327,2500,OLS_oracle,iid,False,5
9,7,7001,14,140001,True,241,False,100,0.8062078923370198,2.551388565916568,0.1024514597626422,0.05065695656329748,0.29706335352722024,0.37930480001754924,0.9241669835624033,0.016883770254828075,13,6,0.20816659994661327,2500,OLS_oracle,iid,False,5
10,1,1001,0,1,True,82,False,100,0.5768564420455111,0.6884359018877149,0.2765939509678612,0.15959530233211325,0.6660932245786932,0.835444144716608,0.7187318307773577,0.022597381016827872,13,6,0.20816659994661327,2500,OLS_oracle,iid,False,5
9,9,9001,6,60001,True,180,False,100,0.4664033835932271,1.6508626989088953,0.12521039769733136,0.06997748594594934,0.2449984174560446,0.2723459389992625,0.9626726013425757,0.015499233239908972,13,6,0.20816659994661327,2500,OLS_oracle,iid,False,5
9,8,8001,10,100001,True,217,False,100,0.6962106876760279,2.088786808308214,0.08611952107148965,0.04598239022257429,0.210059059869311,0.2679552450037993,0.9645292184574275,0.016185725629477635,13,6,0.20816659994661327,2500,OLS_oracle,iid,False,5
9,6,6001,19,190001,True,327,False,100,0.4516126195881712,3.0518502490594983,0.10484179543472155,0.05750323483216799,0.2465468435888498,0.23744550956128033,0.9722528597162801,0.01541380979879984,13,6,0.20816659994661327,2500,OLS_oracle,iid,False,5
10,1,1001,3,30001,True,76,False,100,0.8534971502031466,0.6412187521345913,0.2138198118305689,0.08557372208800361,0.8264141292282327,0.5691669865919051,0.844055405091055,0.0226175067863186,13,6,0.20816659994661327,2500,OLS_oracle,iid,False,5
9,7,7001,7,70001,True,269,False,100,0.47045938648362173,2.870362570974976,0.10441981445231657,0.052132238016758065,0.232913959906081,0.23428006953989347,0.9720293751927507,0.015763988619372848,13,6,0.20816659994661327,2500,OLS_oracle,iid,False,5
9,7,7001,0,1,True,288,False,100,0.5768564420455111,3.0202893586829305,0.06877170892811715,0.036163128928079116,0.18143843974262358,0.2063650021070833,0.9785103144315672,0.014998551178369337,13,6,0.20816659994661327,2500,OLS_oracle,iid,False,5
10,0,1,18,180001,True,120,False,100,0.7180432388982687,0.9836425981484354,0.2820766693565593,0.14037501250693152,1.0273240872356653,0.7504152720667198,0.7731153089367059,0.022729243535908508,13,6,0.20816659994661327,2500,OLS_oracle,iid,False,5
8,7,7001,20,200001,True,324,False,100,0.7769255038978906,9.159260733053088,0.12885272026641634,0.07771298473565814,0.293024531792521,0.35015988463362924,0.9467253701812945,0.00970457294980337,13,6,0.20816659994661327,2500,OLS_oracle,iid,False,5
9,7,7001,20,200001,True,117,False,100,0.7441070845880903,2.579797673970461,0.2985833054615554,0.16143600327957544,1.188930081780802,0.8056233207889905,0.7977554470819944,0.015777777787205478,13,6,0.20816659994661327,2500,OLS_oracle,iid,False,5
10,0,1,24,240001,True,118,False,100,0.39017538928655526,0.9710365110076964,0.05461165143890881,0.025877125932325752,0.13667961975879753,0.19513467721823688,0.9813885856803154,0.022155068004678764,13,6,0.20816659994661327,2500,OLS_oracle,iid,False,5
9,7,7001,28,280001,True,242,False,100,0.8483447102745588,2.556456122081727,0.1603833341395779,0.07791640152359691,0.5190566510192972,0.3514237912411523,0.9374772717782026,0.016380923710372575,13,6,0.20816659994661327,2500,OLS_oracle,iid,False,5
10,0,1,10,100001,True,158,False,100,0.6962106876760279,1.2884487989358604,0.06995247694914491,0.031166964319079213,0.19092769077831792,0.30191288688974455,0.959274746272586,0.023347485446896944,13,6,0.20816659994661327,2500,OLS_oracle,iid,False,5
9,6,6001,6,60001,True,313,False,100,0.4664033835932271,3.6124761970713735,0.16073221826112682,0.08342366425920525,0.38445417502237034,0.32221066214993144,0.9470031395989701,0.015467105352239652,13,6,0.20816659994661327,2500,OLS_oracle,iid,False,5
9,7,7001,15,150001,True,306,False,100,0.6181341499417189,2.866339707747102,0.0675391302713556,0.03610547728406602,0.14835153282877275,0.21475402622704118,0.9770134337417298,0.015613306235423108,13,6,0.20816659994661327,2500,OLS_oracle,iid,False,5
9,9,9001,8,80001,True,198,False,100,0.7893747089092475,1.9474246841855347,0.12825106800812638,0.06515451576647321,0.38109830786852533,0.29620672173330287,0.9549968435254071,0.01574546656256757,13,6,0.20816659994661327,2500,OLS_oracle,iid,False,5
9,8,8001,2,20001,True,176,False,100,0.5245446022168766,2.509797716047615,0.05226186205152038,0.028482678380960805,0.11794887938954157,0.26238640257639523,0.9653320923713773,0.015951812858925284,13,6,0.20816659994661327,2500,OLS_oracle,iid,False,5
10,1,1001,6,60001,True,104,False,100,0.3078685930723195,0.8514598831534386,0.30147251444840956,0.15579816535193156,0.8030965786306985,0.8613146733328251,0.7365424329789629,0.022380837449966103,13,6,0.20816659994661327,2500,OLS_oracle,iid,False,5
10,1,1001,27,270001,True,65,False,100,0.6920673881305397,0.5676208063960075,0.22825414868879648,0.10976967119326607,0.6923242024868815,0.6857263433883197,0.8121247140523264,0.022874777667544588,13,6,0.20816659994661327,2500,OLS_oracle,iid,False,5
10,0,1,27,270001,True,121,False,100,0.6920673881305397,1.1175520280376077,0.2807543396912078,0.13471081160282822,0.909711878590233,0.7357776126085008,0.8104679661898594,0.023163006795596807,13,6,0.20816659994661327,2500,OLS_oracle,iid,False,5
10,1,1001,7,70001,True,102,False,100,0.25115913509003157,0.8799732499755919,0.310186087739121,0.16102664395034105,0.9973084311069895,0.9056843363655408,0.7353777379056278,0.022817028434286197,13,6,0.20816659994661327,2500,OLS_oracle,iid,False,5
9,9,9001,4,40001,True,214,False,100,0.6972834530448486,2.072707150131464,0.3035339639885269,0.1663770260580892,1.1606399557099216,0.6552353266030565,0.8249740366805698,0.014816564770171696,13,6,0.20816659994661327,2500,OLS_oracle,iid,False,5
10,0,1,14,140001,True,161,False,100,0.8062078923370198,1.3120868201367557,0.09838778864128359,0.04325493236715779,0.2607182726851115,0.4851651898061486,0.9005451147688918,0.023936347636223255,13,6,0.20816659994661327,2500,OLS_oracle,iid,False,5
9,1,1001,28,280001,True,282,False,100,0.8483447102745588,6.354972375091165,0.16091804415110927,0.08846179741469004,0.3760070333844884,0.35737043787725187,0.940084168589316,0.01666174633127078,13,6,0.20816659994661327,2500,OLS_oracle,iid,False,5
9,8,8001,9,90001,True,260,False,100,0.6913889898175131,2.514707511756569,0.10968675565418415,0.05599579998712139,0.30991260402039456,0.27490952029344284,0.9644631255374531,0.015835772067183514,13,6,0.20816659994661327,2500,OLS_oracle,iid,False,5
10,1,1001,5,50001,True,135,False,100,0.7275820555803119,1.0402593561448157,0.027517367588052857,0.01276438775208739,0.07354248098669366,0.19397820929902387,0.9808756583140151,0.022580827245233852,13,6,0.20816659994661327,2500,OLS_oracle,iid,False,5
9,9,9001,24,240001,True,199,False,100,0.881706198732095,1.7732335915789008,0.10849763021496162,0.05751977980958604,0.25605101337542735,0.30165292883085176,0.9566395056530517,0.016517146405427386,13,6,0.20816659994661327,2500,OLS_oracle,iid,False,5
10,0,1,21,210001,True,161,False,100,0.6394234281069731,1.3003329751081765,0.23014666288924604,0.10448746120037758,0.6756936589466171,0.541404181823313,0.8647975190815799,0.02301157890930521,13,6,0.20816659994661327,2500,OLS_oracle,iid,False,5
10,0,1,19,190001,True,162,False,100,0.3859739111599441,1.3179041482508183,0.09528272123406244,0.03912992150682626,0.25040218183535357,0.25513629833955975,0.966864009045738,0.02185029575286557,13,6,0.20816659994661327,2500,OLS_oracle,iid,False,5
10,2,2001,10,100001,True,66,False,100,0.6962106876760279,0.5406169863417745,0.26790976035186725,0.118834148967331,1.1031818986632052,0.7217259375586823,0.7848094217460092,0.022336378791816238,13,6,0.20816659994661327,2500,OLS_oracle,iid,False,5
9,6,6001,22,220001,True,217,False,100,0.7528364811080336,3.5973285008221865,0.156950589609583,0.08185563641820129,0.38086488296581944,0.36718901695817724,0.9327665370696288,0.015647719446865438,13,6,0.20816659994661327,2500,OLS_oracle,iid,False,5
10,1,1001,21,210001,True,99,False,100,0.6394234281069731,0.8352587479166687,0.02978775221857471,0.013514030835636308,0.08561385255747217,0.18612218079034068,0.9826241340976863,0.02234893303242279,13,6,0.20816659994661327,2500,OLS_oracle,iid,False,5
9,6,6001,20,200001,True,331,False,100,0.7441070845880903,3.6402129400521517,0.15702902649553308,0.07867723446780885,0.4673466430780262,0.3632232178750834,0.9402603626397268,0.016309768843117044,13,6,0.20816659994661327,2500,OLS_oracle,iid,False,5
10,0,1,17,170001,True,185,False,100,0.5818745026674752,1.4880421659909189,0.06586149666451052,0.027495251722819976,0.21655869914581266,0.25294891136487563,0.9696374359851999,0.02279492132553375,13,6,0.20816659994661327,2500,OLS_oracle,iid,False,5
10,1,1001,19,190001,True,119,False,100,0.3859739111599441,0.9032780127599835,0.04952898663606634,0.021187246521217288,0.13272306337273873,0.19262361040251355,0.9817628994685439,0.02246047807200551,13,6,0.20816659994661327,2500,OLS_oracle,iid,False,5
9,8,8001,20,200001,True,254,False,100,0.7441070845880903,2.556070225313306,0.07567217779521067,0.03943810565775315,0.18846923759780046,0.30053801691506843,0.9591529118752264,0.0159613525824648,13,6,0.20816659994661327,2500,OLS_oracle,iid,False,5
9,5,5001,5,50001,True,272,False,100,0.7275820555803119,4.55839914130047,0.10583893465402304,0.057166246672588066,0.23866616048002554,0.31078757012275987,0.9552723383113653,0.015791917669312476,13,6,0.20816659994661327,2500,OLS_oracle,iid,False,5
9,9,9001,27,270001,True,82,False,100,0.6920673881305397,1.9554173229262233,0.3169766913863994,0.17878566498902412,0.9499960029099627,0.7287092830722385,0.7770376520312441,0.016049521882381405,13,6,0.20816659994661327,2500,OLS_oracle,iid,False,5
10,0,1,7,70001,True,181,False,100,0.25115913509003157,1.7676007822155952,0.06074251420729641,0.028160020564088943,0.1594945806123273,0.2018908439080839,0.9795193823749234,0.022497528130802115,13,6,0.20816659994661327,2500,OLS_oracle,iid,False,5
10,0,1,9,90001,True,231,False,100,0.6913889898175131,1.7584852129220963,0.07194858961605521,0.03125516604298333,0.19307329951921653,0.2353739153549622,0.9727330023531966,0.022639142807452186,13,6,0.20816659994661327,2500,OLS_oracle,iid,False,5
9,7,7001,3,30001,True,379,False,100,0.8534971502031466,3.582104397006333,0.09326309363436501,0.04668533609460578,0.2615725576006357,0.3806255006377274,0.9246806021733247,0.017247421813933652,13,6,0.20816659994661327,2500,OLS_oracle,iid,False,5
9,3,3001,18,180001,True,195,False,100,0.7180432388982687,5.748263037297875,0.10991951789463386,0.05789491690093596,0.27029969746885985,0.3292894339282829,0.9461477581978434,0.017565119302233555,13,6,0.20816659994661327,2500,OLS_oracle,iid,False,5
10,2,2001,13,130001,True,87,False,100,0.70273688421089,0.8657292360439897,0.035689697364341175,0.017007890806682767,0.08167619486026859,0.1990839699881711,0.9803214829190234,0.022589818564028457,13,6,0.20816659994661327,2500,OLS_oracle,iid,False,5
10,1,1001,12,120001,True,162,False,100,0.44604602890742173,1.3131618811748922,0.047910235514182824,0.02178505909079493,0.13175818270448136,0.19089470248516524,0.9820271877940399,0.02237402106291849,13,6,0.20816659994661327,2500,OLS_oracle,iid,False,5
10,0,1,1,10001,True,210,False,100,0.8537373888613078,2.073673781938851,0.08706339902658951,0.04070082375470437,0.22578379958917763,0.328155736673902,0.9538850109526401,0.023104086806926594,13,6,0.20816659994661327,2500,OLS_oracle,iid,False,5
9,9,9001,11,110001,True,110,False,100,0.7202541355184574,2.5191255630925298,0.32544200126873013,0.18615410700110002,1.0075327750781793,0.8031891131408952,0.7464513335211609,0.016443708530024734,13,6,0.20816659994661327,2500,OLS_oracle,iid,False,5
9,9,9001,12,120001,True,255,False,100,0.4884498769419859,2.503864208701998,0.0916033809285433,0.04822574770137406,0.23765607990152773,0.24842281308236253,0.9703427160889555,0.015855618474037585,13,6,0.20816659994661327,2500,OLS_oracle,iid,False,5
9,9,9001,15,150001,True,246,False,100,0.6181341499417189,2.4341497188434005,0.06740593100469709,0.03236034240856912,0.17000153468078033,0.21801552967353513,0.9763940264559646,0.016140653047965952,13,6,0.20816659994661327,2500,OLS_oracle,iid,False,5
10,0,1,13,130001,True,217,False,100,0.70273688421089,1.9511735001578927,0.2252492364286143,0.0981367528784153,0.8179674692294543,0.562032420897269,0.8486406302334104,0.022117969541231942,13,6,0.20816659994661327,2500,OLS_oracle,iid,False,5
10,2,2001,11,110001,True,103,False,100,0.7202541355184574,1.0134547431953251,0.26538616384663355,0.11393162498086638,1.1099847188194851,0.6309145949268478,0.8078874756903236,0.023365861709558573,13,6,0.20816659994661327,2500,OLS_oracle,iid,False,5
9,5,5001,8,80001,True,169,False,100,0.7893747089092475,4.7961312984116375,0.2975388996656658,0.16558253170843085,0.9000688878661139,0.6403117196101806,0.844750373794052,0.016037576058280194,13,6,0.20816659994661327,2500,OLS_oracle,iid,False,5
10,1,1001,20,200001,True,163,False,100,0.7441070845880903,1.274322106037289,0.08381393716671715,0.03639436957599627,0.2606308546334691,0.2529549031229473,0.9689306320286759,0.022807376643532964,13,6,0.20816659994661327,2500,OLS_oracle,iid,False,5
9,8,8001,15,150001,True,347,False,100,0.6181341499417189,3.011673916131258,0.13461935297353855,0.06780893093987123,0.33908288763608946,0.27563255072214066,0.9614552467969818,0.01589856099552718,13,6,0.20816659994661327,2500,OLS_oracle,iid,False,5
9,9,9001,13,130001,True,270,False,100,0.70273688421089,2.5807642652653158,0.09696377971310452,0.04791979474265584,0.24109891054796917,0.3325292979285792,0.9447823563408475,0.016760425480777393,13,6,0.20816659994661327,2500,OLS_oracle,iid,False,5
9,8,8001,17,170001,True,157,False,100,0.5818745026674752,2.989567592740059,0.28958173372780444,0.1580294050932801,0.91736716208091,0.6912210949558208,0.7946461528077244,0.015814775126618563,13,6,0.20816659994661327,2500,OLS_oracle,iid,False,5
10,1,1001,11,110001,True,199,False,100,0.7202541355184574,1.531541959848255,0.09738436900585902,0.039064054263371735,0.3301989576213886,0.3500074988939536,0.9430742210131978,0.02348742447299001,13,6,0.20816659994661327,2500,OLS_oracle,iid,False,5
10,0,1,16,160001,True,260,False,100,0.5799721707897568,1.9838888198137283,0.0754647232925479,0.0361837721349729,0.18168271368028585,0.2521591340317559,0.9717323666356558,0.02286258674900711,13,6,0.20816659994661327,2500,OLS_oracle,iid,False,5
10,1,1001,29,290001,True,145,False,100,0.41199817173291603,1.2857420141808689,0.24558004497312588,0.11610832445509398,0.6706834637866278,0.6329511873057007,0.8298633116436754,0.022728284214877072,13,6,0.20816659994661327,2500,OLS_oracle,iid,False,5
10,0,1,20,200001,True,242,False,100,0.7441070845880903,1.9332272401079535,0.06699605036634575,0.03207485126302934,0.1588041798524537,0.26832988316902195,0.9682792892042563,0.022736503835364266,13,6,0.20816659994661327,2500,OLS_oracle,iid,False,5
10,3,3001,14,140001,True,65,False,100,0.8062078923370198,0.5414909282699227,0.22653404293209226,0.09907725885048521,0.6861128441621998,0.6660214046306784,0.7989623079879227,0.023997637538253947,13,6,0.20816659994661327,2500,OLS_oracle,iid,False,5
10,2,2001,5,50001,True,113,False,100,0.7275820555803119,1.2364075621590018,0.03602725898918473,0.016187456673241743,0.09742619651526191,0.20011613777913081,0.9799325502894413,0.023197297516741554,13,6,0.20816659994661327,2500,OLS_oracle,iid,False,5
10,2,2001,21,210001,True,117,False,100,0.6394234281069731,0.9460997120477259,0.3192940502217071,0.1673219486231505,0.9068765768516058,0.8359993868510655,0.7622218907458568,0.022705068663138664,13,6,0.20816659994661327,2500,OLS_oracle,iid,False,5
10,3,3001,15,150001,True,71,False,100,0.6181341499417189,0.5666008437983692,0.22237047942328814,0.09636344851862742,0.8112610224596531,0.5250326510721618,0.8672346649659407,0.022596916464451663,13,6,0.20816659994661327,2500,OLS_oracle,iid,False,5
10,2,2001,22,220001,True,103,False,100,0.37301700423673845,0.9578488981351256,0.3302486951818391,0.17488516214161645,0.8414466338897973,0.8904494930648887,0.7463351869712037,0.022442690006238292,13,6,0.20816659994661327,2500,OLS_oracle,iid,False,5
9,9,9001,17,170001,True,125,False,100,0.5818745026674752,2.5976210851222277,0.31973278897324253,0.18111675293426627,0.8518969969865882,0.7021539465854791,0.8153377808137876,0.01590187757803537,13,6,0.20816659994661327,2500,OLS_oracle,iid,False,5
10,0,1,22,220001,True,249,False,100,0.37301700423673845,2.0298222112469375,0.07109310962646902,0.032544628665872585,0.18610997251907496,0.22530992067762756,0.9764909276675189,0.02243060429402233,13,6,0.20816659994661327,2500,OLS_oracle,iid,False,5
10,1,1001,13,130001,True,196,False,100,0.70273688421089,1.6458590836264193,0.03736005399748069,0.017143453644290176,0.09154388445451844,0.2022436478693862,0.9793361548669616,0.022621717849643046,13,6,0.20816659994661327,2500,OLS_oracle,iid,False,5
10,0,1,0,1,True,210,False,100,0.5768564420455111,2.4628407526761293,0.06518800957455097,0.030322753736813955,0.17825058318855552,0.24518364330300013,0.973231676933045,0.022823993135096594,13,6,0.20816659994661327,2500,OLS_oracle,iid,False,5
10,2,2001,28,280001,True,113,False,100,0.8483447102745588,0.9271285510621965,0.039758259066229484,0.01807019482677878,0.11641274400146095,0.2703918519097979,0.9642933989016081,0.023357886939777927,13,6,0.20816659994661327,2500,OLS_oracle,iid,False,5
10,0,1,6,60001,True,282,False,100,0.3078685930723195,2.3323276028968394,0.06456202870633074,0.030522236313778005,0.15768117410357804,0.20675369643853073,0.9790796638169708,0.021773891562606864,13,6,0.20816659994661327,2500,OLS_oracle,iid,False,5
9,8,8001,4,40001,True,359,False,100,0.6972834530448486,3.4366511800326407,0.06295537819646706,0.0337694177708553,0.1567378341051448,0.22069672198274431,0.9759910456334208,0.015592808413681509,13,6,0.20816659994661327,2500,OLS_oracle,iid,False,5
10,2,2001,0,1,True,181,False,100,0.5768564420455111,1.4554285062476993,0.05694659593127024,0.026953686167967752,0.13560135016671457,0.2186459342985223,0.9773222357676374,0.02221588885883213,13,6,0.20816659994661327,2500,OLS_oracle,iid,False,5
10,2,2001,23,230001,True,127,False,100,0.342157522536789,1.0316113722510636,0.23394165011960127,0.1037215175262035,0.6653513291549469,0.56274191316861,0.8517469681725557,0.022852042709564178,13,6,0.20816659994661327,2500,OLS_oracle,iid,False,5
10,3,3001,16,160001,True,82,False,100,0.5799721707897568,0.6801164955832064,0.3149029353485095,0.16496537013676973,0.7335869161829235,0.9260531455821287,0.7169899033454087,0.022192561305766516,13,6,0.20816659994661327,2500,OLS_oracle,iid,False,5
9,7,7001,8,80001,True,231,False,100,0.7893747089092475,4.12509096134454,0.082898606649169,0.04388064734005283,0.2097407524959319,0.30289784967293704,0.9566639709409475,0.015675126925656552,13,6,0.20816659994661327,2500,OLS_oracle,iid,False,5
10,2,2001,8,80001,True,155,False,100,0.7893747089092475,1.347610004246235,0.06955135806491383,0.030751500000516154,0.20334278327980088,0.314766843137418,0.9548629002645264,0.023184171824088207,13,6,0.20816659994661327,2500,OLS_oracle,iid,False,5
8,9,9001,23,230001,True,349,False,100,0.8532989816508755,8.832074201200157,0.2638721751372743,0.1466231563012887,0.8500012671521205,0.4624185019648962,0.887567360347816,0.00930567529405566,13,6,0.20816659994661327,2500,OLS_oracle,iid,False,5
10,2,2001,2,20001,True,183,False,100,0.5245446022168766,1.4909777999855578,0.05156815249719527,0.024690008543146916,0.11940449155817881,0.20313366094868301,0.9796478801996935,0.022912229437160522,13,6,0.20816659994661327,2500,OLS_oracle,iid,False,5
9,4,4001,29,290001,True,528,False,100,0.41199817173291603,5.397016257978976,0.09040379787711711,0.04405872133616348,0.2443908123496414,0.21971700342008424,0.9754499687969703,0.015456599462344426,13,6,0.20816659994661327,2500,OLS_oracle,iid,False,5
10,1,1001,4,40001,True,195,False,100,0.35763954206304416,2.048750793095678,0.04419823693082531,0.021208394527403043,0.09931274643616532,0.1799825572332359,0.983800464757285,0.022476160244341636,13,6,0.20816659994661327,2500,OLS_oracle,iid,False,5
10,1,1001,14,140001,True,180,False,100,0.8062078923370198,1.8711920618079603,0.18159226344815368,0.07580824878436251,0.6479866801738798,0.665852442968443,0.8144531698118973,0.023830105246322637,13,6,0.20816659994661327,2500,OLS_oracle,iid,False,5
10,2,2001,15,150001,True,187,False,100,0.6181341499417189,1.5003372868523002,0.06575797616872733,0.029747270733578832,0.1793466757928505,0.22248418448103635,0.9759344111251345,0.022554638100293924,13,6,0.20816659994661327,2500,OLS_oracle,iid,False,5
10,3,3001,18,180001,True,103,False,100,0.7180432388982687,0.830892036203295,0.2607527566150133,0.11471903610562052,0.9213930593276904,0.6451185530646973,0.8206990039744024,0.023514612565571125,13,6,0.20816659994661327,2500,OLS_oracle,iid,False,5
10,1,1001,2,20001,True,221,False,100,0.5245446022168766,2.1848636036738753,0.06239154511483186,0.026668160698718375,0.1919681419398219,0.2091853959058693,0.9780320783252825,0.02258607283153307,13,6,0.20816659994661327,2500,OLS_oracle,iid,False,5
10,3,3001,13,130001,True,100,False,100,0.70273688421089,0.9837624081410468,0.2542823653027028,0.1135620272009111,0.9985537684215506,0.5905296814176954,0.8307380651640356,0.02225880039036255,13,6,0.20816659994661327,2500,OLS_oracle,iid,False,5
10,3,3001,10,100001,True,130,False,100,0.6962106876760279,1.082371021155268,0.08519853144771755,0.03534032564946572,0.2737101369546047,0.2798782411320604,0.9603336924170375,0.022842888521015712,13,6,0.20816659994661327,2500,OLS_oracle,iid,False,5
10,3,3001,2,20001,True,150,False,100,0.5245446022168766,1.2189912470057607,0.04938624155887138,0.020500675402893822,0.1612151254608843,0.20685401591486866,0.9790725037898675,0.02283113105556306,13,6,0.20816659994661327,2500,OLS_oracle,iid,False,5
10,2,2001,14,140001,True,135,False,100,0.8062078923370198,1.5931840217672288,0.030881849382620615,0.013563796626646826,0.08645635060224167,0.3412853408190521,0.9388668876881164,0.024383358076104977,13,6,0.20816659994661327,2500,OLS_oracle,iid,False,5
9,8,8001,12,120001,True,405,False,100,0.4884498769419859,3.611406206153333,0.0907879002812141,0.04805434384117098,0.24423965484530344,0.22896492452762573,0.9742586806632012,0.015356884333593904,13,6,0.20816659994661327,2500,OLS_oracle,iid,False,5
10,1,1001,23,230001,True,101,False,100,0.342157522536789,1.834262219723314,0.317038733750692,0.1659090527829916,0.9126782215719829,0.8699730486184939,0.7745740103323474,0.021661475253920155,13,6,0.20816659994661327,2500,OLS_oracle,iid,False,5
9,8,8001,6,60001,True,388,False,100,0.4664033835932271,3.748157030902803,0.15660888180680133,0.085832741400712,0.36183482022677543,0.305348430408397,0.9527364795840007,0.015663655594720723,13,6,0.20816659994661327,2500,OLS_oracle,iid,False,5
10,3,3001,3,30001,True,158,False,100,0.8534971502031466,1.2959618926979601,0.035619116545592626,0.016947785264194565,0.08298615162243432,0.2501139232355998,0.9690339594730543,0.02235014243284796,13,6,0.20816659994661327,2500,OLS_oracle,iid,False,5
10,1,1001,17,170001,True,213,False,100,0.5818745026674752,2.0390272000804543,0.03182341844529393,0.014575889611182129,0.08692275850123335,0.2196227683164704,0.9761162909100438,0.022537470376389007,13,6,0.20816659994661327,2500,OLS_oracle,iid,False,5
10,3,3001,19,190001,True,123,False,100,0.3859739111599441,0.9910605722106993,0.05693528416307068,0.026322886188405024,0.16069889934808798,0.20912242601069142,0.9785454480188432,0.022282967784704826,13,6,0.20816659994661327,2500,OLS_oracle,iid,False,5
9,5,5001,11,110001,True,271,False,100,0.7202541355184574,5.51486841076985,0.13319584894697925,0.0655970196868587,0.3842147405377731,0.32790928272545156,0.9432593494787124,0.01622022620095899,13,6,0.20816659994661327,2500,OLS_oracle,iid,False,5
9,8,8001,22,220001,True,346,False,100,0.7528364811080336,3.6510973628610373,0.07473309727494763,0.04136819296041025,0.14302103477020833,0.27911831515396207,0.9611256744198995,0.01596403073638094,13,6,0.20816659994661327,2500,OLS_oracle,iid,False,5
10,2,2001,3,30001,True,234,False,100,0.8534971502031466,1.8746976000256836,0.07382050882067584,0.03330993832124279,0.1990426124564565,0.27701509175532957,0.9641355319169218,0.02281026591314084,13,6,0.20816659994661327,2500,OLS_oracle,iid,False,5
10,1,1001,16,160001,True,237,False,100,0.5799721707897568,2.086636886931956,0.05823453979537394,0.02779708714928499,0.13685304575721255,0.22429849958919215,0.9763989878898535,0.02260889979071394,13,6,0.20816659994661327,2500,OLS_oracle,iid,False,5
10,2,2001,18,180001,True,207,False,100,0.7180432388982687,1.6531782387755811,0.10347422564609104,0.048408722691466864,0.2757363553084985,0.39993058000166853,0.9331471529148865,0.023754684185789975,13,6,0.20816659994661327,2500,OLS_oracle,iid,False,5
10,1,1001,22,220001,True,71,False,100,0.37301700423673845,2.027275084052235,0.31984753679024136,0.1694493520802488,0.9216578883045722,0.8541663998880819,0.7707054311125151,0.022447729438354918,13,6,0.20816659994661327,2500,OLS_oracle,iid,False,5
10,3,3001,1,10001,True,179,False,100,0.8537373888613078,1.43085208395496,0.03479488858540506,0.01573949737428793,0.1020289962307099,0.26125045547502407,0.9661307742358409,0.023789937629764286,13,6,0.20816659994661327,2500,OLS_oracle,iid,False,5
9,2,2001,4,40001,True,297,False,100,0.6972834530448486,7.717564995866269,0.11146503836534652,0.06176444097781178,0.23498387193333034,0.2533486222832009,0.9684370740422193,0.016050881037995443,13,6,0.20816659994661327,2500,OLS_oracle,iid,False,5
9,8,8001,19,190001,True,156,False,100,0.4516126195881712,3.7770201140083373,0.08785582442722847,0.04436799673502036,0.2342070299497864,0.2397485965348865,0.9716665821322379,0.015060854120711164,13,6,0.20816659994661327,2500,OLS_oracle,iid,False,5
10,2,2001,16,160001,True,219,False,100,0.5799721707897568,1.7862544059753418,0.07005946452597496,0.032691178683045316,0.17333197761956187,0.2331860697110539,0.9754974897837411,0.022640321550111007,13,6,0.20816659994661327,2500,OLS_oracle,iid,False,5
10,2,2001,26,260001,True,192,False,100,0.6424308539801981,1.5592439929023385,0.22729341764189745,0.0966669591725586,0.8411582388300254,0.5302480394281374,0.8657083476599778,0.02257053019755583,13,6,0.20816659994661327,2500,OLS_oracle,iid,False,5
9,9,9001,26,260001,True,136,False,100,0.6424308539801981,3.1311924438923597,0.25452009896252387,0.13216549730115812,0.6957041925025546,0.5263239469310121,0.8780043435664698,0.015725928093602203,13,6,0.20816659994661327,2500,OLS_oracle,iid,False,5
10,4,4001,4,40001,True,105,False,100,0.35763954206304416,0.8398661157116294,0.3016597193430701,0.1559814686229086,0.8721377047734412,0.7923831882564901,0.7923987708297501,0.02236669319301379,13,6,0.20816659994661327,2500,OLS_oracle,iid,False,5
10,1,1001,28,280001,True,263,False,100,0.8483447102745588,2.095979404170066,0.06347355253931966,0.027164093341115525,0.16667605562009774,0.28672223046511264,0.960725043968267,0.022948988587233644,13,6,0.20816659994661327,2500,OLS_oracle,iid,False,5
10,4,4001,14,140001,True,75,False,100,0.8062078923370198,0.7158661875873804,0.1967262014460022,0.08391226439603666,0.5301133592823404,0.5427159116529024,0.859891248728171,0.024126571565189155,13,6,0.20816659994661327,2500,OLS_oracle,iid,False,5
9,7,7001,18,180001,True,143,False,100,0.7180432388982687,4.486934515181929,0.05845766671168382,0.028936242154110146,0.14994916355931104,0.30789047831590743,0.9522367237355975,0.01662283188447449,13,6,0.20816659994661327,2500,OLS_oracle,iid,False,5
9,8,8001,21,210001,True,405,False,100,0.7562743325078647,3.864774134941399,0.1185511158496576,0.06316287440372191,0.3220559335771934,0.3023496216298437,0.9589374951896237,0.01620091730668698,13,6,0.20816659994661327,2500,OLS_oracle,iid,False,5
10,3,3001,27,270001,True,122,False,100,0.6920673881305397,1.0072155790403485,0.1115622280220052,0.049709674430708256,0.3022176843077444,0.3580571230019676,0.9441074821029126,0.023093151476229288,13,6,0.20816659994661327,2500,OLS_oracle,iid,False,5
9,9,9001,22,220001,True,317,False,100,0.7528364811080336,3.309433909598738,0.10242815190868555,0.05370399009430846,0.2523031893001702,0.2814958534521682,0.9597849838768405,0.016091613710040167,13,6,0.20816659994661327,2500,OLS_oracle,iid,False,5
10,4,4001,22,220001,True,90,False,100,0.37301700423673845,0.7188385911285877,0.2491855901529959,0.12214767624951296,0.7455676674679418,0.6075038613376021,0.8493138784367736,0.02219612017036408,13,6,0.20816659994661327,2500,OLS_oracle,iid,False,5
10,3,3001,6,60001,True,210,False,100,0.3078685930723195,1.5785543923266232,0.0725035484777331,0.0348487293471481,0.16712355231276424,0.20828436065382103,0.978406589152157,0.02274175471135589,13,6,0.20816659994661327,2500,OLS_oracle,iid,False,5
9,2,2001,7,70001,True,367,False,100,0.47045938648362173,7.903256105724722,0.070849314279339,0.03503896716502524,0.19959315345158266,0.2045644372039213,0.9792181231136794,0.015536202816600257,13,6,0.20816659994661327,2500,OLS_oracle,iid,False,5
10,4,4001,13,130001,True,120,False,100,0.70273688421089,0.8930644835345447,0.03063985041048789,0.014018628911710317,0.07950493636000834,0.1930345708042067,0.9811268105020904,0.022503145529816963,13,6,0.20816659994661327,2500,OLS_oracle,iid,False,5
10,2,2001,1,10001,True,279,False,100,0.8537373888613078,2.211444807238877,0.04954631071741864,0.020432536340853714,0.14844162444629255,0.2548825796877004,0.9669301840175533,0.02258341317358836,13,6,0.20816659994661327,2500,OLS_oracle,iid,False,5
10,1,1001,10,100001,True,221,False,100,0.6962106876760279,2.5897647151723504,0.09111625683347087,0.04187640977720389,0.23413189150288577,0.30047192933588096,0.9575983368967664,0.023318066728994388,13,6,0.20816659994661327,2500,OLS_oracle,iid,False,5
10,3,3001,5,50001,True,213,False,100,0.7275820555803119,1.7053693043999374,0.08357568179955362,0.038085591965045934,0.23662823066642386,0.2420971521684893,0.970813993743807,0.022969798980354568,13,6,0.20816659994661327,2500,OLS_oracle,iid,False,5
10,3,3001,22,220001,True,99,False,100,0.37301700423673845,1.2764826659113169,0.2529606887894545,0.12496295136825974,0.7652926581396472,0.6159599867580462,0.8508610513240072,0.0226055457964379,13,6,0.20816659994661327,2500,OLS_oracle,iid,False,5
10,4,4001,10,100001,True,131,False,100,0.6962106876760279,1.043402676936239,0.05510437614986295,0.024497767059561415,0.1639243084275021,0.2543948228312712,0.967930486798998,0.02334968447727598,13,6,0.20816659994661327,2500,OLS_oracle,iid,False,5
10,1,1001,9,90001,True,176,False,100,0.6913889898175131,2.6914790510199964,0.06812913798714398,0.0275126977778195,0.1834698262417149,0.22524222571467253,0.974315368962155,0.022038320655570275,13,6,0.20816659994661327,2500,OLS_oracle,iid,False,5
10,1,1001,8,80001,True,188,False,100,0.7893747089092475,2.715881035197526,0.05428904072019454,0.025093074219768422,0.14346760673642253,0.2996176101987387,0.9585782324835631,0.023149784715598403,13,6,0.20816659994661327,2500,OLS_oracle,iid,False,5
10,3,3001,12,120001,True,151,False,100,0.44604602890742173,1.6439689509570599,0.2419148334989625,0.1110917449804539,0.6888818170338319,0.6008715865406099,0.8474518312101713,0.021510102473296776,13,6,0.20816659994661327,2500,OLS_oracle,iid,False,5
10,5,5001,5,50001,True,71,False,100,0.7275820555803119,0.6408095760270953,0.30880313942473986,0.16101629921414137,0.7714107536730601,0.9885986424664871,0.641987295382259,0.02194850731690467,13,6,0.20816659994661327,2500,OLS_oracle,iid,False,5
10,3,3001,25,250001,True,143,False,100,0.8543597406519545,1.3380866791121662,0.08840662836362145,0.03797639244248525,0.23825100306388428,0.31697699702656323,0.953318364862553,0.02345805876068168,13,6,0.20816659994661327,2500,OLS_oracle,iid,False,5
9,9,9001,23,230001,True,350,False,100,0.8532989816508755,3.5863778088241816,0.10329196580602824,0.05622288923036508,0.24515380382190627,0.27039611306436495,0.9613075198242738,0.015987147513129858,13,6,0.20816659994661327,2500,OLS_oracle,iid,False,5
10,3,3001,20,200001,True,142,False,100,0.7441070845880903,1.544787182006985,0.0742693545056507,0.03302859462652396,0.2288092862018802,0.2342653528246645,0.9724769106678925,0.022374196692148757,13,6,0.20816659994661327,2500,OLS_oracle,iid,False,5
10,0,1,23,230001,True,343,False,100,0.342157522536789,3.102274499833584,0.060316491024243565,0.028738427886585857,0.14845993929236148,0.19932596537788674,0.9804976918356548,0.02283186702884424,13,6,0.20816659994661327,2500,OLS_oracle,iid,False,5
10,3,3001,4,40001,True,134,False,100,0.35763954206304416,1.8820390147157013,0.20548185731933488,0.09283931185945536,0.5949158968971571,0.4725924747948647,0.894084626905718,0.021988164126995717,13,6,0.20816659994661327,2500,OLS_oracle,iid,False,5
9,0,1,5,50001,True,350,False,100,0.7275820555803119,9.539770361967385,0.15444206336620447,0.07744446201394256,0.4662287362759965,0.31513368454204416,0.9489401905663416,0.015558242683734359,13,6,0.20816659994661327,2500,OLS_oracle,iid,False,5
10,4,4001,2,20001,True,167,False,100,0.5245446022168766,1.3458006898872554,0.24631258235725498,0.11619731427271998,0.7895329526399898,0.6659389724218755,0.8140260277557418,0.022904913763451728,13,6,0.20816659994661327,2500,OLS_oracle,iid,False,5
10,3,3001,9,90001,True,221,False,100,0.6913889898175131,1.9092372530139983,0.04370383100644549,0.020559111070139087,0.11220195450824626,0.2063156056127462,0.978614514843971,0.022015876833376764,13,6,0.20816659994661327,2500,OLS_oracle,iid,False,5
9,9,9001,1,10001,True,209,False,100,0.8537373888613078,4.130820441059768,0.232294787074466,0.12404510416367923,0.6395466003060802,0.6256162122072093,0.8539495024783856,0.017085480602332514,13,6,0.20816659994661327,2500,OLS_oracle,iid,False,5
9,9,9001,29,290001,True,377,False,100,0.41199817173291603,3.608282553963363,0.09423764887783632,0.047294820953148256,0.24673049927539714,0.24579452078951772,0.9711583415454701,0.015584464807816941,13,6,0.20816659994661327,2500,OLS_oracle,iid,False,5
10,5,5001,2,20001,True,70,False,100,0.5245446022168766,0.8895302638411522,0.04948891952596082,0.0218025366157164,0.13653495185354314,0.2043041508710325,0.979037758888938,0.02319207771302385,13,6,0.20816659994661327,2500,OLS_oracle,iid,False,5
10,3,3001,11,110001,True,112,False,100,0.7202541355184574,1.844648347236216,0.17350643239261695,0.08108247694840924,0.49265089597640055,0.469727467979572,0.9068574376416353,0.02334238854476394,13,6,0.20816659994661327,2500,OLS_oracle,iid,False,5
10,0,1,25,250001,True,117,False,100,0.8543597406519545,3.2119903857819736,0.27647448085556686,0.1277044193799693,1.264800840464963,0.7181181591275868,0.774568508802011,0.022630317589156457,13,6,0.20816659994661327,2500,OLS_oracle,iid,False,5
10,3,3001,28,280001,True,187,False,100,0.8483447102745588,1.515308584086597,0.08643723699279911,0.041447883436122664,0.20785154707447498,0.3641149732245592,0.9432168730395997,0.02326804501682394,13,6,0.20816659994661327,2500,OLS_oracle,iid,False,5
9,4,4001,20,200001,True,286,False,100,0.7441070845880903,6.738788244314492,0.09867901479478743,0.049446331086063264,0.2589254005065728,0.3008734319238675,0.9572432461491355,0.015892340837983163,13,6,0.20816659994661327,2500,OLS_oracle,iid,False,5
10,4,4001,23,230001,True,150,False,100,0.342157522536789,1.1912102638743818,0.05715328899674832,0.025723660320317827,0.1559268225194334,0.20065171747723665,0.980248870356392,0.02236785478069337,13,6,0.20816659994661327,2500,OLS_oracle,iid,False,5
9,8,8001,1,10001,True,218,False,100,0.8537373888613078,4.765392750967294,0.06407052253825367,0.033637389961023986,0.17460864707593962,0.34602548270643535,0.9432329253649298,0.016898631846378333,13,6,0.20816659994661327,2500,OLS_oracle,iid,False,5
10,5,5001,21,210001,True,83,False,100,0.6394234281069731,0.7158212377689779,0.3000603116473898,0.15483929723428158,0.8848389603406019,0.8161283267415498,0.746667624837782,0.022115059843515715,13,6,0.20816659994661327,2500,OLS_oracle,iid,False,5
10,0,1,29,290001,True,351,False,100,0.41199817173291603,3.289434307254851,0.060232928229383344,0.025544668628543602,0.16406865710123514,0.2053814166177771,0.9796539073842778,0.022223472225376704,13,6,0.20816659994661327,2500,OLS_oracle,iid,False,5
10,2,2001,25,250001,True,284,False,100,0.8543597406519545,2.252735400106758,0.061380748724562714,0.027501351195900116,0.1858585771339801,0.32794630439012323,0.9545805979296352,0.02302843606066687,13,6,0.20816659994661327,2500,OLS_oracle,iid,False,5
10,4,4001,3,30001,True,174,False,100,0.8534971502031466,1.5262756971642375,0.0766718966524371,0.03378193108810699,0.23807290079756052,0.3479034231645631,0.9501058866123936,0.023245266952714887,13,6,0.20816659994661327,2500,OLS_oracle,iid,False,5
10,2,2001,7,70001,True,317,False,100,0.25115913509003157,2.6577286710962653,0.08113185129885903,0.03754329641563188,0.20238318695002758,0.22739866461427893,0.973641512703871,0.021743397219826502,13,6,0.20816659994661327,2500,OLS_oracle,iid,False,5
10,0,1,28,280001,True,185,False,100,0.8483447102745588,3.3331264588050544,0.03624205878617325,0.015149980968265515,0.11547509756361504,0.27887223969706126,0.9633422987394571,0.022487503461049784,13,6,0.20816659994661327,2500,OLS_oracle,iid,False,5
9,7,7001,26,260001,True,395,False,100,0.6424308539801981,4.940125728957355,0.12522496496971994,0.06311948805413567,0.3170931396332454,0.2888018301687962,0.9571576605697161,0.015542867308927096,13,6,0.20816659994661327,2500,OLS_oracle,iid,False,5
10,5,5001,6,60001,True,124,False,100,0.3078685930723195,1.0311459568329155,0.025330677722000018,0.011926183112611323,0.06627118495582866,0.16186332238242596,0.9868333909484018,0.02205781852232699,13,6,0.20816659994661327,2500,OLS_oracle,iid,False,5
10,5,5001,19,190001,True,108,False,100,0.3859739111599441,0.8613808751106262,0.2944607161133117,0.15219167238928624,0.7026127576764875,0.8459895351356573,0.7424005388475781,0.022314780962091465,13,6,0.20816659994661327,2500,OLS_oracle,iid,False,5
10,2,2001,4,40001,True,351,False,100,0.35763954206304416,2.778274650219828,0.06425079843706526,0.02908975600463291,0.16857365516779152,0.20110210179048163,0.9797722963441816,0.021936206286489814,13,6,0.20816659994661327,2500,OLS_oracle,iid,False,5
10,4,4001,19,190001,True,179,False,100,0.3859739111599441,1.4178684689104557,0.057477984917337896,0.02310866730607743,0.16185878679363316,0.19596194756370858,0.980757061208466,0.022696311265362337,13,6,0.20816659994661327,2500,OLS_oracle,iid,False,5
10,0,1,5,50001,True,332,False,100,0.7275820555803119,3.7550211208872497,0.061016003941141046,0.027379587926913994,0.17286052377522412,0.22260343495712362,0.9753397353999761,0.022570420236406836,13,6,0.20816659994661327,2500,OLS_oracle,iid,False,5
10,4,4001,0,1,True,160,False,100,0.5768564420455111,1.7022904818877578,0.04757811773726908,0.022870994826202133,0.10511046232453482,0.20727635519433554,0.9785051721134277,0.022780751476643688,13,6,0.20816659994661327,2500,OLS_oracle,iid,False,5
10,4,4001,5,50001,True,88,False,100,0.7275820555803119,1.6357965026982129,0.028065259951319154,0.012536118018907508,0.08476420733064736,0.19817849408715052,0.9800165814590077,0.02276319958179124,13,6,0.20816659994661327,2500,OLS_oracle,iid,False,5
10,4,4001,6,60001,True,152,False,100,0.3078685930723195,1.6459661829285324,0.040109609684494,0.0177887787648318,0.11943534485217606,0.1745382597834254,0.9846578594531512,0.02269226234013544,13,6,0.20816659994661327,2500,OLS_oracle,iid,False,5
9,9,9001,21,210001,True,411,False,100,0.7562743325078647,4.073688047938049,0.09729032722016669,0.051964181169402365,0.22314470500553488,0.2706291560929322,0.9642562211251555,0.015381364353270874,13,6,0.20816659994661327,2500,OLS_oracle,iid,False,5
10,1,1001,15,150001,True,401,False,100,0.6181341499417189,3.181229139212519,0.07352596174788613,0.032742426434118684,0.20110317077873524,0.22893976376279826,0.9734915555060805,0.022443804019961947,13,6,0.20816659994661327,2500,OLS_oracle,iid,False,5
10,5,5001,14,140001,True,126,False,100,0.8062078923370198,1.0737030082382262,0.2183151278570053,0.105786318441237,0.5849453593647949,0.7343715588722634,0.8062954098784911,0.02387689615897482,13,6,0.20816659994661327,2500,OLS_oracle,iid,False,5
10,4,4001,9,90001,True,211,False,100,0.6913889898175131,1.7310530869290233,0.2140642011118926,0.09801443640216594,0.5729316529306904,0.5642819703011855,0.8687327609317294,0.022200751813262164,13,6,0.20816659994661327,2500,OLS_oracle,iid,False,5
10,4,4001,20,200001,True,173,False,100,0.7441070845880903,1.5382414902560413,0.07662988475861914,0.031144059805216482,0.24596815956775694,0.299591423783796,0.9603137069128111,0.022685809981577577,13,6,0.20816659994661327,2500,OLS_oracle,iid,False,5
10,1,1001,18,180001,True,212,False,100,0.7180432388982687,3.145858082920313,0.1317604895803777,0.059594860904926654,0.363873433638632,0.3975917630539941,0.9293932642733808,0.023215002754156683,13,6,0.20816659994661327,2500,OLS_oracle,iid,False,5
9,8,8001,23,230001,True,489,False,100,0.8532989816508755,4.733582714106888,0.08799352409735045,0.04399450144544282,0.26578371964263714,0.2728185637793679,0.9620111424318236,0.01642415847032363,13,6,0.20816659994661327,2500,OLS_oracle,iid,False,5
10,3,3001,8,80001,True,234,False,100,0.7893747089092475,2.3706020531244576,0.10872169543359467,0.04541634645169911,0.328568416285105,0.3296364701898315,0.9452252777373372,0.02262628178083219,13,6,0.20816659994661327,2500,OLS_oracle,iid,False,5
10,5,5001,8,80001,True,116,False,100,0.7893747089092475,1.2760498602874577,0.04989406248634936,0.02233010547351969,0.1510158396625116,0.276674573350757,0.9635921420165839,0.023386602321672206,13,6,0.20816659994661327,2500,OLS_oracle,iid,False,5
9,6,6001,17,170001,True,376,False,100,0.5818745026674752,5.9451374863274395,0.11093696734365517,0.06036645312671233,0.2699886911492575,0.2659584641472168,0.965689017953144,0.01622267169694735,13,6,0.20816659994661327,2500,OLS_oracle,iid,False,5
10,6,6001,3,30001,True,100,False,100,0.8534971502031466,0.9008212038315833,0.13442439460257963,0.056651739763705175,0.42364081425736744,0.352232453631742,0.9406321918081111,0.02362544424210677,13,6,0.20816659994661327,2500,OLS_oracle,iid,False,5
10,7,7001,8,80001,True,35,False,100,0.7893747089092475,0.30742880795150995,0.26942012343611677,0.13533439342513903,0.7834192768911786,0.8430492593487083,0.6941860227857589,0.023275039023313494,13,6,0.20816659994661327,2500,OLS_oracle,iid,False,5
10,6,6001,9,90001,True,91,False,100,0.6913889898175131,0.8001797390170395,0.2959308316496601,0.14904617507823248,0.9815031248170822,0.7934213291376403,0.7851990623053767,0.02238570558765418,13,6,0.20816659994661327,2500,OLS_oracle,iid,False,5
9,9,9001,5,50001,True,297,False,100,0.7275820555803119,4.62044438906014,0.12747908159245303,0.06305261337095545,0.3191510341647398,0.29015379901311944,0.9586964507143025,0.015797760767783307,13,6,0.20816659994661327,2500,OLS_oracle,iid,False,5
10,3,3001,24,240001,True,258,False,100,0.39017538928655526,2.045313152950257,0.051625763215498305,0.022977744511127267,0.14701254830556512,0.19143835309785462,0.9824398790215718,0.02175811073946472,13,6,0.20816659994661327,2500,OLS_oracle,iid,False,5
10,2,2001,12,120001,True,311,False,100,0.44604602890742173,2.9679505242966115,0.07884078617585857,0.03293448040825296,0.24110219428505422,0.2334313830526034,0.9739591839813765,0.02181747911771951,13,6,0.20816659994661327,2500,OLS_oracle,iid,False,5
10,5,5001,28,280001,True,129,False,100,0.8483447102745588,1.0448859939351678,0.1013121550433729,0.04312473634652829,0.32959946279578534,0.3542239086552595,0.9451607795298617,0.02267658597539771,13,6,0.20816659994661327,2500,OLS_oracle,iid,False,5
10,3,3001,21,210001,True,277,False,100,0.6394234281069731,2.2161121158860624,0.06416535269218963,0.027709265080509596,0.17220366262704087,0.2178591480574614,0.9765063061929836,0.022825533332508908,13,6,0.20816659994661327,2500,OLS_oracle,iid,False,5
9,2,2001,29,290001,True,351,False,100,0.41199817173291603,8.377090194728225,0.08102776250468988,0.041842419929427464,0.2191028024731503,0.22061571431969607,0.976443321732496,0.01593941914827854,13,6,0.20816659994661327,2500,OLS_oracle,iid,False,5
10,6,6001,8,80001,True,110,False,100,0.7893747089092475,0.9017783259041607,0.284721691459652,0.13178487963821006,1.1977765946215146,0.8365488676224523,0.7653020983746597,0.02304513338944145,13,6,0.20816659994661327,2500,OLS_oracle,iid,False,5
10,4,4001,17,170001,True,222,False,100,0.5818745026674752,1.7687707017175853,0.19004719078796525,0.08017221326958163,0.671197917752173,0.4367434151044707,0.9082099964506486,0.02337956296216671,13,6,0.20816659994661327,2500,OLS_oracle,iid,False,5
10,2,2001,9,90001,True,357,False,100,0.6913889898175131,3.0472425096668303,0.0802414125754082,0.03580708814710349,0.22306640720355175,0.2349448660741639,0.9721954304351744,0.02247454480130647,13,6,0.20816659994661327,2500,OLS_oracle,iid,False,5
10,6,6001,19,190001,True,90,False,100,0.3859739111599441,0.7346139708533883,0.3361586795897848,0.17850266371193724,0.948098497812166,0.9919909007368615,0.7109948304487688,0.0226080874623281,13,6,0.20816659994661327,2500,OLS_oracle,iid,False,5
10,5,5001,22,220001,True,134,False,100,0.37301700423673845,1.2040124302729964,0.2591443816184352,0.12033671021763401,0.822536128002632,0.6412080496413007,0.8198128226742853,0.02217472238970012,13,6,0.20816659994661327,2500,OLS_oracle,iid,False,5
10,6,6001,5,50001,True,129,False,100,0.7275820555803119,1.0019587660208344,0.067362837515035,0.03131256102970663,0.18297066732445155,0.24334170192632051,0.9715863614966125,0.023181218582625576,13,6,0.20816659994661327,2500,OLS_oracle,iid,False,5
10,5,5001,12,120001,True,142,False,100,0.44604602890742173,1.3896015607751906,0.05454030178968157,0.02483423915706858,0.1537962031950106,0.19866119050414363,0.9804099708852648,0.022593600667336372,13,6,0.20816659994661327,2500,OLS_oracle,iid,False,5
10,0,1,8,80001,True,225,False,100,0.7893747089092475,4.100659208837897,0.07171723908995215,0.03265755046858912,0.17774015239412386,0.3329348566932114,0.9528442583873202,0.02290520068023512,13,6,0.20816659994661327,2500,OLS_oracle,iid,False,5
9,6,6001,29,290001,True,534,False,100,0.41199817173291603,5.999052448198199,0.10287468185036436,0.0501467919567102,0.26663537421761874,0.24450142695438423,0.9699892485592774,0.015531197583007937,13,6,0.20816659994661327,2500,OLS_oracle,iid,False,5
10,6,6001,23,230001,True,90,False,100,0.342157522536789,0.7510581947863102,0.22446581559423603,0.10186715694251795,0.6433998668345517,0.5349243103894513,0.8636061405375691,0.02272439951739737,13,6,0.20816659994661327,2500,OLS_oracle,iid,False,5
10,2,2001,29,290001,True,367,False,100,0.41199817173291603,2.8037647739984095,0.058281497851360387,0.024082520343156413,0.1505515681503822,0.1966212786002172,0.980535669563292,0.02200214237771505,13,6,0.20816659994661327,2500,OLS_oracle,iid,False,5
10,6,6001,10,100001,True,132,False,100,0.6962106876760279,1.0908356658183038,0.21123423615306483,0.09777845078530716,0.672563301053239,0.5071575669774949,0.8883264311108304,0.022315561154581283,13,6,0.20816659994661327,2500,OLS_oracle,iid,False,5
10,4,4001,8,80001,True,223,False,100,0.7893747089092475,2.1276245121844113,0.07062776842079363,0.031020053594288492,0.1782358656201502,0.3058209398880418,0.9555726398955474,0.0235278463760149,13,6,0.20816659994661327,2500,OLS_oracle,iid,False,5
10,2,2001,6,60001,True,240,False,100,0.3078685930723195,3.3091550529934466,0.06585981503611023,0.027363766423265098,0.18491667029875544,0.20225176180091695,0.9791547434651421,0.022858810870725214,13,6,0.20816659994661327,2500,OLS_oracle,iid,False,5
10,4,4001,24,240001,True,201,False,100,0.39017538928655526,1.9467314798384905,0.06284855150023155,0.027183984450912798,0.16058871092787994,0.2012005640134008,0.9801025864185844,0.022635948947947588,13,6,0.20816659994661327,2500,OLS_oracle,iid,False,5
10,5,5001,11,110001,True,182,False,100,0.7202541355184574,1.6579173770733178,0.07511221917612981,0.031021409544128156,0.2365266128605669,0.33400737717370094,0.9476223180837732,0.02287796473329648,13,6,0.20816659994661327,2500,OLS_oracle,iid,False,5
10,6,6001,24,240001,True,109,False,100,0.39017538928655526,0.9091950296424329,0.246933123140236,0.11427417065838744,0.7908016123947161,0.5867392960795285,0.8525802929896739,0.022017479657376517,13,6,0.20816659994661327,2500,OLS_oracle,iid,False,5
10,6,6001,1,10001,True,162,False,100,0.8537373888613078,1.354762869887054,0.040189365036370925,0.018333008052079432,0.10457581240960515,0.2565734483804087,0.9669817932390051,0.02317507914167445,13,6,0.20816659994661327,2500,OLS_oracle,iid,False,5
10,4,4001,27,270001,True,94,False,100,0.6920673881305397,1.951321759261191,0.2570933866508318,0.11625572438932238,0.7261749132502605,0.6758621848132208,0.7985565897202779,0.02297373730440815,13,6,0.20816659994661327,2500,OLS_oracle,iid,False,5
10,5,5001,0,1,True,204,False,100,0.5768564420455111,1.853836266323924,0.04868272882137639,0.022265518080280655,0.13236753329380896,0.21623042950624205,0.9782353449675738,0.022725448626196725,13,6,0.20816659994661327,2500,OLS_oracle,iid,False,5
10,2,2001,19,190001,True,216,False,100,0.3859739111599441,3.1752566318027675,0.09780840769004966,0.04217502342803092,0.2622668150635348,0.2558057336506622,0.9661613261565516,0.02258808871510877,13,6,0.20816659994661327,2500,OLS_oracle,iid,False,5
10,2,2001,17,170001,True,360,False,100,0.5818745026674752,3.2222550651058555,0.06815649386796432,0.028056958673943668,0.17809080372958233,0.23742966883041847,0.9714502973800473,0.022366121688658373,13,6,0.20816659994661327,2500,OLS_oracle,iid,False,5
10,5,5001,9,90001,True,180,False,100,0.6913889898175131,1.7369145737029612,0.273086756419755,0.12299768848100406,0.8245888496334837,0.7004123227964749,0.8042408215608686,0.02252256429320076,13,6,0.20816659994661327,2500,OLS_oracle,iid,False,5
10,3,3001,0,1,True,346,False,100,0.5768564420455111,2.9754452076740563,0.07526749827639179,0.03389047994785433,0.22818777677204888,0.2304017781309582,0.9742333785826176,0.023119951136978022,13,6,0.20816659994661327,2500,OLS_oracle,iid,False,5
10,6,6001,18,180001,True,140,False,100,0.7180432388982687,1.1095766490325332,0.0686021677952836,0.03169842137413385,0.19296351932153755,0.2923920394060888,0.9580504405442621,0.023433988200784437,13,6,0.20816659994661327,2500,OLS_oracle,iid,False,5
10,4,4001,16,160001,True,269,False,100,0.5799721707897568,2.162273934110999,0.04627202577164719,0.019993277842421456,0.13425791424577782,0.208126555091196,0.9791818638521432,0.022184806016733897,13,6,0.20816659994661327,2500,OLS_oracle,iid,False,5
10,5,5001,7,70001,True,225,False,100,0.25115913509003157,1.8111437549814582,0.07934935320812991,0.03744553615618247,0.19507436383832305,0.22066470299725363,0.9752412711338098,0.022631294902902277,13,6,0.20816659994661327,2500,OLS_oracle,iid,False,5
10,5,5001,13,130001,True,137,False,100,0.70273688421089,1.7053961539641023,0.06006468585883229,0.024096585886426106,0.17540528258589072,0.215272113640031,0.9764445747971755,0.022967490512312613,13,6,0.20816659994661327,2500,OLS_oracle,iid,False,5
10,7,7001,5,50001,True,112,False,100,0.7275820555803119,0.8780153770931065,0.29107558524794364,0.15005619888922336,0.7047029164010059,0.7980382386922841,0.7798915404559047,0.02226140687262816,13,6,0.20816659994661327,2500,OLS_oracle,iid,False,5
10,1,1001,25,250001,True,199,False,100,0.8543597406519545,3.661693778820336,0.056193494143748864,0.02475488805761039,0.1573885453653052,0.3019317314694862,0.9599193290270421,0.023211365407016925,13,6,0.20816659994661327,2500,OLS_oracle,iid,False,5
10,2,2001,24,240001,True,199,False,100,0.39017538928655526,3.171063999645412,0.05313253754037654,0.0248678711523224,0.14205958164613852,0.1899594255158816,0.9822785008047498,0.022752306128242132,13,6,0.20816659994661327,2500,OLS_oracle,iid,False,5
10,7,7001,12,120001,True,101,False,100,0.44604602890742173,0.8337338706478477,0.02744982824914137,0.012686788707093971,0.06820290478697466,0.1696423018257145,0.9855907267779607,0.02288548369585979,13,6,0.20816659994661327,2500,OLS_oracle,iid,False,5
10,4,4001,21,210001,True,270,False,100,0.6394234281069731,2.21967741381377,0.05649802045739096,0.02698866317739862,0.12830372530162967,0.21527218268178372,0.9773615082637838,0.023231173096282722,13,6,0.20816659994661327,2500,OLS_oracle,iid,False,5
10,5,5001,27,270001,True,201,False,100,0.6920673881305397,1.643659763969481,0.14974881312849422,0.06651337435014516,0.42560148606865095,0.37676012634816836,0.9339611582408022,0.023194473183806456,13,6,0.20816659994661327,2500,OLS_oracle,iid,False,5
10,7,7001,6,60001,True,115,False,100,0.3078685930723195,1.0273355403915048,0.04782791511938188,0.022391711235453877,0.1288866874044714,0.1861899570745206,0.9828030449621797,0.02275639862922003,13,6,0.20816659994661327,2500,OLS_oracle,iid,False,5
10,6,6001,17,170001,True,146,False,100,0.5818745026674752,1.3150325841270387,0.27454803385350546,0.13471744695182045,0.9369675531405306,0.819575765896813,0.7233127749995075,0.02281495041859993,13,6,0.20816659994661327,2500,OLS_oracle,iid,False,5
9,2,2001,0,1,True,418,False,100,0.5768564420455111,9.54800962889567,0.09770328953355706,0.05203932307011431,0.23030051411117733,0.2473702425988663,0.9711209108665485,0.015187506878758578,13,6,0.20816659994661327,2500,OLS_oracle,iid,False,5
10,4,4001,7,70001,True,247,False,100,0.25115913509003157,2.5106357280164957,0.061187008798800464,0.029031278436241568,0.15092720252639383,0.19351499028600347,0.9811071440314261,0.02241100362355719,13,6,0.20816659994661327,2500,OLS_oracle,iid,False,5
10,6,6001,12,120001,True,178,False,100,0.44604602890742173,1.4678245559334755,0.07857269119168385,0.03632260079691393,0.22271075309894417,0.23590621456702224,0.9736178176066556,0.02177879535948351,13,6,0.20816659994661327,2500,OLS_oracle,iid,False,5
10,5,5001,26,260001,True,121,False,100,0.6424308539801981,1.7757109394297004,0.08635221522998757,0.03806503854949074,0.2664811843898071,0.2732982384661355,0.9658354159195038,0.022238500238772038,13,6,0.20816659994661327,2500,OLS_oracle,iid,False,5
9,6,6001,0,1,True,308,False,100,0.5768564420455111,7.1323084672912955,0.0954283495074845,0.05016556585858899,0.23005423814479684,0.24757597978489068,0.9714518026016027,0.01513916622932662,13,6,0.20816659994661327,2500,OLS_oracle,iid,False,5
10,7,7001,27,270001,True,99,False,100,0.6920673881305397,0.8165387338958681,0.2268395787102096,0.10953230015715204,0.6685787898341965,0.7343044859860068,0.7678996426532357,0.022247920116276337,13,6,0.20816659994661327,2500,OLS_oracle,iid,False,5
10,7,7001,4,40001,True,117,False,100,0.35763954206304416,1.192744900006801,0.31093884846867015,0.16167846009686743,0.8829160740881324,0.8450973493282574,0.7630712760889042,0.022060919631144104,13,6,0.20816659994661327,2500,OLS_oracle,iid,False,5
10,5,5001,17,170001,True,243,False,100,0.5818745026674752,1.9868670026771724,0.2404091118874319,0.10927225695920469,0.8276066267746527,0.6027067197615931,0.8430913854382895,0.02246135589402081,13,6,0.20816659994661327,2500,OLS_oracle,iid,False,5
10,7,7001,28,280001,True,109,False,100,0.8483447102745588,0.8953185030259192,0.2829003221429141,0.14326276551833184,0.8599181419338129,0.9654591390025518,0.6982389258191039,0.022872299897554505,13,6,0.20816659994661327,2500,OLS_oracle,iid,False,5
10,8,8001,9,90001,True,94,False,100,0.6913889898175131,0.7775900000706315,0.26256937350856124,0.12067802488256635,0.8006027108672642,0.6409046429383128,0.8282258834090185,0.02266054085503214,13,6,0.20816659994661327,2500,OLS_oracle,iid,False,5
10,5,5001,16,160001,True,176,False,100,0.5799721707897568,2.0428259959444404,0.11019472470315372,0.05036017700379511,0.3062578353523698,0.28014901186343316,0.9640243119821594,0.023034923171678722,13,6,0.20816659994661327,2500,OLS_oracle,iid,False,5
10,4,4001,29,290001,True,262,False,100,0.41199817173291603,2.461084449198097,0.04772220013534165,0.021679672834622098,0.12479199152701444,0.19603820330976282,0.9813978181413874,0.02220570832038615,13,6,0.20816659994661327,2500,OLS_oracle,iid,False,5
10,7,7001,0,1,True,163,False,100,0.5768564420455111,1.3582796389237046,0.2666240112843939,0.12596175716117522,0.6660932245786932,0.6669534719630456,0.8356824247464917,0.022631472042170177,13,6,0.20816659994661327,2500,OLS_oracle,iid,False,5
10,4,4001,12,120001,True,287,False,100,0.44604602890742173,2.6872438290156424,0.06673085293205144,0.03203481879401519,0.1509512337003588,0.22031398936781632,0.9773239071129391,0.021970523718576353,13,6,0.20816659994661327,2500,OLS_oracle,iid,False,5
10,8,8001,0,1,True,114,False,100,0.5768564420455111,0.9478427367284894,0.2308043037565498,0.11067290317656223,0.6660932245786932,0.5671352912290538,0.8610054813450234,0.022348391589874665,13,6,0.20816659994661327,2500,OLS_oracle,iid,False,5
10,3,3001,29,290001,True,270,False,100,0.41199817173291603,2.8681011819280684,0.06984887100333427,0.031223299354639727,0.18350402181558825,0.22669179558150745,0.9752154310847528,0.02295216324085545,13,6,0.20816659994661327,2500,OLS_oracle,iid,False,5
10,7,7001,11,110001,True,149,False,100,0.7202541355184574,1.2330023925751448,0.07322959929287033,0.028844070193979325,0.25152209302763734,0.3197774116927053,0.9527563393140376,0.02310672747204628,13,6,0.20816659994661327,2500,OLS_oracle,iid,False,5
10,9,9001,1,10001,True,65,False,100,0.8537373888613078,0.5171641642227769,0.06291003347898957,0.029732021906985744,0.16501817001304828,0.28907834000279337,0.9609934722488557,0.02291350312095255,13,6,0.20816659994661327,2500,OLS_oracle,iid,False,5
10,7,7001,22,220001,True,95,False,100,0.37301700423673845,1.045158761087805,0.26005708990545967,0.13007938937013977,0.7369415081793896,0.7353687479422822,0.7763051082845477,0.022334299516137256,13,6,0.20816659994661327,2500,OLS_oracle,iid,False,5
10,4,4001,28,280001,True,300,False,100,0.8483447102745588,2.5166556648910046,0.07607998663041945,0.03567845405952782,0.19121459901989135,0.31316778757851177,0.953710844759839,0.022966277118117082,13,6,0.20816659994661327,2500,OLS_oracle,iid,False,5
10,8,8001,8,80001,True,112,False,100,0.7893747089092475,0.9212306928820908,0.23877994073259132,0.11050551106460788,0.6652614238919201,0.7059575435251354,0.8160623663037313,0.02348284846385371,13,6,0.20816659994661327,2500,OLS_oracle,iid,False,5
10,8,8001,14,140001,True,103,False,100,0.8062078923370198,0.8441910282708704,0.052737408345929354,0.023195347282365567,0.1350884082432891,0.37473250543327524,0.9313731244786565,0.024047468322892614,13,6,0.20816659994661327,2500,OLS_oracle,iid,False,5
10,5,5001,10,100001,True,169,False,100,0.6962106876760279,2.303155481815338,0.03778656184530311,0.01802714636187698,0.08628386649703854,0.2526189336872568,0.9680177674273903,0.022923453927861544,13,6,0.20816659994661327,2500,OLS_oracle,iid,False,5
10,7,7001,2,20001,True,170,False,100,0.5245446022168766,1.4582744212821126,0.06679335459650756,0.03173501965162577,0.16672827512228433,0.21732886324123393,0.9766045105583978,0.02288649347817236,13,6,0.20816659994661327,2500,OLS_oracle,iid,False,5
10,7,7001,18,180001,True,162,False,100,0.7180432388982687,1.2422339301556349,0.019927583933509605,0.00852636734807221,0.06266014875507683,0.25630222986235646,0.9664200601274809,0.02317627409245553,13,6,0.20816659994661327,2500,OLS_oracle,iid,False,5
10,8,8001,16,160001,True,107,False,100,0.5799721707897568,0.8864360530860722,0.28037338472902334,0.14121457846587956,0.7327730420075921,0.8353826599709274,0.7154964548708301,0.022519066485879754,13,6,0.20816659994661327,2500,OLS_oracle,iid,False,5
10,8,8001,28,280001,True,80,False,100,0.8483447102745588,0.6379825402982533,0.29886060732355874,0.14711626042966436,0.9678319735456556,1.018154198766907,0.7626169046611483,0.023322047025197305,13,6,0.20816659994661327,2500,OLS_oracle,iid,False,5
10,6,6001,21,210001,True,172,False,100,0.6394234281069731,1.7090856418944895,0.2536327298867664,0.11876951333166325,0.710314323354795,0.6592926118446639,0.8108422739368226,0.02267246752329071,13,6,0.20816659994661327,2500,OLS_oracle,iid,False,5
10,9,9001,6,60001,True,72,False,100,0.3078685930723195,0.5959974727593362,0.36936251499244743,0.20243050911439317,0.8950252983469802,1.1362509289295846,0.6843182249184497,0.022172744461153502,13,6,0.20816659994661327,2500,OLS_oracle,iid,False,5
9,9,9001,19,190001,True,244,False,100,0.4516126195881712,5.424746781121939,0.08713199858149442,0.04747483008653911,0.19032013919881763,0.23903136366723673,0.9724312508994233,0.015643136026883348,13,6,0.20816659994661327,2500,OLS_oracle,iid,False,5
10,5,5001,29,290001,True,255,False,100,0.41199817173291603,2.1237162868492305,0.047067054944329945,0.020020684361008498,0.13191370832639246,0.18821307563769962,0.982355362989311,0.02258776108333785,13,6,0.20816659994661327,2500,OLS_oracle,iid,False,5
10,8,8001,11,110001,True,127,False,100,0.7202541355184574,1.0397862698882818,0.07364786186849148,0.030630198177442478,0.22848264659480175,0.3582201040264435,0.9468086546873861,0.023469224874622878,13,6,0.20816659994661327,2500,OLS_oracle,iid,False,5
10,6,6001,15,150001,True,116,False,100,0.6181341499417189,1.8472357438877225,0.2685830789647679,0.12609508114293655,0.7783519661124662,0.6631419752195252,0.8216513210383424,0.022612044678304383,13,6,0.20816659994661327,2500,OLS_oracle,iid,False,5
10,8,8001,23,230001,True,97,False,100,0.342157522536789,0.8057957091368735,0.31678622376232607,0.16547316466381234,0.9161115000069945,0.8685091154905651,0.7497139004487877,0.022306304469822173,13,6,0.20816659994661327,2500,OLS_oracle,iid,False,5
10,9,9001,4,40001,True,83,False,100,0.35763954206304416,0.6955207292921841,0.3327826537955246,0.17648158662806027,0.8391633384174575,0.9021085455486656,0.752940511267845,0.02228830541539384,13,6,0.20816659994661327,2500,OLS_oracle,iid,False,5
10,3,3001,23,230001,True,372,False,100,0.342157522536789,3.2520557888783514,0.0638793659649399,0.027524124606086112,0.19284786656600797,0.1967627874314982,0.9804825403190103,0.02235362627520171,13,6,0.20816659994661327,2500,OLS_oracle,iid,False,5
10,5,5001,25,250001,True,272,False,100,0.8543597406519545,2.253470294177532,0.09197301382679023,0.042986056396473765,0.24487762046286754,0.34405377016691147,0.9491509594234985,0.023363159351591847,13,6,0.20816659994661327,2500,OLS_oracle,iid,False,5
10,8,8001,5,50001,True,138,False,100,0.7275820555803119,1.1827525892294943,0.04247417971423117,0.018370532180476986,0.13042138315641533,0.22159791017132383,0.9766151796092232,0.02231875277682984,13,6,0.20816659994661327,2500,OLS_oracle,iid,False,5
10,4,4001,26,260001,True,147,False,100,0.6424308539801981,2.775623164139688,0.020248134935694027,0.009446816909026799,0.051920983783675455,0.17785007351257823,0.9840235048601667,0.022645973999963622,13,6,0.20816659994661327,2500,OLS_oracle,iid,False,5
10,3,3001,17,170001,True,129,False,100,0.5818745026674752,3.4704025899991393,0.2592611025795491,0.12266354466599687,0.807127106258518,0.7145488953537774,0.7729384330279977,0.022038078192861965,13,6,0.20816659994661327,2500,OLS_oracle,iid,False,5
10,5,5001,15,150001,True,142,False,100,0.6181341499417189,2.4295261092483997,0.2889159612983189,0.1472709591331858,0.8959881633875602,0.8060407337518479,0.8106304783982473,0.022893378809116214,13,6,0.20816659994661327,2500,OLS_oracle,iid,False,5
10,7,7001,23,230001,True,164,False,100,0.342157522536789,1.3302772277966142,0.05035349071529392,0.023719498245550603,0.13294588863454668,0.18267701936921177,0.9834099474264281,0.022227666676863437,13,6,0.20816659994661327,2500,OLS_oracle,iid,False,5
10,8,8001,18,180001,True,126,False,100,0.7180432388982687,0.9958299901336432,0.0616396271482436,0.026084952062664573,0.16189571779570727,0.30363567158476373,0.9564063429623978,0.0225341226418057,13,6,0.20816659994661327,2500,OLS_oracle,iid,False,5
10,8,8001,24,240001,True,115,False,100,0.39017538928655526,0.8828904540278018,0.03677663817010076,0.015340487674064141,0.10643291982381901,0.1747068273523834,0.9846524117013691,0.02299716879520686,13,6,0.20816659994661327,2500,OLS_oracle,iid,False,5
10,4,4001,18,180001,True,261,False,100,0.7180432388982687,2.9313654503785074,0.08717457204335465,0.036011148192642624,0.25761071576811734,0.38469954155314334,0.9355547996751695,0.02376173005703731,13,6,0.20816659994661327,2500,OLS_oracle,iid,False,5
10,1,1001,24,240001,True,241,False,100,0.39017538928655526,4.425860628951341,0.0522176747479001,0.02399456760978312,0.1473929855021381,0.18739867515569583,0.9829421636889294,0.022203031806193766,13,6,0.20816659994661327,2500,OLS_oracle,iid,False,5
10,9,9001,2,20001,True,104,False,100,0.5245446022168766,0.8317020181566477,0.32529298918442673,0.1714619593257189,0.9679890657618926,1.3763136047343536,0.34810382020439157,0.022989927637848427,13,6,0.20816659994661327,2500,OLS_oracle,iid,False,5
10,9,9001,15,150001,True,83,False,100,0.6181341499417189,0.6510406439192593,0.27643729830348235,0.1296057001770314,1.082270930351184,0.6922686453007177,0.7987260790545072,0.022411083898563708,13,6,0.20816659994661327,2500,OLS_oracle,iid,False,5
11,0,1,8,80001,True,48,False,100,0.7893747089092475,0.3209974570199847,0.01186682546141628,0.0039670162958173934,0.04162683918006582,0.23437966311918573,0.9727470279219057,0.02924423123385986,13,6,0.20816659994661327,2500,OLS_oracle,iid,False,5
9,9,9001,20,200001,True,329,False,100,0.7441070845880903,5.656272273976356,0.12835650382216346,0.06614434523948148,0.33822942346794604,0.3427976009258577,0.9455319047426674,0.016003122304644526,13,6,0.20816659994661327,2500,OLS_oracle,iid,False,5
10,6,6001,14,140001,True,117,False,100,0.8062078923370198,2.0712860827334225,0.15886699419438075,0.06371944322458512,0.5370033238295244,0.6035420613390636,0.8447198780266277,0.02336238017286069,13,6,0.20816659994661327,2500,OLS_oracle,iid,False,5
10,7,7001,13,130001,True,201,False,100,0.70273688421089,1.6370676420629025,0.2568273938674604,0.1237095289140345,0.7308776882195941,0.7013790810607547,0.7932849886508412,0.022185375355849288,13,6,0.20816659994661327,2500,OLS_oracle,iid,False,5
10,8,8001,27,270001,True,125,False,100,0.6920673881305397,1.0074408571235836,0.04243858313611852,0.017188906260114708,0.13826941942228363,0.256108646560717,0.9683633886077384,0.022645121958934134,13,6,0.20816659994661327,2500,OLS_oracle,iid,False,5
10,6,6001,20,200001,True,88,False,100,0.7441070845880903,2.0100558772683144,0.2088199749443968,0.092910195656406,0.6380012352577883,0.5198581650501676,0.8763931173421469,0.022783473229537436,13,6,0.20816659994661327,2500,OLS_oracle,iid,False,5
10,6,6001,25,250001,True,143,False,100,0.8543597406519545,1.9626277992501855,0.10527718810614548,0.04495783945232202,0.3420401413257539,0.31452636555614505,0.951451026280646,0.023439082791659193,13,6,0.20816659994661327,2500,OLS_oracle,iid,False,5
10,7,7001,14,140001,True,209,False,100,0.8062078923370198,1.6989077217876911,0.10147961587574521,0.043038003074708314,0.2723480813178692,0.41202849281734183,0.9113957754022265,0.024364425888271465,13,6,0.20816659994661327,2500,OLS_oracle,iid,False,5
10,7,7001,16,160001,True,122,False,100,0.5799721707897568,1.70022845081985,0.32455824295816477,0.17097107818950102,0.8911420801638819,1.0610932417923282,0.6141179579862013,0.022131010326544825,13,6,0.20816659994661327,2500,OLS_oracle,iid,False,5
10,8,8001,21,210001,True,68,False,100,0.6394234281069731,1.190564509946853,0.33994753300481456,0.18218538366130888,1.0539433472521866,0.979311660006402,0.691820477034606,0.022599925886571903,13,6,0.20816659994661327,2500,OLS_oracle,iid,False,5
10,7,7001,29,290001,True,195,False,100,0.41199817173291603,1.586966237053275,0.05601853618734903,0.023852990216814602,0.1433768476349682,0.20116899324483692,0.9801433530509985,0.02203219547819891,13,6,0.20816659994661327,2500,OLS_oracle,iid,False,5
10,8,8001,2,20001,True,199,False,100,0.5245446022168766,1.5637947930954397,0.052307996342499316,0.02268236422542606,0.14173975945143272,0.21061466582763755,0.9781355196634859,0.022567146009417,13,6,0.20816659994661327,2500,OLS_oracle,iid,False,5
10,6,6001,27,270001,True,257,False,100,0.6920673881305397,2.0858101239427924,0.08963672513425922,0.039423426454349784,0.27840516346445204,0.27572882794283976,0.9619164797902314,0.022583837567592645,13,6,0.20816659994661327,2500,OLS_oracle,iid,False,5
10,4,4001,11,110001,True,183,False,100,0.7202541355184574,3.3763056159950793,0.08529773077440604,0.03965718628088984,0.21990479142087396,0.33447019916897514,0.9501295571118256,0.0231154660709227,13,6,0.20816659994661327,2500,OLS_oracle,iid,False,5
10,9,9001,26,260001,True,86,False,100,0.6424308539801981,0.708829530980438,0.2734809969720538,0.130295877283519,1.047061351034814,0.6643232180186263,0.8099283910729994,0.02217593256888593,13,6,0.20816659994661327,2500,OLS_oracle,iid,False,5
10,8,8001,20,200001,True,180,False,100,0.7441070845880903,1.3869960140436888,0.06724578397423646,0.027509197616267043,0.18607162755035755,0.2382180353998108,0.9708774753431575,0.022989384982271977,13,6,0.20816659994661327,2500,OLS_oracle,iid,False,5
11,0,1,17,170001,True,75,False,100,0.5818745026674752,0.5250214547850192,0.2705961016692394,0.1162149616857447,1.075223933261373,0.9368702887861132,0.7223607967811543,0.02942878211922723,13,6,0.20816659994661327,2500,OLS_oracle,iid,False,5
10,9,9001,21,210001,True,103,False,100,0.6394234281069731,0.879075507633388,0.060674456793457975,0.0270051951312418,0.1617335069492945,0.21426471011779138,0.9765751885622173,0.02193584503107598,13,6,0.20816659994661327,2500,OLS_oracle,iid,False,5
10,5,5001,4,40001,True,316,False,100,0.35763954206304416,3.0677848369814456,0.07514208982932358,0.03105251688910663,0.22407928280376,0.22082119681158355,0.9753110642875105,0.02176775776378553,13,6,0.20816659994661327,2500,OLS_oracle,iid,False,5
10,9,9001,9,90001,True,142,False,100,0.6913889898175131,1.1594348861835897,0.061188236255527856,0.027143815431673254,0.1534743088795547,0.21988907229186827,0.9764558499765236,0.022597628662420762,13,6,0.20816659994661327,2500,OLS_oracle,iid,False,5
10,5,5001,18,180001,True,351,False,100,0.7180432388982687,2.8715852797031403,0.14582581040391598,0.0667863566539484,0.44392022292837524,0.37075014033710046,0.9321556000359893,0.022971054839568676,13,6,0.20816659994661327,2500,OLS_oracle,iid,False,5
10,6,6001,13,130001,True,220,False,100,0.70273688421089,2.46328981872648,0.05255254817712747,0.0238436580399277,0.15556917412589893,0.22724836907133264,0.9758517865184494,0.022545483465912976,13,6,0.20816659994661327,2500,OLS_oracle,iid,False,5
10,0,1,26,260001,True,366,False,100,0.6424308539801981,5.425006659235805,0.06430960157475975,0.028809457566266447,0.18034192583464873,0.24217345015859915,0.9740738956652861,0.022688626396253478,13,6,0.20816659994661327,2500,OLS_oracle,iid,False,5
11,0,1,16,160001,True,61,False,100,0.5799721707897568,0.6247342177666724,0.268241630332234,0.1148721722693588,1.0381099244985592,0.9230855316397153,0.7171218513611755,0.029681545532982273,13,6,0.20816659994661327,2500,OLS_oracle,iid,False,5
10,7,7001,20,200001,True,217,False,100,0.7441070845880903,1.9285473716445267,0.04581518731169933,0.02181074877244828,0.11368223719043136,0.23413466198554533,0.9741529507377619,0.022374078710188247,13,6,0.20816659994661327,2500,OLS_oracle,iid,False,5
10,8,8001,1,10001,True,106,False,100,0.8537373888613078,1.7938185590319335,0.2540447377556922,0.13891669731933426,0.6385618121804919,0.7073465228571179,0.7734147770995975,0.022776634151992756,13,6,0.20816659994661327,2500,OLS_oracle,iid,False,5
10,8,8001,25,250001,True,172,False,100,0.8543597406519545,1.4187943912111223,0.04525834558399965,0.017698147609647948,0.14158159171710352,0.29457567279002966,0.9598422828911181,0.022448640351521363,13,6,0.20816659994661327,2500,OLS_oracle,iid,False,5
10,7,7001,3,30001,True,106,False,100,0.8534971502031466,2.2053923811763525,0.04844223532228636,0.02119641445484773,0.12631265379546885,0.247775812748504,0.9682335562778436,0.02297642362137967,13,6,0.20816659994661327,2500,OLS_oracle,iid,False,5
10,6,6001,2,20001,True,361,False,100,0.5245446022168766,2.7818241980858147,0.0771624492742246,0.03639240314738122,0.19303578706463903,0.24644566551893013,0.9708599314216345,0.022185819056275348,13,6,0.20816659994661327,2500,OLS_oracle,iid,False,5
10,6,6001,26,260001,True,297,False,100,0.6424308539801981,2.3445600951090455,0.09735370686361629,0.04431790297653342,0.2673544406929554,0.2691146230857962,0.9674397947774676,0.022670366569549724,13,6,0.20816659994661327,2500,OLS_oracle,iid,False,5
10,6,6001,22,220001,True,289,False,100,0.37301700423673845,2.4515450540930033,0.06784341480005622,0.02940427644952267,0.20198840975172858,0.2134238013339936,0.9778882419827392,0.022314963807591466,13,6,0.20816659994661327,2500,OLS_oracle,iid,False,5
10,9,9001,23,230001,True,123,False,100,0.342157522536789,1.009140552021563,0.27241153665306156,0.1364009373113762,0.8127932685910431,0.6747655069550579,0.818706082881469,0.022343636853640655,13,6,0.20816659994661327,2500,OLS_oracle,iid,False,5
10,7,7001,25,250001,True,261,False,100,0.8543597406519545,1.9744730228558183,0.07341100700475257,0.029186131058116842,0.24367792810131328,0.3722132865480216,0.9411434874452153,0.0227370277752391,13,6,0.20816659994661327,2500,OLS_oracle,iid,False,5
10,9,9001,5,50001,True,172,False,100,0.7275820555803119,1.3948100549168885,0.07464965732803919,0.03148059078695922,0.20246930212028225,0.23655077532966554,0.9716068930352506,0.023338679111248553,13,6,0.20816659994661327,2500,OLS_oracle,iid,False,5
10,6,6001,7,70001,True,316,False,100,0.25115913509003157,2.7501794500276446,0.04774726052946678,0.02243200279849787,0.11559325511495254,0.18130227196730808,0.9835464465599819,0.021818130636982642,13,6,0.20816659994661327,2500,OLS_oracle,iid,False,5
10,8,8001,3,30001,True,235,False,100,0.8534971502031466,1.9204080640338361,0.05530270921395727,0.02312383993899644,0.15906212629020838,0.25768016422062634,0.9669255656198635,0.02239959031556257,13,6,0.20816659994661327,2500,OLS_oracle,iid,False,5
10,8,8001,6,60001,True,219,False,100,0.3078685930723195,1.9023352940566838,0.06491246748507956,0.028641282030543037,0.18366605528452545,0.1997754131703031,0.979751348722783,0.02264280480159382,13,6,0.20816659994661327,2500,OLS_oracle,iid,False,5
10,9,9001,10,100001,True,161,False,100,0.6962106876760279,1.3377165319398046,0.049654753085101956,0.020416548762586344,0.16509746467991146,0.24950663152207211,0.968979709727723,0.02237563985382974,13,6,0.20816659994661327,2500,OLS_oracle,iid,False,5
11,0,1,3,30001,True,141,False,100,0.2552714145241188,0.998795174062252,0.03003871245861328,0.01178684625686512,0.07923792114208578,0.17475527042492178,0.9848307620529138,0.03003776078564064,13,6,0.20816659994661327,2500,OLS_oracle,iid,False,5
10,9,9001,12,120001,True,141,False,100,0.44604602890742173,1.3145782980136573,0.05754551216528158,0.026292881167345107,0.15552510373393574,0.2031617581533178,0.9799132174902548,0.02246541828673362,13,6,0.20816659994661327,2500,OLS_oracle,iid,False,5
10,9,9001,19,190001,True,152,False,100,0.3859739111599441,1.2390923788771033,0.1005020710704019,0.044864772053591975,0.25831446681932513,0.25153024667942864,0.9687027587956109,0.022648003550856947,13,6,0.20816659994661327,2500,OLS_oracle,iid,False,5
10,9,9001,3,30001,True,180,False,100,0.8534971502031466,1.5558337238617241,0.27597352679132897,0.15754523257282083,0.8508187735527777,0.7418081341319379,0.7974937600878453,0.023115695053713886,13,6,0.20816659994661327,2500,OLS_oracle,iid,False,5
10,5,5001,1,10001,True,177,False,100,0.8537373888613078,3.5349593348801136,0.28529142099627125,0.13818808456114803,1.2829249431638359,0.789952365217024,0.7816416593026415,0.02304992714179115,13,6,0.20816659994661327,2500,OLS_oracle,iid,False,5
10,1,1001,26,260001,True,289,False,100,0.6424308539801981,5.22426187293604,0.0473175409072468,0.021806790424854818,0.13088667280254224,0.21932757821977256,0.977713638854862,0.022929541861540125,13,6,0.20816659994661327,2500,OLS_oracle,iid,False,5
11,0,1,2,20001,True,158,False,100,0.5245446022168766,1.1370237260125577,0.023741326252739888,0.00930932648959881,0.06310082976884442,0.18516749374516595,0.9834084155020655,0.02962919703128239,13,6,0.20816659994661327,2500,OLS_oracle,iid,False,5
11,0,1,21,210001,True,130,False,100,0.02943071072137832,0.8862447338178754,0.016098695713651405,0.006197402220911585,0.04821695142392227,0.1493355920560694,0.9887930543335128,0.028517800044223798,13,6,0.20816659994661327,2500,OLS_oracle,iid,False,5
11,0,1,20,200001,True,125,False,100,0.7441070845880903,0.8989892709068954,0.004888957730545004,0.0018975256512244925,0.014135472408955916,0.20791430727905347,0.9782219628200111,0.029497724491367186,13,6,0.20816659994661327,2500,OLS_oracle,iid,False,5
10,8,8001,4,40001,True,217,False,100,0.35763954206304416,2.0873408308252692,0.04907632839029519,0.021357161212361454,0.1320866682327193,0.18325333662385446,0.9830997717756044,0.022469816267210944,13,6,0.20816659994661327,2500,OLS_oracle,iid,False,5
10,9,9001,18,180001,True,104,False,100,0.7180432388982687,1.3685143389739096,0.2559053664015811,0.1361066997008996,0.5849389298753986,0.782136562096659,0.7928697176302971,0.02306685715848152,13,6,0.20816659994661327,2500,OLS_oracle,iid,False,5
11,0,1,14,140001,True,150,False,100,0.8062078923370198,1.0248277019709349,0.041249565696951325,0.015378428366451185,0.13348589645607212,0.3120240543169232,0.9602344869477206,0.030832485970366655,13,6,0.20816659994661327,2500,OLS_oracle,iid,False,5
11,0,1,28,280001,True,137,False,100,0.5712929001507189,0.8866706010885537,0.008731031124794347,0.0033084683544841783,0.027261453428517726,0.172888713224797,0.9850551433115782,0.02971822348071014,13,6,0.20816659994661327,2500,OLS_oracle,iid,False,5
10,8,8001,13,130001,True,234,False,100,0.70273688421089,2.049231078941375,0.12277247524322715,0.04885765391599377,0.409127705050792,0.36493376494817675,0.9405248722313453,0.022729917193152264,13,6,0.20816659994661327,2500,OLS_oracle,iid,False,5
10,6,6001,4,40001,True,359,False,100,0.35763954206304416,3.0717697413638234,0.06239754754332706,0.0297957465322459,0.15312079800870998,0.19664900559084,0.9808694428762156,0.022372701680921196,13,6,0.20816659994661327,2500,OLS_oracle,iid,False,5
10,8,8001,26,260001,True,92,False,100,0.6424308539801981,1.788788162637502,0.2730240330425642,0.12407505527288702,1.1075996196264113,0.6961833782146037,0.8095098316659772,0.022749192674194542,13,6,0.20816659994661327,2500,OLS_oracle,iid,False,5
10,2,2001,27,270001,True,390,False,100,0.6920673881305397,4.804559642914683,0.07072534042702242,0.032125824056782534,0.1951531816527606,0.2734745898256738,0.9648449967586391,0.023668271439763112,13,6,0.20816659994661327,2500,OLS_oracle,iid,False,5
11,0,1,4,40001,True,181,False,100,0.14439215978328374,1.228984849061817,0.05080716221132637,0.01998279916258889,0.13153162787892858,0.19412889371053074,0.9813308110857915,0.028957250574581844,13,6,0.20816659994661327,2500,OLS_oracle,iid,False,5
11,1,1001,25,250001,True,44,False,100,0.8543597406519545,0.443624387960881,0.18297383153196586,0.0674213429942345,0.682912921092116,0.6946525434085933,0.8235250275092063,0.030413886482450237,13,6,0.20816659994661327,2500,OLS_oracle,iid,False,5
11,1,1001,0,1,True,147,False,100,0.4365100160643884,0.9481416237540543,0.030220117306919404,0.01168689433273662,0.08933149081020919,0.18828629622596482,0.983013663105019,0.029395657737198468,13,6,0.20816659994661327,2500,OLS_oracle,iid,False,5
11,0,1,9,90001,True,183,False,100,0.07307464244893788,1.2206563618965447,0.0466026794953923,0.018315246239964073,0.12239875081743724,0.186121616307833,0.98270768154915,0.030127868844996963,13,6,0.20816659994661327,2500,OLS_oracle,iid,False,5
10,8,8001,17,170001,True,250,False,100,0.5818745026674752,2.022331768181175,0.03885164431440756,0.018436464388174985,0.0985608909758038,0.22544822088506775,0.9748084674783947,0.022702377263022502,13,6,0.20816659994661327,2500,OLS_oracle,iid,False,5
11,0,1,0,1,True,209,False,100,0.4365100160643884,1.3522933218628168,0.030958090707112938,0.012129152018551005,0.08405118463042402,0.18687733247729152,0.9833879105095036,0.030413339852220913,13,6,0.20816659994661327,2500,OLS_oracle,iid,False,5
10,5,5001,20,200001,True,330,False,100,0.7441070845880903,3.429284465033561,0.0701237397116876,0.0310977035034411,0.20677700706829336,0.23392178384107742,0.9731798790300917,0.022654140104030822,13,6,0.20816659994661327,2500,OLS_oracle,iid,False,5
11,0,1,26,260001,True,168,False,100,0.6424308539801981,1.0966267650946975,0.24126622071587545,0.09885358469584064,0.9071479984611902,0.7699547822817454,0.769302439197824,0.02950416047995536,13,6,0.20816659994661327,2500,OLS_oracle,iid,False,5
10,7,7001,21,210001,True,207,False,100,0.6394234281069731,2.472659755963832,0.05849171625541521,0.025763640123313353,0.15631402818366547,0.2096328481648574,0.9780734656487761,0.022445306514199806,13,6,0.20816659994661327,2500,OLS_oracle,iid,False,5
10,9,9001,16,160001,True,201,False,100,0.5799721707897568,1.6257904218509793,0.05969217496159561,0.025395992820040094,0.17335933028687184,0.23037716031603037,0.9755592716895677,0.022595334184121543,13,6,0.20816659994661327,2500,OLS_oracle,iid,False,5
11,0,1,24,240001,True,83,False,100,0.22411716837387027,1.1528685139492154,0.015504621241484948,0.005503488132105069,0.05263006898932136,0.15209012952604073,0.9883875824553943,0.029153849359614445,13,6,0.20816659994661327,2500,OLS_oracle,iid,False,5
10,8,8001,22,220001,True,229,False,100,0.37301700423673845,2.0720152258872986,0.26667685984415557,0.1285302127032617,0.690597672004015,0.6522041824407759,0.8298446302389489,0.02193414464427583,13,6,0.20816659994661327,2500,OLS_oracle,iid,False,5
11,1,1001,6,60001,True,138,False,100,0.02971139490549845,1.0533940689638257,0.011317536391690168,0.004314310434067231,0.03485712816904986,0.1488791495109531,0.988879702005832,0.030344586469222928,13,6,0.20816659994661327,2500,OLS_oracle,iid,False,5
11,1,1001,15,150001,True,133,False,100,0.6181341499417189,0.890036900062114,0.010479967556765921,0.0038369535374007317,0.03453843060653419,0.18415633820346236,0.9831933305031184,0.029255355192996504,13,6,0.20816659994661327,2500,OLS_oracle,iid,False,5
11,2,2001,2,20001,True,98,False,100,0.5245446022168766,0.6511596841737628,0.015404825703419982,0.005628380465158457,0.050910769554054984,0.17408967654564494,0.985029614330239,0.03000750983982983,13,6,0.20816659994661327,2500,OLS_oracle,iid,False,5
10,9,9001,29,290001,True,156,False,100,0.41199817173291603,1.5976518518291414,0.2798319489617722,0.1369099618229054,0.9753362138315295,0.7283918684104266,0.7947495219741475,0.02174163266422246,13,6,0.20816659994661327,2500,OLS_oracle,iid,False,5
11,0,1,19,190001,True,133,False,100,0.009825966638884754,1.3453595037572086,0.026226824436084834,0.010228521318136294,0.07408235923143296,0.1538838515931743,0.9880980102869491,0.029054662114011316,13,6,0.20816659994661327,2500,OLS_oracle,iid,False,5
11,0,1,1,10001,True,258,False,100,0.3832513207495934,1.6170219802297652,0.032721021683343926,0.012722098834332495,0.09446460692806276,0.18277754357600812,0.9835659602679931,0.02999740392887682,13,6,0.20816659994661327,2500,OLS_oracle,iid,False,5
11,1,1001,26,260001,True,108,False,100,0.6424308539801981,0.7920839912258089,0.0064531192123637,0.002531069361479588,0.016640659584470804,0.18328118678744743,0.9831366906077299,0.029793046077565572,13,6,0.20816659994661327,2500,OLS_oracle,iid,False,5
11,2,2001,3,30001,True,106,False,100,0.2552714145241188,0.7074832827784121,0.00589707785530454,0.001989582012311014,0.020602167933367894,0.15306480308339565,0.9882261835655042,0.02983097593101138,13,6,0.20816659994661327,2500,OLS_oracle,iid,False,5
11,2,2001,0,1,True,122,False,100,0.4365100160643884,0.7767519471235573,0.012595025220018695,0.0040251058991731484,0.04479875962651351,0.16357981580981568,0.9866072603106713,0.02952017419657503,13,6,0.20816659994661327,2500,OLS_oracle,iid,False,5
10,8,8001,10,100001,True,272,False,100,0.6962106876760279,2.5294681009836495,0.0815130408726421,0.0340550629276347,0.2643483013826782,0.28689022349373206,0.9593214233066111,0.02340389175992551,13,6,0.20816659994661327,2500,OLS_oracle,iid,False,5
10,4,4001,1,10001,True,318,False,100,0.8537373888613078,4.5693655433133245,0.10456465567568955,0.04600942929851678,0.33376475848876097,0.4201989912431939,0.9310935928641547,0.023764026089043856,13,6,0.20816659994661327,2500,OLS_oracle,iid,False,5
10,8,8001,29,290001,True,208,False,100,0.41199817173291603,2.2483711601234972,0.04924949584797844,0.023036425811493448,0.13301811325536878,0.1965464503163211,0.9806312433341917,0.02295866443648271,13,6,0.20816659994661327,2500,OLS_oracle,iid,False,5
10,7,7001,10,100001,True,319,False,100,0.6962106876760279,2.985739386174828,0.09717061637418928,0.045147380889682516,0.2713433141843737,0.28633471546397343,0.9583320655711667,0.02287480150909978,13,6,0.20816659994661327,2500,OLS_oracle,iid,False,5
11,2,2001,16,160001,True,92,False,100,0.5799721707897568,0.6149650551378727,0.0034072734616599426,0.0012770749471845248,0.010861835427165298,0.17278711273824576,0.9850225742545924,0.029334319812435637,13,6,0.20816659994661327,2500,OLS_oracle,iid,False,5
11,1,1001,29,290001,True,114,False,100,0.41199817173291603,0.8911188109777868,0.03611609420208032,0.014178786796003382,0.09511739443748171,0.1950578061847738,0.9820301279285171,0.02898263143082885,13,6,0.20816659994661327,2500,OLS_oracle,iid,False,5
11,1,1001,10,100001,True,87,False,100,0.159010461734683,1.236256793141365,0.22371581382232472,0.09332267349971018,0.6373648247691039,0.7100720427837517,0.810781680625591,0.02895965444287452,13,6,0.20816659994661327,2500,OLS_oracle,iid,False,5
10,9,9001,20,200001,True,228,False,100,0.7441070845880903,1.9233295978046954,0.07938037215738067,0.03358450425960419,0.2197592718566242,0.24756393922420905,0.9691468803680859,0.023164777832013938,13,6,0.20816659994661327,2500,OLS_oracle,iid,False,5
10,9,9001,0,1,True,256,False,100,0.5768564420455111,2.3275012858211994,0.056868106276673956,0.023838032684459238,0.1833615699759086,0.21744531016796076,0.9779951991249288,0.02247504035805272,13,6,0.20816659994661327,2500,OLS_oracle,iid,False,5
10,7,7001,15,150001,True,177,False,100,0.6181341499417189,2.987529329955578,0.27893204491681767,0.13500953701090163,1.0309696239188153,0.6974574164654587,0.7959576282575368,0.023438911241339122,13,6,0.20816659994661327,2500,OLS_oracle,iid,False,5
11,2,2001,29,290001,True,78,False,100,0.41199817173291603,0.5060997228138149,0.031522705904305566,0.012376425742871578,0.08154608708964295,0.1850711090075277,0.9836104257940412,0.0294384702974203,13,6,0.20816659994661327,2500,OLS_oracle,iid,False,5
10,7,7001,17,170001,True,377,False,100,0.5818745026674752,3.003646368160844,0.08327264388773396,0.03625492608704603,0.2264379438124353,0.2548631574355955,0.9674565259793909,0.02319488737520299,13,6,0.20816659994661327,2500,OLS_oracle,iid,False,5
10,8,8001,15,150001,True,174,False,100,0.6181341499417189,2.6196429897099733,0.026535467559378006,0.012586918109032572,0.0661446035562236,0.19083738501213074,0.9818789418320986,0.022196996172102877,13,6,0.20816659994661327,2500,OLS_oracle,iid,False,5
11,2,2001,1,10001,True,152,False,100,0.3832513207495934,0.9551021917723119,0.02051776593973251,0.0079860373821871,0.058576440924950006,0.16199104715347973,0.9869270593013226,0.029134171510895732,13,6,0.20816659994661327,2500,OLS_oracle,iid,False,5
11,0,1,23,230001,True,100,False,100,0.16638812073905287,1.5536376042291522,0.009497295316580223,0.003284397336165122,0.03278200308164634,0.15023736368110516,0.9886341451910243,0.029141984921238116,13,6,0.20816659994661327,2500,OLS_oracle,iid,False,5
10,7,7001,19,190001,True,368,False,100,0.3859739111599441,2.972615882754326,0.06023554510335761,0.02766110926554424,0.17160182239289826,0.20557020187288336,0.9792376320235974,0.022568681416067715,13,6,0.20816659994661327,2500,OLS_oracle,iid,False,5
11,1,1001,20,200001,True,90,False,100,0.7441070845880903,1.088969602715224,0.014136946195659283,0.00545541340633177,0.04196057198208584,0.2188795106530316,0.976721115883422,0.029859066900608657,13,6,0.20816659994661327,2500,OLS_oracle,iid,False,5
10,7,7001,7,70001,True,393,False,100,0.25115913509003157,3.1569556649774313,0.05954404694992798,0.025690014177449778,0.15890937870280894,0.19431135495974258,0.9808356442780178,0.022850104462838396,13,6,0.20816659994661327,2500,OLS_oracle,iid,False,5
11,0,1,11,110001,True,152,False,100,0.7074142844604647,1.7074841456487775,0.037815073827479326,0.01439546710981381,0.11755168918528511,0.25383029182745664,0.9716219242615278,0.029563277583889096,13,6,0.20816659994661327,2500,OLS_oracle,iid,False,5
10,5,5001,23,230001,True,208,False,100,0.342157522536789,3.895879167597741,0.2798174805761902,0.13471636513813243,0.818384457926758,0.7199759722868322,0.7965106392562902,0.02280705269876024,13,6,0.20816659994661327,2500,OLS_oracle,iid,False,5
11,2,2001,27,270001,True,93,False,100,0.549588323776868,0.6179744880646467,0.2436961412708224,0.10097904539326263,0.8895489935600404,0.7730731584955896,0.771628877322962,0.02946790323977357,13,6,0.20816659994661327,2500,OLS_oracle,iid,False,5
10,7,7001,26,260001,True,367,False,100,0.6424308539801981,2.932362131308764,0.08600439187030903,0.03867525568452113,0.23788415052543255,0.24563940533192707,0.970910843646641,0.022307030582495013,13,6,0.20816659994661327,2500,OLS_oracle,iid,False,5
10,9,9001,8,80001,True,195,False,100,0.7893747089092475,2.324201164767146,0.06336199813851351,0.029310865981718084,0.15758510384446844,0.2660043940654176,0.9639416073935494,0.02403414471131809,13,6,0.20816659994661327,2500,OLS_oracle,iid,False,5
11,1,1001,21,210001,True,174,False,100,0.02943071072137832,1.1674280147999525,0.03971544429620454,0.015566073644994858,0.10833506673327643,0.1747850499356389,0.9846806584404846,0.028806729924335465,13,6,0.20816659994661327,2500,OLS_oracle,iid,False,5
11,0,1,18,180001,True,257,False,100,0.11857788219022193,1.7119994261302054,0.03285184511456304,0.012894958645644473,0.08632329895231014,0.1660856740632149,0.986151939294932,0.0288964264994221,13,6,0.20816659994661327,2500,OLS_oracle,iid,False,5
11,1,1001,1,10001,True,205,False,100,0.3832513207495934,1.5752031612209976,0.02981202380382925,0.011551496934138782,0.08739332582369519,0.17684757900857057,0.9845855007412395,0.029129990913624844,13,6,0.20816659994661327,2500,OLS_oracle,iid,False,5
11,1,1001,12,120001,True,128,False,100,0.44604602890742173,1.3453308250755072,0.0190777325967819,0.0074146472090360896,0.05490106633506921,0.1720446339062804,0.9854288267386337,0.028497333695787885,13,6,0.20816659994661327,2500,OLS_oracle,iid,False,5
11,0,1,27,270001,True,261,False,100,0.549588323776868,1.6427412717603147,0.0353918224216482,0.013792287906299768,0.10097451812262416,0.21122520705294834,0.9791082940286133,0.029647217838922497,13,6,0.20816659994661327,2500,OLS_oracle,iid,False,5
10,9,9001,14,140001,True,223,False,100,0.8062078923370198,2.2477214951068163,0.28329835383122715,0.12277828810214819,0.8423605565490677,0.8465586315788295,0.7402823447726687,0.024193471614170212,13,6,0.20816659994661327,2500,OLS_oracle,iid,False,5
11,1,1001,28,280001,True,169,False,100,0.5712929001507189,1.1178152868524194,0.013786066234372502,0.004530743604340577,0.048659329807298604,0.17720369308417847,0.9844581403524097,0.029825926956269906,13,6,0.20816659994661327,2500,OLS_oracle,iid,False,5
10,5,5001,24,240001,True,431,False,100,0.39017538928655526,4.001191611867398,0.07127015188033273,0.03069605296357967,0.2172481204572495,0.2074412350753471,0.9782380588906453,0.02187797191569263,13,6,0.20816659994661327,2500,OLS_oracle,iid,False,5
10,8,8001,19,190001,True,333,False,100,0.3859739111599441,2.6492289369925857,0.08742638063655399,0.040956920683475076,0.21639372131902757,0.2350205316271218,0.973172562418304,0.022961165464451233,13,6,0.20816659994661327,2500,OLS_oracle,iid,False,5
11,1,1001,16,160001,True,152,False,100,0.5799721707897568,1.32422357192263,0.04712532953474223,0.018163263108874936,0.14209246779596166,0.2373655669897758,0.9750377671733564,0.029199882099635355,13,6,0.20816659994661327,2500,OLS_oracle,iid,False,5
10,7,7001,24,240001,True,248,False,100,0.39017538928655526,3.0832330496050417,0.04829298392136633,0.02116904091323505,0.12926725997837893,0.18515780234553972,0.9828206558426991,0.02220143637822727,13,6,0.20816659994661327,2500,OLS_oracle,iid,False,5
11,2,2001,17,170001,True,135,False,100,0.5818745026674752,0.9004027778282762,0.011153865429628512,0.004366304607225526,0.03022443815165265,0.17815245542965824,0.9842423554835799,0.029395104269275458,13,6,0.20816659994661327,2500,OLS_oracle,iid,False,5
11,0,1,5,50001,True,232,False,100,0.042594374175743195,2.0430641039274633,0.047942017131582096,0.018841134472079964,0.12658107646362457,0.1911205703484386,0.9817576797364671,0.02884301442251389,13,6,0.20816659994661327,2500,OLS_oracle,iid,False,5
11,2,2001,10,100001,True,162,False,100,0.159010461734683,1.0874876556918025,0.03095128984443357,0.012149116567599455,0.08090329981401703,0.1695365258803113,0.9856166480244904,0.029608668012872867,13,6,0.20816659994661327,2500,OLS_oracle,iid,False,5
10,6,6001,0,1,True,208,False,100,0.5768564420455111,4.042817823123187,0.06185187192661574,0.02853420692349825,0.15261772330477677,0.23466617801201392,0.9749510406526606,0.022315687974355295,13,6,0.20816659994661327,2500,OLS_oracle,iid,False,5
11,3,3001,20,200001,True,53,False,100,0.7441070845880903,0.41715723322704434,0.007691891063493435,0.002732705509356881,0.026077792792176743,0.20599685452224437,0.9786387098306417,0.029003443969307985,13,6,0.20816659994661327,2500,OLS_oracle,iid,False,5
11,1,1001,19,190001,True,204,False,100,0.009825966638884754,1.3684014286845922,0.04710283594257956,0.018506498018219623,0.1249245827616993,0.18513175743611532,0.9828059892137346,0.030350930468035563,13,6,0.20816659994661327,2500,OLS_oracle,iid,False,5
11,2,2001,9,90001,True,172,False,100,0.07307464244893788,1.1471390258520842,0.03891362254636128,0.015288328457223804,0.09939172863835634,0.17397646546827245,0.9848747607540322,0.02890533021941164,13,6,0.20816659994661327,2500,OLS_oracle,iid,False,5
11,1,1001,22,220001,True,140,False,100,0.37301700423673845,1.3535986309871078,0.008802216023021862,0.003371578022390721,0.026756189182975832,0.15644500027756203,0.9877877868081919,0.029288448207718965,13,6,0.20816659994661327,2500,OLS_oracle,iid,False,5
11,0,1,7,70001,True,308,False,100,0.09875224987248879,2.06154702976346,0.05590701711075616,0.02181629902689823,0.16067749873831882,0.20370481218493475,0.9791652421443974,0.02929833157356945,13,6,0.20816659994661327,2500,OLS_oracle,iid,False,5
11,3,3001,8,80001,True,122,False,100,0.7893747089092475,0.7102920478209853,0.017230235250410147,0.006253891999166817,0.05735772347079947,0.2449785102416927,0.9710545375557142,0.029492426904189545,13,6,0.20816659994661327,2500,OLS_oracle,iid,False,5
11,2,2001,19,190001,True,164,False,100,0.009825966638884754,1.016409337054938,0.03717163653540814,0.01457691663009841,0.10032528095968382,0.17097212781865162,0.9853206713261713,0.029180559866275324,13,6,0.20816659994661327,2500,OLS_oracle,iid,False,5
11,3,3001,4,40001,True,121,False,100,0.14439215978328374,0.7804358736611903,0.263470516778241,0.11320504016617058,0.8196039062077078,0.9048690732466289,0.7351101878004043,0.02876579546167418,13,6,0.20816659994661327,2500,OLS_oracle,iid,False,5
10,9,9001,28,280001,True,277,False,100,0.8483447102745588,2.210703194141388,0.0538270765826411,0.024993583161042995,0.14400880068606656,0.2845737437402207,0.9605508671815249,0.023289994217044887,13,6,0.20816659994661327,2500,OLS_oracle,iid,False,5
11,2,2001,5,50001,True,117,False,100,0.042594374175743195,1.237746321130544,0.00872603975469561,0.0034028103590284958,0.0245271068760737,0.14441603959892899,0.9895268107982281,0.029077135746793433,13,6,0.20816659994661327,2500,OLS_oracle,iid,False,5
11,1,1001,14,140001,True,204,False,100,0.8062078923370198,1.5795023939572275,0.2755172549275442,0.14092197917834598,0.7803085423532318,0.9830567302150963,0.6811532045700324,0.030045772972093952,13,6,0.20816659994661327,2500,OLS_oracle,iid,False,5
11,0,1,12,120001,True,225,False,100,0.44604602890742173,2.073681091889739,0.034264286662099415,0.013269876060786638,0.10085187525509692,0.1832976660958718,0.9836174293857274,0.029347264681439098,13,6,0.20816659994661327,2500,OLS_oracle,iid,False,5
11,2,2001,4,40001,True,147,False,100,0.14439215978328374,1.2930014990270138,0.014605228470979932,0.005728079692728972,0.03818914501273233,0.15254034031217922,0.9883198209803767,0.029681976978483997,13,6,0.20816659994661327,2500,OLS_oracle,iid,False,5
11,2,2001,18,180001,True,164,False,100,0.11857788219022193,1.0861353678628802,0.05632728018268167,0.022151180917489074,0.15000790269054487,0.20287438363299545,0.9795422267802802,0.02968842692080642,13,6,0.20816659994661327,2500,OLS_oracle,iid,False,5
11,3,3001,10,100001,True,102,False,100,0.159010461734683,0.7022362588904798,0.01607880209983208,0.006090198572291073,0.05028854946986699,0.15324821533967728,0.9882346050799021,0.0292556196856058,13,6,0.20816659994661327,2500,OLS_oracle,iid,False,5
11,1,1001,18,180001,True,230,False,100,0.11857788219022193,1.5256046829745173,0.03774157922705542,0.014826043944324031,0.09704574571030959,0.17343307493535257,0.9850486892493633,0.028947635796824998,13,6,0.20816659994661327,2500,OLS_oracle,iid,False,5
11,1,1001,13,130001,True,262,False,100,0.1930394360659576,1.66345548722893,0.051752152628270646,0.020354914397636925,0.13472258270024046,0.2024970961951178,0.9799295284261942,0.029242711932433083,13,6,0.20816659994661327,2500,OLS_oracle,iid,False,5
10,4,4001,15,150001,True,234,False,100,0.6181341499417189,4.950926121789962,0.07436597506094646,0.031350554605029626,0.21965555732209768,0.26295145568819916,0.9681610053821985,0.022012132466742634,13,6,0.20816659994661327,2500,OLS_oracle,iid,False,5
11,3,3001,14,140001,True,105,False,100,0.8062078923370198,0.6825342536903918,0.013527358874914757,0.005277586571650083,0.03792894777414595,0.24895191882454568,0.9698400047923141,0.029127699761249185,13,6,0.20816659994661327,2500,OLS_oracle,iid,False,5
10,9,9001,25,250001,True,310,False,100,0.8543597406519545,2.368238003924489,0.08987233513301217,0.04170767159330365,0.2306730490525246,0.33504865318352434,0.9498827137765345,0.022930358193445754,13,6,0.20816659994661327,2500,OLS_oracle,iid,False,5
11,3,3001,28,280001,True,79,False,100,0.5712929001507189,0.5294490540400147,0.2525189863915124,0.1059985542731705,0.9228387898086677,0.8414741864121638,0.7411974978477623,0.02945679115069316,13,6,0.20816659994661327,2500,OLS_oracle,iid,False,5
10,6,6001,28,280001,True,337,False,100,0.8483447102745588,3.778120905160904,0.06989950348014157,0.03093790298912807,0.21673999515833517,0.3611647317395679,0.9464517002673705,0.023017801173721483,13,6,0.20816659994661327,2500,OLS_oracle,iid,False,5
10,7,7001,1,10001,True,223,False,100,0.8537373888613078,3.729141159914434,0.06954233954970092,0.02908430111956302,0.2259860303720765,0.33542879939224984,0.9527869482566435,0.02249587039406228,13,6,0.20816659994661327,2500,OLS_oracle,iid,False,5
11,1,1001,23,230001,True,154,False,100,0.16638812073905287,1.5658387849107385,0.03428884086391143,0.01307391696680857,0.10606045980332239,0.17103527636361077,0.9853486340545154,0.029701474065288436,13,6,0.20816659994661327,2500,OLS_oracle,iid,False,5
11,3,3001,2,20001,True,153,False,100,0.5245446022168766,1.0216407212428749,0.04208902253994049,0.016291294801231,0.12462774823919079,0.21735926645199405,0.9780852795805615,0.02856032346324419,13,6,0.20816659994661327,2500,OLS_oracle,iid,False,5
11,4,4001,20,200001,True,56,False,100,0.7441070845880903,0.3798688342794776,0.23644311452662164,0.09452632262592936,0.9236152249712462,0.7444678317948892,0.7784727870596424,0.030048631646651596,13,6,0.20816659994661327,2500,OLS_oracle,iid,False,5
11,3,3001,3,30001,True,94,False,100,0.2552714145241188,1.0605011158622801,0.2323403046357064,0.10966720722357487,0.7191580550353787,0.7400747188630342,0.7955090720555449,0.030469520291683615,13,6,0.20816659994661327,2500,OLS_oracle,iid,False,5
10,9,9001,27,270001,True,241,False,100,0.6920673881305397,2.448408180847764,0.10546024765986213,0.04685449795973222,0.2794961829462787,0.34474350837490975,0.9477047515218712,0.02305885840129091,13,6,0.20816659994661327,2500,OLS_oracle,iid,False,5
10,7,7001,9,90001,True,230,False,100,0.6913889898175131,3.712396868970245,0.10462186983477496,0.044043567565273216,0.2855191886705991,0.2752439792549817,0.9625850011038145,0.022637865549459065,13,6,0.20816659994661327,2500,OLS_oracle,iid,False,5
10,9,9001,17,170001,True,187,False,100,0.5818745026674752,2.64178003417328,0.09680984377838238,0.04638113807168674,0.22903993581988188,0.2854410969454992,0.9624898274993373,0.02317293985882882,13,6,0.20816659994661327,2500,OLS_oracle,iid,False,5
10,6,6001,16,160001,True,399,False,100,0.5799721707897568,4.0913598807528615,0.06408082224878797,0.029507590912267703,0.17782072391594803,0.2190771928946822,0.9767315544279697,0.022405946806483733,13,6,0.20816659994661327,2500,OLS_oracle,iid,False,5
11,0,1,13,130001,True,145,False,100,0.1930394360659576,2.2862657122313976,0.004944251319200706,0.001760176779913723,0.01673359186949663,0.14752931870816363,0.9890586050519137,0.029518399350970996,13,6,0.20816659994661327,2500,OLS_oracle,iid,False,5
11,1,1001,5,50001,True,303,False,100,0.042594374175743195,2.0194966732524335,0.03782611890541987,0.01485781908304736,0.09813041331044908,0.1745481879699486,0.984725891543905,0.030010052240084916,13,6,0.20816659994661327,2500,OLS_oracle,iid,False,5
11,1,1001,9,90001,True,295,False,100,0.07307464244893788,1.9679531413130462,0.0419079964662947,0.01646859516985126,0.10789493764971604,0.17876563955021196,0.9840416950915916,0.028713458272609956,13,6,0.20816659994661327,2500,OLS_oracle,iid,False,5
11,1,1001,11,110001,True,138,False,100,0.7074142844604647,1.926891126204282,0.006285108512338179,0.0024127277281612977,0.018975804307592492,0.19985405389240676,0.9798562415520018,0.02921624126186351,13,6,0.20816659994661327,2500,OLS_oracle,iid,False,5
11,2,2001,7,70001,True,230,False,100,0.09875224987248879,1.5296729961410165,0.04357532558439371,0.01702452352197439,0.12292038777167139,0.18268978416117487,0.983203211629784,0.028785769446410037,13,6,0.20816659994661327,2500,OLS_oracle,iid,False,5
11,2,2001,12,120001,True,145,False,100,0.44604602890742173,1.4510126658715308,0.014460113472899433,0.005576430022421584,0.04302789634438058,0.1646247369863107,0.9865687002292858,0.028542110446768642,13,6,0.20816659994661327,2500,OLS_oracle,iid,False,5
10,6,6001,11,110001,True,276,False,100,0.7202541355184574,4.2437839661724865,0.08133988199321507,0.03664816723239384,0.20418912411741696,0.32414944718878375,0.9503907513783686,0.02373050777997418,13,6,0.20816659994661327,2500,OLS_oracle,iid,False,5
11,3,3001,17,170001,True,141,False,100,0.5818745026674752,0.9074929361231625,0.00985754105978321,0.0037922733897009764,0.02956438164409964,0.18048194355491634,0.9837689563236247,0.029175549172211664,13,6,0.20816659994661327,2500,OLS_oracle,iid,False,5
11,4,4001,29,290001,True,72,False,100,0.41199817173291603,0.472471980843693,0.018675584451142018,0.007023416084726698,0.05925954688578815,0.16844924890374008,0.98603884902888,0.03083521224261518,13,6,0.20816659994661327,2500,OLS_oracle,iid,False,5
11,5,5001,11,110001,True,50,False,100,0.7074142844604647,0.35604916606098413,0.009930630927976117,0.0036888848600313247,0.03211830127903576,0.20107140372693688,0.9796336441760045,0.029649212465752323,13,6,0.20816659994661327,2500,OLS_oracle,iid,False,5
10,9,9001,24,240001,True,229,False,100,0.39017538928655526,2.7225306751206517,0.05540285654854891,0.024733031495743744,0.15903225863163156,0.19629362179502338,0.9811460607536047,0.022384446694345438,13,6,0.20816659994661327,2500,OLS_oracle,iid,False,5
11,2,2001,28,280001,True,129,False,100,0.5712929001507189,1.3668293938972056,0.009312218891038514,0.003109984074308385,0.032673295761673764,0.17581669612853157,0.9846689011297329,0.029565833110457396,13,6,0.20816659994661327,2500,OLS_oracle,iid,False,5
11,5,5001,14,140001,True,53,False,100,0.8062078923370198,0.3555154511705041,0.2563727329622663,0.1268929564629972,0.7803085423532318,0.8056786144507426,0.7393354856275242,0.029687157291531943,13,6,0.20816659994661327,2500,OLS_oracle,iid,False,5
11,3,3001,0,1,True,204,False,100,0.4365100160643884,1.3427536971867085,0.0632502079027801,0.024817405220879076,0.1760813283950697,0.2514748513117554,0.9715539989185307,0.02972531362932369,13,6,0.20816659994661327,2500,OLS_oracle,iid,False,5
11,5,5001,5,50001,True,70,False,100,0.042594374175743195,0.47557471273466945,0.030853112105601273,0.012041268775701356,0.08692526063587926,0.16387205052928971,0.9865281002303524,0.029353392234007757,13,6,0.20816659994661327,2500,OLS_oracle,iid,False,5
11,0,1,25,250001,True,284,False,100,0.8543597406519545,2.3924173689447343,0.04455090101876981,0.016624741616430443,0.14411805301239197,0.35834268265822666,0.9486178458420083,0.030587707110121223,13,6,0.20816659994661327,2500,OLS_oracle,iid,False,5
11,4,4001,26,260001,True,75,False,100,0.6424308539801981,0.5871027819812298,0.2174282510424033,0.08699515075003231,0.7849990635249947,0.6888224152579197,0.808896510908145,0.02911690757967694,13,6,0.20816659994661327,2500,OLS_oracle,iid,False,5
11,2,2001,6,60001,True,253,False,100,0.02971139490549845,1.7621049601584673,0.0410833083812786,0.016091238668352457,0.11311725658820403,0.18072045023641325,0.9836080402127736,0.028826018937477382,13,6,0.20816659994661327,2500,OLS_oracle,iid,False,5
11,4,4001,17,170001,True,107,False,100,0.5818745026674752,0.7379129622131586,0.002147146960961119,0.0008412497438867671,0.0057259791966226496,0.17317834450400327,0.9849101659901993,0.029012005097674307,13,6,0.20816659994661327,2500,OLS_oracle,iid,False,5
11,4,4001,1,10001,True,137,False,100,0.3832513207495934,0.8901623892597854,0.017885536454505982,0.007017683933665586,0.045757261495629406,0.16477559597017516,0.9864718498658491,0.029353558090755696,13,6,0.20816659994661327,2500,OLS_oracle,iid,False,5
11,2,2001,8,80001,True,265,False,100,0.7893747089092475,1.7472549029625952,0.02831923008462605,0.010370895159220177,0.09352335788802031,0.26410651787996287,0.96822825362482,0.02956503956795438,13,6,0.20816659994661327,2500,OLS_oracle,iid,False,5
11,4,4001,13,130001,True,107,False,100,0.1930394360659576,0.7843629200942814,0.01366854452191443,0.005203411493887399,0.042251291626605327,0.1588368060528999,0.9873380205071043,0.02996976292265108,13,6,0.20816659994661327,2500,OLS_oracle,iid,False,5
11,3,3001,22,220001,True,145,False,100,0.37301700423673845,0.9945212118327618,0.019506689759441254,0.007641099379767775,0.052593875950205704,0.16072266263985152,0.987218294108571,0.029635217682233032,13,6,0.20816659994661327,2500,OLS_oracle,iid,False,5
11,0,1,15,150001,True,313,False,100,0.6181341499417189,2.5897730863653123,0.03998334343718045,0.015637413450393448,0.1115196450259495,0.23512230854013683,0.9754839853877015,0.029464104155655164,13,6,0.20816659994661327,2500,OLS_oracle,iid,False,5
11,2,2001,26,260001,True,167,False,100,0.6424308539801981,1.5328291980549693,0.0035540227297088853,0.0012431172592568007,0.012180881412365032,0.18051301956674815,0.9836143174234206,0.02932715606979885,13,6,0.20816659994661327,2500,OLS_oracle,iid,False,5
11,5,5001,15,150001,True,69,False,100,0.6181341499417189,0.45091658271849155,0.2672658200048526,0.11413540151559072,1.0453927129900218,0.9184244995703195,0.7149453873870387,0.029511726312031507,13,6,0.20816659994661327,2500,OLS_oracle,iid,False,5
11,3,3001,18,180001,True,171,False,100,0.11857788219022193,1.141931382007897,0.02751320523823682,0.010791318097018329,0.07303720027778537,0.16134432269015703,0.9869427387754595,0.029045073623284946,13,6,0.20816659994661327,2500,OLS_oracle,iid,False,5
11,4,4001,3,30001,True,143,False,100,0.2552714145241188,0.968045867048204,0.03379356108803222,0.013207399847860252,0.09435026598112085,0.1794258509906696,0.9841342968341903,0.029551636685205492,13,6,0.20816659994661327,2500,OLS_oracle,iid,False,5
11,0,1,6,60001,True,185,False,100,0.02971139490549845,2.794974482152611,0.03165742048212319,0.012423837797218125,0.08342800599322905,0.16444891330524927,0.9864062949351549,0.030068126613715832,13,6,0.20816659994661327,2500,OLS_oracle,iid,False,5
11,3,3001,15,150001,True,183,False,100,0.6181341499417189,1.2607310460880399,0.04234804838835427,0.01647784114429116,0.12241303076156818,0.23974240603329022,0.9746182233417204,0.02993435748940288,13,6,0.20816659994661327,2500,OLS_oracle,iid,False,5
11,3,3001,16,160001,True,192,False,100,0.5799721707897568,1.319229066837579,0.009854689811780521,0.003823938178733122,0.02854209093504972,0.17506969318061438,0.9846674616945633,0.029720573456175552,13,6,0.20816659994661327,2500,OLS_oracle,iid,False,5
11,3,3001,6,60001,True,232,False,100,0.02971139490549845,1.5497046881355345,0.033866162162317456,0.01329254580785132,0.08930259587223666,0.1675931022498693,0.9858808879617791,0.02938595589645149,13,6,0.20816659994661327,2500,OLS_oracle,iid,False,5
11,4,4001,23,230001,True,129,False,100,0.16638812073905287,0.8779375478625298,0.01493530249283148,0.005814599909521152,0.04250662533911541,0.15099334323292066,0.9885013583436408,0.029184701622911816,13,6,0.20816659994661327,2500,OLS_oracle,iid,False,5
11,5,5001,17,170001,True,91,False,100,0.5818745026674752,0.6263439441099763,0.20712992649468911,0.08349336346297574,0.7047359871035147,0.6755163139091389,0.8205545058964825,0.029568770425984773,13,6,0.20816659994661327,2500,OLS_oracle,iid,False,5
10,9,9001,13,130001,True,347,False,100,0.70273688421089,3.264945274684578,0.06193736385504317,0.028401859354129175,0.17978737146174298,0.24401540210699788,0.9726377637275991,0.02300369084936748,13,6,0.20816659994661327,2500,OLS_oracle,iid,False,5
11,2,2001,23,230001,True,260,False,100,0.16638812073905287,1.7634777682833374,0.043013597221404735,0.01687519633666352,0.11629925081943278,0.18687248151303398,0.982530182131421,0.029486897273669595,13,6,0.20816659994661327,2500,OLS_oracle,iid,False,5
11,2,2001,24,240001,True,208,False,100,0.22411716837387027,1.7678170702420175,0.03524583132434781,0.013736133578363084,0.10051562240005846,0.17357337123900224,0.9849364035108381,0.02907201349199436,13,6,0.20816659994661327,2500,OLS_oracle,iid,False,5
11,5,5001,0,1,True,123,False,100,0.4365100160643884,0.8401548736728728,0.05047066021965155,0.019850950404068486,0.1297618915047285,0.22485373216486154,0.9770318647634137,0.029646759509629136,13,6,0.20816659994661327,2500,OLS_oracle,iid,False,5
10,2,2001,20,200001,True,360,False,100,0.7441070845880903,6.702419047243893,0.09206885140014756,0.04145102408046639,0.2779324825148401,0.26785481161332353,0.9660622725467644,0.02271110774154525,13,6,0.20816659994661327,2500,OLS_oracle,iid,False,5
11,4,4001,5,50001,True,173,False,100,0.042594374175743195,1.1896331678144634,0.03143303781360562,0.012341553514429107,0.08109901753084939,0.1649174530505817,0.9863252235283732,0.029162323024441654,13,6,0.20816659994661327,2500,OLS_oracle,iid,False,5
11,5,5001,3,30001,True,134,False,100,0.2552714145241188,0.8734874869696796,0.0458342326700551,0.017985184839499083,0.12412436648416472,0.1977277776980238,0.9808649959277469,0.029305002814911718,13,6,0.20816659994661327,2500,OLS_oracle,iid,False,5
11,4,4001,21,210001,True,149,False,100,0.02943071072137832,1.0137703609652817,0.22152069938904884,0.09232766822260775,0.6079392143850728,0.6896693916602601,0.8179379258094515,0.029079585862802685,13,6,0.20816659994661327,2500,OLS_oracle,iid,False,5
10,3,3001,7,70001,True,367,False,100,0.25115913509003157,6.4740782356821,0.06418466951079377,0.028826501125727873,0.19012955560880127,0.1998443229794203,0.980051068286889,0.02173577378309749,13,6,0.20816659994661327,2500,OLS_oracle,iid,False,5
11,5,5001,9,90001,True,121,False,100,0.07307464244893788,0.8255414040759206,0.012108960476761396,0.004748772952692471,0.03164518215144301,0.14640168193818862,0.9892238505108051,0.030037440099500875,13,6,0.20816659994661327,2500,OLS_oracle,iid,False,5
11,3,3001,23,230001,True,161,False,100,0.16638812073905287,1.2984331012703478,0.02841269429661011,0.011136401854839776,0.07648878594760113,0.16698362147874124,0.9859973992114937,0.028244739879331057,13,6,0.20816659994661327,2500,OLS_oracle,iid,False,5
11,5,5001,26,260001,True,90,False,100,0.6424308539801981,0.618829560931772,0.030055279054102338,0.011442742439215881,0.09318363251692126,0.21374925513718784,0.9791075800244493,0.029131711700383613,13,6,0.20816659994661327,2500,OLS_oracle,iid,False,5
11,3,3001,26,260001,True,112,False,100,0.6424308539801981,1.2800410948693752,0.23876186979110034,0.09727530777689708,0.901170521465431,0.7475733538822615,0.7792601790877818,0.028855636755147605,13,6,0.20816659994661327,2500,OLS_oracle,iid,False,5
11,4,4001,19,190001,True,152,False,100,0.009825966638884754,1.0912468628957868,0.04121600662957455,0.01618051966329526,0.109831584144077,0.1783444969927491,0.9840533556246325,0.028986469937298195,13,6,0.20816659994661327,2500,OLS_oracle,iid,False,5
11,0,1,29,290001,True,273,False,100,0.41199817173291603,2.747410603798926,0.04181883140151475,0.016411738400071967,0.11226854457447756,0.20570879850518953,0.980102317849453,0.029615819887832125,13,6,0.20816659994661327,2500,OLS_oracle,iid,False,5
11,4,4001,27,270001,True,140,False,100,0.549588323776868,0.9668983072042465,0.003536007562376137,0.0012844779168248283,0.0117502047962471,0.17656236598897185,0.9843010646107336,0.029339372501288555,13,6,0.20816659994661327,2500,OLS_oracle,iid,False,5
11,4,4001,18,180001,True,173,False,100,0.11857788219022193,1.116357360035181,0.040210733181367635,0.015753396752183034,0.11030990803791199,0.1800239713527302,0.9837575617314795,0.02916606577691701,13,6,0.20816659994661327,2500,OLS_oracle,iid,False,5
11,5,5001,8,80001,True,128,False,100,0.7893747089092475,0.8726219050586224,0.0031133829908196724,0.0012210651579971235,0.008047307216011332,0.22679000000877447,0.9740121702657487,0.030292852750525557,13,6,0.20816659994661327,2500,OLS_oracle,iid,False,5
11,4,4001,9,90001,True,192,False,100,0.07307464244893788,1.2075650990009308,0.048423746330128026,0.019012361616645133,0.13054780375848718,0.18983325679973506,0.9820548820947601,0.030323071876119562,13,6,0.20816659994661327,2500,OLS_oracle,iid,False,5
11,3,3001,21,210001,True,195,False,100,0.02943071072137832,1.3974188910797238,0.04070391850112492,0.015992860474134882,0.10530181280594994,0.17586346622003396,0.984466410323448,0.029582708634272,13,6,0.20816659994661327,2500,OLS_oracle,iid,False,5
11,5,5001,6,60001,True,137,False,100,0.02971139490549845,0.9328690902329981,0.025468136976830417,0.009995164981892669,0.06601653981795218,0.15894658065518597,0.9872975180740708,0.02873325427581369,13,6,0.20816659994661327,2500,OLS_oracle,iid,False,5
11,3,3001,12,120001,True,238,False,100,0.44604602890742173,1.589164137840271,0.04101929518292294,0.015893967511517452,0.12086560025696712,0.2014366178640075,0.9807685373728114,0.029467963181902458,13,6,0.20816659994661327,2500,OLS_oracle,iid,False,5
11,4,4001,15,150001,True,190,False,100,0.6181341499417189,1.2186714597046375,0.05247936378456159,0.020342252630997947,0.155433660914789,0.26357616412207796,0.9706431420607757,0.029372171377805303,13,6,0.20816659994661327,2500,OLS_oracle,iid,False,5
10,5,5001,3,30001,True,378,False,100,0.8534971502031466,5.507374376989901,0.1162868007773594,0.04963734128895281,0.30914147416863724,0.331760683456788,0.944631421535961,0.0230705102766386,13,6,0.20816659994661327,2500,OLS_oracle,iid,False,5
11,4,4001,10,100001,True,121,False,100,0.159010461734683,1.2569298287853599,0.02152006045258834,0.008397263326615119,0.06042840038771166,0.15898199587980905,0.9873125531595499,0.02864712328696314,13,6,0.20816659994661327,2500,OLS_oracle,iid,False,5
11,1,1001,4,40001,True,182,False,100,0.14439215978328374,2.76368353003636,0.03323787437396139,0.013016401181553078,0.09095307580713466,0.16918669995900398,0.9857268981251092,0.029961312363224246,13,6,0.20816659994661327,2500,OLS_oracle,iid,False,5
10,9,9001,11,110001,True,437,False,100,0.7202541355184574,3.534663468133658,0.07250975518812398,0.03000145153939017,0.21153984427933925,0.29828284954957324,0.9549500869472555,0.022973327703000042,13,6,0.20816659994661327,2500,OLS_oracle,iid,False,5
10,4,4001,25,250001,True,324,False,100,0.8543597406519545,5.799726739060134,0.08467435652591246,0.03921426372726745,0.2425875208859338,0.3055530395665219,0.9556259529422143,0.02297897039779136,13,6,0.20816659994661327,2500,OLS_oracle,iid,False,5
11,4,4001,12,120001,True,196,False,100,0.44604602890742173,1.3208436518907547,0.04436587058855833,0.01725066111078995,0.12888732987107834,0.20637728185247659,0.9798493435076303,0.029502783595467416,13,6,0.20816659994661327,2500,OLS_oracle,iid,False,5
11,1,1001,3,30001,True,187,False,100,0.2552714145241188,2.8653650861233473,0.05908024837741385,0.023260618483997093,0.15268360054644478,0.22361614861919318,0.9758318455298722,0.029133906853600986,13,6,0.20816659994661327,2500,OLS_oracle,iid,False,5
11,2,2001,20,200001,True,141,False,100,0.7441070845880903,2.1039126832038164,0.008720801589036596,0.0034208616535928854,0.022238865719056592,0.21206570983191242,0.9775030620403624,0.029633615044243857,13,6,0.20816659994661327,2500,OLS_oracle,iid,False,5
11,4,4001,11,110001,True,202,False,100,0.7074142844604647,1.3682471909560263,0.0353254823401153,0.01318479744562152,0.11392232700992327,0.24780927264491984,0.9723071462601818,0.029293519343615175,13,6,0.20816659994661327,2500,OLS_oracle,iid,False,5
11,5,5001,21,210001,True,147,False,100,0.02943071072137832,0.9481657641008496,0.03778895497282558,0.014832279051537531,0.10044027582233149,0.17365440101175678,0.9848816886272612,0.029466092203292434,13,6,0.20816659994661327,2500,OLS_oracle,iid,False,5
11,1,1001,17,170001,True,345,False,100,0.5818745026674752,2.6012144428677857,0.05999447662691541,0.023154275707648903,0.18146240148867215,0.2666179643090135,0.969476382779245,0.029132452127593567,13,6,0.20816659994661327,2500,OLS_oracle,iid,False,5
11,5,5001,12,120001,True,165,False,100,0.44604602890742173,1.0699433418922126,0.03072803363595864,0.012033140077690825,0.08392428403120115,0.18501905694557572,0.9834111917545556,0.028798355327250943,13,6,0.20816659994661327,2500,OLS_oracle,iid,False,5
11,0,1,10,100001,True,248,False,100,0.159010461734683,3.270718194078654,0.04935925677846871,0.019399765879317448,0.1305812655350607,0.19874915696966888,0.980463751992536,0.029232347677332904,13,6,0.20816659994661327,2500,OLS_oracle,iid,False,5
11,3,3001,1,10001,True,308,False,100,0.3832513207495934,2.0523687810637057,0.0334429395793769,0.012899556282393473,0.09995862672372893,0.18277882400225895,0.9836569740749229,0.028890521338302475,13,6,0.20816659994661327,2500,OLS_oracle,iid,False,5
11,1,1001,8,80001,True,215,False,100,0.7893747089092475,2.889823908917606,0.04780978851984354,0.01790456607794151,0.153970993782729,0.3145865525470115,0.9593853770520488,0.030262374101832575,13,6,0.20816659994661327,2500,OLS_oracle,iid,False,5
11,5,5001,2,20001,True,162,False,100,0.5245446022168766,1.2137946831062436,0.025822443396247258,0.009924647695003848,0.07792286144650977,0.18637507142408213,0.9831012335664954,0.02905127765307603,13,6,0.20816659994661327,2500,OLS_oracle,iid,False,5
11,6,6001,6,60001,True,112,False,100,0.02971139490549845,0.770166635978967,0.00456021936902284,0.0017096121961508296,0.014531868831013204,0.14640578838415608,0.989230158820791,0.029593222489929277,13,6,0.20816659994661327,2500,OLS_oracle,iid,False,5
11,6,6001,24,240001,True,88,False,100,0.22411716837387027,0.6046346169896424,0.014217915908479078,0.004556252325799644,0.0505434086776109,0.14832127070468182,0.9889447631372467,0.02931679270958156,13,6,0.20816659994661327,2500,OLS_oracle,iid,False,5
11,6,6001,20,200001,True,95,False,100,0.7441070845880903,0.6525371810421348,0.0127496735383143,0.004922292559036786,0.0377695256136749,0.21142551223528244,0.9779217731607326,0.02970252672728944,13,6,0.20816659994661327,2500,OLS_oracle,iid,False,5
11,4,4001,22,220001,True,204,False,100,0.37301700423673845,1.3925137748010457,0.037812626672764776,0.014766849025613739,0.1065172503034257,0.18606838767324324,0.9833167068667518,0.02937788157665397,13,6,0.20816659994661327,2500,OLS_oracle,iid,False,5
11,3,3001,13,130001,True,272,False,100,0.1930394360659576,1.8601833991706371,0.03747419384543309,0.014713803832588496,0.09865850435438955,0.1777438685068582,0.9843067220737531,0.02950944963963291,13,6,0.20816659994661327,2500,OLS_oracle,iid,False,5
11,1,1001,27,270001,True,162,False,100,0.549588323776868,2.61113651515916,0.2583786694368204,0.10928370216788998,0.9540803925881659,0.8621098542725749,0.7374128594858367,0.029024400850099673,13,6,0.20816659994661327,2500,OLS_oracle,iid,False,5
11,6,6001,2,20001,True,144,False,100,0.5245446022168766,0.975581540260464,0.014513131765735598,0.005642131031555734,0.04165379337643527,0.17553866797032697,0.9847968720906097,0.029321901263426625,13,6,0.20816659994661327,2500,OLS_oracle,iid,False,5
11,2,2001,13,130001,True,361,False,100,0.1930394360659576,2.432813610881567,0.035870367587154214,0.014089146699513298,0.09183629338417744,0.17712470284447113,0.9844093123968685,0.029371459991341248,13,6,0.20816659994661327,2500,OLS_oracle,iid,False,5
11,6,6001,1,10001,True,148,False,100,0.3832513207495934,1.00699851103127,0.00845942702658716,0.0033182408573516416,0.02171525962505257,0.1567509097332051,0.9876396425297326,0.029263494533327734,13,6,0.20816659994661327,2500,OLS_oracle,iid,False,5
11,5,5001,19,190001,True,111,False,100,0.009825966638884754,1.169579956214875,0.01832671943011008,0.007177487032875776,0.04951653654313027,0.14768266977959368,0.989062354785633,0.02973160757788431,13,6,0.20816659994661327,2500,OLS_oracle,iid,False,5
11,2,2001,21,210001,True,246,False,100,0.02943071072137832,2.335697933100164,0.041383180570010135,0.01625925495823475,0.10767210553006495,0.1806619459033419,0.9835934309678008,0.029618077320559873,13,6,0.20816659994661327,2500,OLS_oracle,iid,False,5
11,4,4001,14,140001,True,234,False,100,0.8062078923370198,1.5802419073879719,0.03674820627339721,0.013973859348905965,0.11448743045217386,0.29516409694497786,0.9627710072206705,0.028907034906927608,13,6,0.20816659994661327,2500,OLS_oracle,iid,False,5
10,9,9001,7,70001,True,174,False,100,0.25115913509003157,3.972744734957814,0.047466729635765016,0.02238786118841746,0.11151898152766766,0.18111415547503087,0.9836172229689334,0.022399793490383707,13,6,0.20816659994661327,2500,OLS_oracle,iid,False,5
11,5,5001,7,70001,True,209,False,100,0.09875224987248879,1.3307646540924907,0.04469265774674422,0.017355806761998202,0.13066239805972316,0.18478896490123078,0.9828051371883033,0.028909986425190434,13,6,0.20816659994661327,2500,OLS_oracle,iid,False,5
11,7,7001,25,250001,True,50,False,100,0.8543597406519545,0.3844474437646568,0.015360131433787174,0.005855323618576152,0.04733246446506798,0.27067641766712586,0.9647151085488892,0.029617030509158825,13,6,0.20816659994661327,2500,OLS_oracle,iid,False,5
11,7,7001,20,200001,True,68,False,100,0.7441070845880903,0.4516256772913039,0.2035938615849322,0.07887067552582089,0.7506741364829285,0.6783762969884646,0.8197608916729091,0.029128803703280665,13,6,0.20816659994661327,2500,OLS_oracle,iid,False,5
11,6,6001,25,250001,True,101,False,100,0.8543597406519545,0.730131370946765,0.04250262196793459,0.015663912906335786,0.1397882263090835,0.3402688840702449,0.952115241744125,0.030174553482833523,13,6,0.20816659994661327,2500,OLS_oracle,iid,False,5
11,5,5001,29,290001,True,160,False,100,0.41199817173291603,1.1027902700006962,0.00889682455581048,0.0030256766704968015,0.03097463848778054,0.16299058903478586,0.9866829167124238,0.029408849058925036,13,6,0.20816659994661327,2500,OLS_oracle,iid,False,5
11,6,6001,22,220001,True,127,False,100,0.37301700423673845,0.8081245678476989,0.2515061851449352,0.10640668131292814,0.8452895755804685,0.8362850608117649,0.7540874126685804,0.029610508477861307,13,6,0.20816659994661327,2500,OLS_oracle,iid,False,5
11,1,1001,24,240001,True,191,False,100,0.22411716837387027,2.802217676769942,0.04030221228851694,0.015406304086014299,0.12411178307655173,0.17554328432103056,0.9846421303154029,0.02889437041414707,13,6,0.20816659994661327,2500,OLS_oracle,iid,False,5
11,6,6001,14,140001,True,130,False,100,0.8062078923370198,0.8891133791767061,0.0413123617305882,0.015867589648390416,0.12559691678521587,0.31525838354794716,0.9592810573895164,0.02944408589724069,13,6,0.20816659994661327,2500,OLS_oracle,iid,False,5
11,3,3001,29,290001,True,280,False,100,0.41199817173291603,1.8288083677180111,0.043450483957639424,0.017053427948515554,0.1168167327576745,0.20001415641056938,0.9811609766329477,0.028624550800353754,13,6,0.20816659994661327,2500,OLS_oracle,iid,False,5
11,2,2001,25,250001,True,177,False,100,0.8543597406519545,2.421195924282074,0.030657489352234297,0.0115986479005993,0.09639661252613155,0.3109216142593588,0.9587689702677666,0.02981954400222403,13,6,0.20816659994661327,2500,OLS_oracle,iid,False,5
11,5,5001,28,280001,True,174,False,100,0.5712929001507189,1.2289517493918538,0.26865710388608766,0.11514549080541393,1.0391712051435233,0.9229444522269801,0.7221065052264762,0.028766419593995292,13,6,0.20816659994661327,2500,OLS_oracle,iid,False,5
11,6,6001,7,70001,True,116,False,100,0.09875224987248879,1.0587305310182273,0.018706962749264283,0.007340258935120179,0.04772022078476038,0.15520776433523414,0.9878871941414422,0.029340430961144155,13,6,0.20816659994661327,2500,OLS_oracle,iid,False,5
11,3,3001,11,110001,True,260,False,100,0.7074142844604647,2.1539977779611945,0.036316479489488525,0.013860217648612057,0.11214099618015995,0.2545992840305562,0.9708044268181921,0.02965663108703941,13,6,0.20816659994661327,2500,OLS_oracle,iid,False,5
10,9,9001,22,220001,True,364,False,100,0.37301700423673845,3.8001894378103316,0.07356282277194591,0.03387826635966944,0.18865984180667264,0.2254574862406585,0.9759436100254334,0.02260372887644097,13,6,0.20816659994661327,2500,OLS_oracle,iid,False,5
11,3,3001,25,250001,True,211,False,100,0.8543597406519545,1.925168280955404,0.02095923857445796,0.008019983060695067,0.06400806350455344,0.2798167578580223,0.963780244902555,0.029507209335861345,13,6,0.20816659994661327,2500,OLS_oracle,iid,False,5
11,6,6001,4,40001,True,178,False,100,0.14439215978328374,1.1466380897909403,0.03869613541246482,0.015201694148665559,0.09989843180331,0.18169166527365324,0.9835606770289641,0.02912511391046271,13,6,0.20816659994661327,2500,OLS_oracle,iid,False,5
11,5,5001,23,230001,True,190,False,100,0.16638812073905287,1.3135519460774958,0.039148703619814054,0.014991912264488176,0.11993548555156629,0.1777313085328141,0.9841562193907913,0.029296898271769976,13,6,0.20816659994661327,2500,OLS_oracle,iid,False,5
11,4,4001,24,240001,True,241,False,100,0.22411716837387027,1.6267448542639613,0.034466834315632855,0.013117303057104445,0.10709491731698073,0.17226448789340115,0.9851249442919563,0.028578320187685188,13,6,0.20816659994661327,2500,OLS_oracle,iid,False,5
11,4,4001,25,250001,True,91,False,100,0.8543597406519545,1.6319163776934147,0.020085269629393228,0.007556580819105805,0.06369999811412236,0.2754015991147851,0.9644897113412139,0.029034078194429158,13,6,0.20816659994661327,2500,OLS_oracle,iid,False,5
11,6,6001,26,260001,True,70,False,100,0.6424308539801981,0.857456719968468,0.2156910409329765,0.0861090541261153,0.7782313218276126,0.6786376794183896,0.8148357171240379,0.028209873082492842,13,6,0.20816659994661327,2500,OLS_oracle,iid,False,5
11,7,7001,19,190001,True,102,False,100,0.009825966638884754,0.6610001362860203,0.037098616002965816,0.014546766757750913,0.10027567955525869,0.1695217783551427,0.9855910598419975,0.028841786199324097,13,6,0.20816659994661327,2500,OLS_oracle,iid,False,5
11,8,8001,14,140001,True,46,False,100,0.8062078923370198,0.357093526981771,0.26136999924738136,0.10828011418335268,1.1091698608629468,0.8655967402187583,0.7164073912435625,0.02933991145905755,13,6,0.20816659994661327,2500,OLS_oracle,iid,False,5
11,7,7001,27,270001,True,88,False,100,0.549588323776868,0.6167981382459402,0.24696082634464575,0.10297291915422181,0.8944749695361431,0.8067492317307634,0.7606759360117357,0.029574873230804533,13,6,0.20816659994661327,2500,OLS_oracle,iid,False,5
11,7,7001,15,150001,True,48,False,100,0.6181341499417189,0.7605562410317361,0.012360140219203739,0.004810912877187348,0.03520828407021569,0.18918487181179341,0.9822236686878736,0.029938721339185494,13,6,0.20816659994661327,2500,OLS_oracle,iid,False,5
11,5,5001,22,220001,True,228,False,100,0.37301700423673845,1.4648541621863842,0.03512695891431262,0.013644540607003144,0.10202914566567763,0.1825449329000497,0.9838446463262942,0.029365431194729945,13,6,0.20816659994661327,2500,OLS_oracle,iid,False,5
11,6,6001,17,170001,True,171,False,100,0.5818745026674752,1.1769683905877173,0.001944306731484797,0.0007622958466583904,0.005100099850821042,0.17422211058152282,0.9847159754300872,0.028414904768039023,13,6,0.20816659994661327,2500,OLS_oracle,iid,False,5
11,6,6001,10,100001,True,189,False,100,0.159010461734683,1.253791477996856,0.04877138830360141,0.01916449975700691,0.1295264323802698,0.19385701858470827,0.9812698105209178,0.029382375438123973,13,6,0.20816659994661327,2500,OLS_oracle,iid,False,5
11,3,3001,19,190001,True,263,False,100,0.009825966638884754,2.246548645198345,0.08463881830098222,0.0334533793812771,0.22232836562217892,0.2628459286034205,0.9660862715520786,0.02945848384998418,13,6,0.20816659994661327,2500,OLS_oracle,iid,False,5
11,7,7001,13,130001,True,127,False,100,0.1930394360659576,0.903050275053829,0.005832976690931462,0.00227888109888578,0.016136903674248866,0.1508769263309589,0.9885722120329574,0.02897931642060716,13,6,0.20816659994661327,2500,OLS_oracle,iid,False,5
11,5,5001,1,10001,True,236,False,100,0.3832513207495934,1.795504363719374,0.0316929027861436,0.012116349280213733,0.09728769851670063,0.1800695533057043,0.9840392079358251,0.02885082105304573,13,6,0.20816659994661327,2500,OLS_oracle,iid,False,5
11,6,6001,8,80001,True,122,False,100,0.7893747089092475,1.339360256679356,0.03476394751493997,0.012284427196696507,0.11874837274634169,0.273007563633132,0.9670201476200019,0.029274169827864356,13,6,0.20816659994661327,2500,OLS_oracle,iid,False,5
11,2,2001,22,220001,True,220,False,100,0.37301700423673845,2.7947846530005336,0.03574749089377049,0.013824725792736607,0.10589714155579691,0.1853125882566214,0.9834061186926427,0.029554807335348102,13,6,0.20816659994661327,2500,OLS_oracle,iid,False,5
11,6,6001,15,150001,True,191,False,100,0.6181341499417189,1.3021317580714822,0.02543894173193566,0.0099554418231077,0.0697131018399297,0.20798514206158106,0.97955471445075,0.029407339905530492,13,6,0.20816659994661327,2500,OLS_oracle,iid,False,5
10,8,8001,7,70001,True,262,False,100,0.25115913509003157,4.922892800997943,0.06909332620104937,0.030112439848677928,0.18503375372143924,0.20403950218907294,0.9787747111693591,0.022576522593753083,13,6,0.20816659994661327,2500,OLS_oracle,iid,False,5
11,7,7001,7,70001,True,148,False,100,0.09875224987248879,0.9728121748194098,0.034088891247174256,0.013386599131189666,0.08811031462271954,0.1700446696198218,0.9855249029874399,0.029638626929326096,13,6,0.20816659994661327,2500,OLS_oracle,iid,False,5
11,8,8001,11,110001,True,89,False,100,0.7074142844604647,0.6070839450694621,0.007640010080587378,0.002810628424974191,0.02503017045740113,0.20094220708651528,0.9796380065177337,0.030168646967935125,13,6,0.20816659994661327,2500,OLS_oracle,iid,False,5
11,6,6001,16,160001,True,201,False,100,0.5799721707897568,1.3175895111635327,0.037644587396223395,0.01462287947494472,0.10946820320453111,0.2191062536356367,0.9778901175614176,0.028787880648937905,13,6,0.20816659994661327,2500,OLS_oracle,iid,False,5
11,7,7001,8,80001,True,131,False,100,0.7893747089092475,0.9880504989996552,0.006040993576661576,0.0023067291067381825,0.018517779356796344,0.22620980252785472,0.9742816455577898,0.030133509348516822,13,6,0.20816659994661327,2500,OLS_oracle,iid,False,5
11,4,4001,8,80001,True,328,False,100,0.7893747089092475,2.1536140921525657,0.04199489914415753,0.015189206840868509,0.14095482879829338,0.29296636442001023,0.9636836216517572,0.029443995402446573,13,6,0.20816659994661327,2500,OLS_oracle,iid,False,5
11,7,7001,10,100001,True,142,False,100,0.159010461734683,0.9745039497502148,0.02619783026473532,0.010214829557445185,0.07411913861480583,0.16425872478151926,0.9865256383610557,0.028995913296829778,13,6,0.20816659994661327,2500,OLS_oracle,iid,False,5
11,5,5001,18,180001,True,123,False,100,0.11857788219022193,1.7053044657222927,0.0201664137559235,0.007901419179152068,0.05419444583961426,0.15773580754663225,0.9874964253835605,0.029008109521324158,13,6,0.20816659994661327,2500,OLS_oracle,iid,False,5
11,8,8001,28,280001,True,73,False,100,0.5712929001507189,0.47262758994475007,0.1876710069937105,0.07458675479114531,0.6293626696946605,0.6082416654727927,0.851305601391183,0.02994778696730111,13,6,0.20816659994661327,2500,OLS_oracle,iid,False,5
11,2,2001,11,110001,True,456,False,100,0.7074142844604647,3.0436781612224877,0.05030099057862706,0.018505498778803274,0.16621401266258096,0.27467252374933376,0.9676936938116218,0.03044850402099195,13,6,0.20816659994661327,2500,OLS_oracle,iid,False,5
11,1,1001,2,20001,True,481,False,100,0.5245446022168766,3.665753733366728,0.031142373179973565,0.011850998402414065,0.09669141044012645,0.19395822170723476,0.9820541183532083,0.028435702874379125,13,6,0.20816659994661327,2500,OLS_oracle,iid,False,5
11,7,7001,21,210001,True,136,False,100,0.02943071072137832,0.9298446862958372,0.01563750356753565,0.0061260292170621684,0.04199630779225897,0.14894294371910793,0.9888572083776144,0.029440412316535366,13,6,0.20816659994661327,2500,OLS_oracle,iid,False,5
10,6,6001,29,290001,True,304,False,100,0.41199817173291603,5.506223056931049,0.04785188444692263,0.022417148476705916,0.12866806721605886,0.19431886396600595,0.9815078346701119,0.02210023961566827,13,6,0.20816659994661327,2500,OLS_oracle,iid,False,5
11,5,5001,20,200001,True,260,False,100,0.7441070845880903,1.7459892840124667,0.04593131575308264,0.017571581906366547,0.14149089110494845,0.2864700559048349,0.9659116667891132,0.030392149240705175,13,6,0.20816659994661327,2500,OLS_oracle,iid,False,5
11,2,2001,14,140001,True,190,False,100,0.8062078923370198,2.9708062699064612,0.0101433242505344,0.003966528983970765,0.027828016540080568,0.24436488662429792,0.970248586769089,0.030116944563124283,13,6,0.20816659994661327,2500,OLS_oracle,iid,False,5
11,8,8001,27,270001,True,78,False,100,0.549588323776868,0.5405966052785516,0.014333358197428295,0.0056112575055971645,0.03886191602600738,0.17849795026192666,0.9841982406223313,0.029042835143201322,13,6,0.20816659994661327,2500,OLS_oracle,iid,False,5
11,7,7001,16,160001,True,149,False,100,0.5799721707897568,1.025839074049145,0.021818385687379573,0.008533505343345925,0.060037256140216634,0.18792190851217944,0.9828703664884281,0.029668968092542592,13,6,0.20816659994661327,2500,OLS_oracle,iid,False,5
11,6,6001,11,110001,True,156,False,100,0.7074142844604647,1.4766637771390378,0.015289266861657694,0.005826378523914106,0.04715253833411206,0.20747920037047213,0.9788153202025233,0.029183671406877335,13,6,0.20816659994661327,2500,OLS_oracle,iid,False,5
11,4,4001,7,70001,True,134,False,100,0.09875224987248879,2.305719360243529,0.0039051899610412317,0.0014026906567251236,0.013118082371224953,0.147359625416824,0.9890987851678587,0.029184428294512434,13,6,0.20816659994661327,2500,OLS_oracle,iid,False,5
11,6,6001,12,120001,True,221,False,100,0.44604602890742173,1.502739496063441,0.03884590105521866,0.014984814648456916,0.11633000126392977,0.2024663703341159,0.9805295007673508,0.02923934362644158,13,6,0.20816659994661327,2500,OLS_oracle,iid,False,5
11,9,9001,5,50001,True,45,False,100,0.042594374175743195,0.48518007807433605,0.03161488161710275,0.012232936182417066,0.09329772270317462,0.16293483082957322,0.9866670378517559,0.02913285435219106,13,6,0.20816659994661327,2500,OLS_oracle,iid,False,5
11,7,7001,17,170001,True,170,False,100,0.5818745026674752,1.0876198248006403,0.05607508762560627,0.021972736421362857,0.15646939922146277,0.2625735378710942,0.970514232585785,0.02985394315064015,13,6,0.20816659994661327,2500,OLS_oracle,iid,False,5
11,3,3001,9,90001,True,354,False,100,0.07307464244893788,2.6730335750617087,0.056397483744283536,0.022173963805487855,0.1509182562116528,0.20046120235179754,0.979922083046,0.02932192289295777,13,6,0.20816659994661327,2500,OLS_oracle,iid,False,5
11,6,6001,5,50001,True,200,False,100,0.042594374175743195,1.5821749200113118,0.03511331914261373,0.013779963892756212,0.09318123781581047,0.1654939685180312,0.9862393778280872,0.028875722973532015,13,6,0.20816659994661327,2500,OLS_oracle,iid,False,5
11,7,7001,24,240001,True,146,False,100,0.22411716837387027,1.0157395438291132,0.23650198054398822,0.09917999968397348,0.7385963089147275,0.7576819982671676,0.7892513696782092,0.029837867522368736,13,6,0.20816659994661327,2500,OLS_oracle,iid,False,5
11,7,7001,0,1,True,185,False,100,0.4365100160643884,1.281936758197844,0.059001782719055776,0.023174075959680535,0.1613208380156599,0.2450435476728114,0.9729153771917775,0.029128658364100744,13,6,0.20816659994661327,2500,OLS_oracle,iid,False,5
11,8,8001,3,30001,True,144,False,100,0.2552714145241188,0.927172839641571,0.010639937434879744,0.0036848421876547613,0.036698454345228816,0.1559872074350544,0.9877695905299175,0.029454038467743894,13,6,0.20816659994661327,2500,OLS_oracle,iid,False,5
11,4,4001,4,40001,True,319,False,100,0.14439215978328374,2.4675416513346136,0.03231928968438888,0.012670095913537068,0.08711644094479408,0.16647418698363992,0.9861592849086133,0.02973082571872419,13,6,0.20816659994661327,2500,OLS_oracle,iid,False,5
11,9,9001,16,160001,True,57,False,100,0.5799721707897568,0.4649798679165542,0.0023709465022914503,0.0009255191893299783,0.006606408941127336,0.17645172464488718,0.9843317625048327,0.029985571164409256,13,6,0.20816659994661327,2500,OLS_oracle,iid,False,5
11,7,7001,6,60001,True,188,False,100,0.02971139490549845,1.2891533742658794,0.031414935974547475,0.01233196579635976,0.08199126656485527,0.1633405876207462,0.986599594953777,0.029439722793762016,13,6,0.20816659994661327,2500,OLS_oracle,iid,False,5
11,3,3001,24,240001,True,183,False,100,0.22411716837387027,2.570979482959956,0.0409277489471846,0.01564078857316189,0.12616554091084106,0.17797460769344683,0.9841189368431454,0.02968019859339891,13,6,0.20816659994661327,2500,OLS_oracle,iid,False,5
11,5,5001,4,40001,True,320,False,100,0.14439215978328374,2.18122289609164,0.03805133126570448,0.014822078158425763,0.10903107107722121,0.17307309259114773,0.985020460986092,0.02921153009342945,13,6,0.20816659994661327,2500,OLS_oracle,iid,False,5
11,8,8001,4,40001,True,154,False,100,0.14439215978328374,1.0315025732852519,0.02606773538247291,0.010141455569254405,0.07478077824948298,0.1597133542582877,0.987267904342334,0.030294359600275513,13,6,0.20816659994661327,2500,OLS_oracle,iid,False,5
11,8,8001,18,180001,True,129,False,100,0.11857788219022193,0.8752561016008258,0.26586243111483315,0.11454804222203484,0.7975587442412557,0.9224371002912365,0.7280579011909272,0.028763349748384757,13,6,0.20816659994661327,2500,OLS_oracle,iid,False,5
11,8,8001,25,250001,True,106,False,100,0.8543597406519545,0.8269347711466253,0.01783750056672105,0.006812253330736312,0.05472821329344428,0.27028870268754934,0.9651897176822718,0.02964636914982229,13,6,0.20816659994661327,2500,OLS_oracle,iid,False,5
11,8,8001,12,120001,True,142,False,100,0.44604602890742173,1.0002825413830578,0.004830131730891891,0.0018905567402950517,0.013090968456069113,0.16131175036516085,0.9869300455591541,0.029206462142159672,13,6,0.20816659994661327,2500,OLS_oracle,iid,False,5
11,8,8001,16,160001,True,135,False,100,0.5799721707897568,0.9370110826566815,0.004332281286611242,0.0016382134178371181,0.013583418887110607,0.17070785398319638,0.9853739352475857,0.029373025466646475,13,6,0.20816659994661327,2500,OLS_oracle,iid,False,5
11,7,7001,29,290001,True,152,False,100,0.41199817173291603,1.1722014429979026,0.2562206400580586,0.10866919237081467,0.8932892834969095,0.8524622400592207,0.747322025059766,0.029671903922671293,13,6,0.20816659994661327,2500,OLS_oracle,iid,False,5
11,0,1,22,220001,True,339,False,100,0.37301700423673845,4.1864177864044905,0.04157523817332967,0.016087192318613656,0.12323421462087376,0.19507974740434414,0.9816681936648067,0.029291609326779683,13,6,0.20816659994661327,2500,OLS_oracle,iid,False,5
11,6,6001,27,270001,True,224,False,100,0.549588323776868,1.509170708246529,0.04895388023131118,0.01876446918673885,0.15022051888201693,0.2378700618858652,0.9744313871050583,0.029657735927776874,13,6,0.20816659994661327,2500,OLS_oracle,iid,False,5
11,5,5001,16,160001,True,314,False,100,0.5799721707897568,2.1434584916569293,0.03122683049353769,0.012055147014346422,0.09296619472363389,0.19920170960261563,0.9813904099805582,0.029382335599595293,13,6,0.20816659994661327,2500,OLS_oracle,iid,False,5
11,4,4001,0,1,True,195,False,100,0.4365100160643884,2.656295783817768,0.21789180021544335,0.08917137257360792,0.7269634477880919,0.6785324746450581,0.8192360762071259,0.02958475912541128,13,6,0.20816659994661327,2500,OLS_oracle,iid,False,5
11,9,9001,10,100001,True,116,False,100,0.159010461734683,0.7963065840303898,0.01923688233358585,0.007543795503385895,0.0507423524454277,0.15619898798358434,0.987740040923911,0.029430850250054777,13,6,0.20816659994661327,2500,OLS_oracle,iid,False,5
11,7,7001,23,230001,True,211,False,100,0.16638812073905287,1.3571077189408243,0.04481079907051855,0.017547374986504525,0.12414718352478878,0.1897759014144027,0.9819484256319932,0.029085621219526313,13,6,0.20816659994661327,2500,OLS_oracle,iid,False,5
11,8,8001,17,170001,True,151,False,100,0.5818745026674752,1.031384483911097,0.054474199106688694,0.02127845029920145,0.15538307515066724,0.2586801045652663,0.9712096608318593,0.0302313063370143,13,6,0.20816659994661327,2500,OLS_oracle,iid,False,5
11,3,3001,27,270001,True,268,False,100,0.549588323776868,2.7410863311961293,0.02952465594393001,0.011534436703143422,0.08246807431042143,0.19946352509078605,0.980921348151506,0.029388925614687447,13,6,0.20816659994661327,2500,OLS_oracle,iid,False,5
11,7,7001,3,30001,True,237,False,100,0.2552714145241188,1.5700956271030009,0.03562467146527542,0.013973768088031188,0.09555122378900963,0.1798420588118002,0.9839844388292036,0.029035472637513687,13,6,0.20816659994661327,2500,OLS_oracle,iid,False,5
11,6,6001,21,210001,True,189,False,100,0.02943071072137832,1.7849323679693043,0.04855619414530982,0.01906751222225123,0.1305782023103554,0.1907474992627614,0.9818084947197387,0.029174686113419192,13,6,0.20816659994661327,2500,OLS_oracle,iid,False,5
11,9,9001,3,30001,True,136,False,100,0.2552714145241188,0.8682643040083349,0.01226909327395111,0.0044067987860342125,0.041231970278223264,0.15565812420915548,0.9878381871866565,0.02969395541494891,13,6,0.20816659994661327,2500,OLS_oracle,iid,False,5
11,9,9001,14,140001,True,113,False,100,0.8062078923370198,0.7644563959911466,0.012396334783566871,0.0048612267746797715,0.032464596937140086,0.24635994826900298,0.9700803501703001,0.030808539251698974,13,6,0.20816659994661327,2500,OLS_oracle,iid,False,5
11,8,8001,24,240001,True,138,False,100,0.22411716837387027,1.0137925911694765,0.029928617553329307,0.011624905559004382,0.08673694973700127,0.16231258028494397,0.9868812283856052,0.02954895670269608,13,6,0.20816659994661327,2500,OLS_oracle,iid,False,5
12,0,1,15,150001,True,76,False,100,0.0,0.4050553711131215,0.002548418625949034,0.0007068141019560654,0.00918858332542885,0.1488402181275164,0.9888748997159599,0.03714725524406719,13,6,0.20816659994661327,2500,OLS_oracle,iid,False,5
12,0,1,11,110001,True,88,False,100,0.0,0.46832812763750553,0.002063503500742224,0.0005723181785442041,0.007440136321074653,0.14966731740704156,0.988714105296702,0.036120730319244364,13,6,0.20816659994661327,2500,OLS_oracle,iid,False,5
11,3,3001,5,50001,True,392,False,100,0.042594374175743195,3.238916526082903,0.035904220227848276,0.014091511969037214,0.09523919946816273,0.17206117543906813,0.9851325092400731,0.028990999976707562,13,6,0.20816659994661327,2500,OLS_oracle,iid,False,5
11,4,4001,28,280001,True,374,False,100,0.5712929001507189,2.5126558812335134,0.033354214602256106,0.013098415210644039,0.08519707185938478,0.21288485137388033,0.9794005680472039,0.029762971608495097,13,6,0.20816659994661327,2500,OLS_oracle,iid,False,5
11,8,8001,7,70001,True,186,False,100,0.09875224987248879,1.3176934402436018,0.033166397419335594,0.012971829048061477,0.09195807169400198,0.16968746707684135,0.9855476257400579,0.029499032380020482,13,6,0.20816659994661327,2500,OLS_oracle,iid,False,5
11,6,6001,13,130001,True,245,False,100,0.1930394360659576,1.9883254896849394,0.04694244090168942,0.01845501117368487,0.1215371830547117,0.19260805135421394,0.9818584369209707,0.029258060094837845,13,6,0.20816659994661327,2500,OLS_oracle,iid,False,5
11,9,9001,19,190001,True,124,False,100,0.009825966638884754,0.7896461631171405,0.03563233212641562,0.01394395156461031,0.09847537723955609,0.16753659425916445,0.9859191276791988,0.028711639277376275,13,6,0.20816659994661327,2500,OLS_oracle,iid,False,5
12,0,1,7,70001,True,121,False,100,0.0,0.632177772000432,0.0013362654509250374,0.0003706147877634017,0.0048179922409242225,0.14742577003580534,0.9890741731532507,0.0364672401960311,13,6,0.20816659994661327,2500,OLS_oracle,iid,False,5
11,6,6001,19,190001,True,214,False,100,0.009825966638884754,1.9631368941627443,0.06843338794854521,0.026978304207888826,0.17728359004386066,0.2280551636716018,0.9743002945584092,0.028579246469784374,13,6,0.20816659994661327,2500,OLS_oracle,iid,False,5
11,9,9001,7,70001,True,137,False,100,0.09875224987248879,1.0231692683883011,0.014993182392736077,0.005744934135217665,0.04556268369684156,0.15375058007401693,0.9881201945298866,0.029703683016347696,13,6,0.20816659994661327,2500,OLS_oracle,iid,False,5
11,9,9001,8,80001,True,163,False,100,0.7893747089092475,1.0245620450004935,0.03205704807095738,0.012044868103818388,0.10216136795768271,0.2764680587320227,0.9669004838824318,0.03044464612308471,13,6,0.20816659994661327,2500,OLS_oracle,iid,False,5
11,7,7001,14,140001,True,244,False,100,0.8062078923370198,1.651514742989093,0.043429286607988525,0.016306663082726016,0.13903763967870367,0.31903355963249336,0.9585762670451796,0.03024504179742232,13,6,0.20816659994661327,2500,OLS_oracle,iid,False,5
11,6,6001,29,290001,True,266,False,100,0.41199817173291603,1.7911508530378342,0.05235503383719776,0.020580973535770205,0.1390888729269485,0.22216491962185198,0.9769808736883605,0.029465740262009297,13,6,0.20816659994661327,2500,OLS_oracle,iid,False,5
12,0,1,2,20001,True,139,False,100,0.0,0.7312077819369733,0.0017281649234577416,0.0004793098126594034,0.006231027564572244,0.1473775643453067,0.9890759498098848,0.036637333313495654,13,6,0.20816659994661327,2500,OLS_oracle,iid,False,5
11,9,9001,27,270001,True,118,False,100,0.549588323776868,0.7502112928777933,0.045969967073663555,0.01773067513968627,0.1381914538165984,0.22674565463729524,0.9765456091703845,0.028709649798546042,13,6,0.20816659994661327,2500,OLS_oracle,iid,False,5
12,0,1,4,40001,True,149,False,100,0.0,0.7167505202814937,0.0008039328408062015,0.0002229711645063128,0.002898625138582066,0.1412061633670821,0.990001518223669,0.03604234005174969,13,6,0.20816659994661327,2500,OLS_oracle,iid,False,5
11,9,9001,4,40001,True,154,False,100,0.14439215978328374,1.1096129398792982,0.020452624412175345,0.0080257551129079,0.05237620675123683,0.152871737350146,0.9882755367719501,0.028799449794588528,13,6,0.20816659994661327,2500,OLS_oracle,iid,False,5
12,0,1,18,180001,True,102,False,100,0.0,0.6231091520749032,0.0021128780062088827,0.0005860125906522775,0.007618163678479607,0.14369454550473829,0.9896200163086771,0.03638533328719245,13,6,0.20816659994661327,2500,OLS_oracle,iid,False,5
11,7,7001,18,180001,True,247,False,100,0.11857788219022193,1.7181606609374285,0.034164772049846436,0.013403680897957237,0.09110558593990101,0.1701702090154662,0.985493032839984,0.02907361306634362,13,6,0.20816659994661327,2500,OLS_oracle,iid,False,5
11,9,9001,29,290001,True,122,False,100,0.41199817173291603,0.7766915578395128,0.037938236876241725,0.014898244409188854,0.09952441238252585,0.19588097301322155,0.9817374567365237,0.029136727695418193,13,6,0.20816659994661327,2500,OLS_oracle,iid,False,5
12,0,1,22,220001,True,114,False,100,0.0,0.5643020160496235,0.003156614111335322,0.0008755061355890032,0.011381579762657041,0.14235291244109627,0.9898124068195314,0.036734706877155944,13,6,0.20816659994661327,2500,OLS_oracle,iid,False,5
12,0,1,1,10001,True,153,False,100,0.0,0.7835578061640263,0.0006918210348639517,0.00019187683087156353,0.002494398801330326,0.14384449870179367,0.9895998408740169,0.03629209870894392,13,6,0.20816659994661327,2500,OLS_oracle,iid,False,5
11,8,8001,9,90001,True,145,False,100,0.07307464244893788,1.448098800610751,0.026171861511353887,0.010228411477314885,0.07272344241736711,0.1557325665753686,0.9878117046733794,0.029326703853342823,13,6,0.20816659994661327,2500,OLS_oracle,iid,False,5
11,8,8001,13,130001,True,212,False,100,0.1930394360659576,1.4177031507715583,0.04216314588582312,0.01656821603114375,0.10917656381248038,0.1883909384348575,0.9824124617591805,0.03014378577035537,13,6,0.20816659994661327,2500,OLS_oracle,iid,False,5
12,0,1,9,90001,True,149,False,100,0.0,0.7671474628150463,0.001822859954157285,0.0005055740270257207,0.006572462351334369,0.14012617691163412,0.9901262385390831,0.0358679977674896,13,6,0.20816659994661327,2500,OLS_oracle,iid,False,5
11,6,6001,23,230001,True,317,False,100,0.16638812073905287,2.081073686014861,0.04086576420131927,0.01565111605124011,0.12524341146557352,0.1794037667267159,0.9839056492110975,0.02968708359895076,13,6,0.20816659994661327,2500,OLS_oracle,iid,False,5
12,0,1,5,50001,True,160,False,100,0.0,0.8254289845936,0.0011909713031756218,0.00033031816917394104,0.00429412129810004,0.1416616519427052,0.9899129472220192,0.036248681512007004,13,6,0.20816659994661327,2500,OLS_oracle,iid,False,5
11,8,8001,10,100001,True,230,False,100,0.159010461734683,1.5309381349943578,0.04212372904089469,0.01652975119564737,0.1133364115939889,0.1877046750693847,0.9825506946839542,0.02964465465735106,13,6,0.20816659994661327,2500,OLS_oracle,iid,False,5
11,6,6001,0,1,True,161,False,100,0.4365100160643884,2.45874818880111,0.013304098220970756,0.004437372485693938,0.04671399945567533,0.1610784052384922,0.987167136400059,0.02919465692713348,13,6,0.20816659994661327,2500,OLS_oracle,iid,False,5
12,0,1,13,130001,True,159,False,100,0.0,0.8147699288092554,0.0020956251277308843,0.0005812273653822192,0.007555955749968849,0.14753255553000794,0.9890595775269212,0.03555314029244723,13,6,0.20816659994661327,2500,OLS_oracle,iid,False,5
11,9,9001,12,120001,True,125,False,100,0.44604602890742173,1.2030764892697334,0.006168646361544602,0.002402130989551939,0.0175028948389968,0.16012211039839608,0.9871168462442432,0.02888881813309518,13,6,0.20816659994661327,2500,OLS_oracle,iid,False,5
11,7,7001,22,220001,True,274,False,100,0.37301700423673845,1.8106842092238367,0.04890093345306041,0.01907959873353833,0.13981264688316208,0.20720747326932776,0.9796118196116228,0.029034842276485784,13,6,0.20816659994661327,2500,OLS_oracle,iid,False,5
10,3,3001,26,260001,True,405,False,100,0.6424308539801981,7.918017724063247,0.0951241844991333,0.04201625433766281,0.3004331931290744,0.29195800627647756,0.9625819908279923,0.022389231225291295,13,6,0.20816659994661327,2500,OLS_oracle,iid,False,5
12,0,1,6,60001,True,150,False,100,0.0,0.9246387630701065,0.0015251169555656624,0.0004229934690079931,0.005498915097103911,0.146692439402147,0.9891870328746785,0.03620331009094106,13,6,0.20816659994661327,2500,OLS_oracle,iid,False,5
12,0,1,12,120001,True,172,False,100,0.0,0.8928747260943055,0.001856839783081394,0.0005149985432838333,0.006694981062689833,0.14419149648100377,0.9895481358451759,0.036534263520994904,13,6,0.20816659994661327,2500,OLS_oracle,iid,False,5
12,0,1,17,170001,True,171,False,100,0.0,0.8300215629860759,0.0016045773411129155,0.0004450321655985645,0.005785418152781338,0.14126691191089003,0.9899825886268447,0.03680936463252744,13,6,0.20816659994661327,2500,OLS_oracle,iid,False,5
11,6,6001,28,280001,True,320,False,100,0.5712929001507189,2.0966559681110084,0.04296193692195826,0.016870995398610585,0.11415662394078417,0.22956612437327428,0.9764744295559552,0.02939856632463417,13,6,0.20816659994661327,2500,OLS_oracle,iid,False,5
12,1,1001,5,50001,True,137,False,100,0.0,0.6076707798056304,0.002261140374028875,0.0006271355981263933,0.00815274787448192,0.1451586451526203,0.9894070050508794,0.0362331544415058,13,6,0.20816659994661327,2500,OLS_oracle,iid,False,5
12,1,1001,12,120001,True,106,False,100,0.0,0.5278485487215221,0.0020701388146848417,0.0005741585346171931,0.007464060950023511,0.14054542332510206,0.9900725710982027,0.03564204724002329,13,6,0.20816659994661327,2500,OLS_oracle,iid,False,5
12,0,1,19,190001,True,170,False,100,0.0,0.8852518126368523,0.0014549027706392435,0.00040351927684155117,0.005245750598940165,0.14327269411927615,0.9896847843633335,0.03677583536401532,13,6,0.20816659994661327,2500,OLS_oracle,iid,False,5
11,4,4001,6,60001,True,196,False,100,0.02971139490549845,3.2581491651944816,0.04886643467274537,0.019166545748679445,0.13371682956801606,0.18773541246199021,0.9824036045753469,0.029280980196913494,13,6,0.20816659994661327,2500,OLS_oracle,iid,False,5
11,4,4001,2,20001,True,192,False,100,0.5245446022168766,3.2727109659463167,0.04032214490448015,0.015617372673094671,0.11897598690855316,0.21568578906914365,0.9783192857472103,0.02959435435207093,13,6,0.20816659994661327,2500,OLS_oracle,iid,False,5
11,7,7001,9,90001,True,122,False,100,0.07307464244893788,2.0498726428486407,0.002134884285026902,0.0008009241612805903,0.00679444189599419,0.14473052880003456,0.9894737092457564,0.029644208245422143,13,6,0.20816659994661327,2500,OLS_oracle,iid,False,5
12,0,1,21,210001,True,169,False,100,0.0,0.8690226273611188,0.0012624105511653476,0.0003501308992246901,0.004551701689920971,0.14139517334714433,0.9899522423033735,0.03656463264852608,13,6,0.20816659994661327,2500,OLS_oracle,iid,False,5
11,8,8001,2,20001,True,275,False,100,0.5245446022168766,1.8205716111697257,0.036339134932706796,0.013878520632590438,0.11201384996413404,0.20577126265931212,0.979928650935282,0.029533210002466784,13,6,0.20816659994661327,2500,OLS_oracle,iid,False,5
12,0,1,23,230001,True,161,False,100,0.0,0.8297853958792984,0.0023816612754755475,0.0006605621069071661,0.00858730738979316,0.13986797360803546,0.9901731915965575,0.036167092096800815,13,6,0.20816659994661327,2500,OLS_oracle,iid,False,5
12,1,1001,3,30001,True,137,False,100,0.0,0.7063422319479287,0.0013534076360604773,0.0003753692303902532,0.004879799995073292,0.1482293363660561,0.9889532333299017,0.03639904218394354,13,6,0.20816659994661327,2500,OLS_oracle,iid,False,5
12,1,1001,0,1,True,148,False,100,0.0,0.7554126563481987,0.0016762201329783308,0.000464902648562478,0.006043734431312214,0.14754341377909042,0.9890548890395018,0.03661646585565306,13,6,0.20816659994661327,2500,OLS_oracle,iid,False,5
10,8,8001,12,120001,True,350,False,100,0.44604602890742173,6.01345433993265,0.0679531428253833,0.028857795645565197,0.2008512697723958,0.2265175392821532,0.9751009823359348,0.022299196402417547,13,6,0.20816659994661327,2500,OLS_oracle,iid,False,5
11,5,5001,13,130001,True,117,False,100,0.1930394360659576,2.440263004042208,0.024980734864166937,0.009784952554143595,0.06767506468207697,0.16445131592494414,0.9865040268220642,0.02964383833049681,13,6,0.20816659994661327,2500,OLS_oracle,iid,False,5
12,1,1001,14,140001,True,147,False,100,0.0,0.6079006381332874,0.0017553240943136129,0.0004868425599035368,0.0063289532787459786,0.14624777447882997,0.9892550868120883,0.036757217623450654,13,6,0.20816659994661327,2500,OLS_oracle,iid,False,5
12,0,1,0,1,True,127,False,100,0.0,1.1373944017104805,0.0018705619110624453,0.000518804462753808,0.006744458015799504,0.14272984364934022,0.9897608256313933,0.036599455736935335,13,6,0.20816659994661327,2500,OLS_oracle,iid,False,5
11,9,9001,13,130001,True,231,False,100,0.1930394360659576,1.4195874449796975,0.04614249075285538,0.018096432320947018,0.12592549219224933,0.19268866114505262,0.9816214099533964,0.029661810508941358,13,6,0.20816659994661327,2500,OLS_oracle,iid,False,5
11,8,8001,0,1,True,200,False,100,0.4365100160643884,1.9058328429237008,0.06245036615495059,0.02456039713600879,0.168841046926301,0.2498175239549414,0.9720726088646201,0.029779461624643917,13,6,0.20816659994661327,2500,OLS_oracle,iid,False,5
12,0,1,28,280001,True,168,False,100,0.0,0.8178546619601548,0.0012137805821961674,0.0003366432381551488,0.004376362096016934,0.14158872604832393,0.9899173374409254,0.03583692186059775,13,6,0.20816659994661327,2500,OLS_oracle,iid,False,5
11,6,6001,3,30001,True,131,False,100,0.2552714145241188,2.666647391859442,0.0048022391459445115,0.001834146576473595,0.014710458120708002,0.15321754310884111,0.9882309946652439,0.029437037423041684,13,6,0.20816659994661327,2500,OLS_oracle,iid,False,5
12,1,1001,21,210001,True,96,False,100,0.0,0.5187243409454823,0.002835733429062117,0.0007865046484466472,0.010224560429806413,0.14271234097055802,0.9897633501750007,0.03654930594942661,13,6,0.20816659994661327,2500,OLS_oracle,iid,False,5
12,0,1,14,140001,True,93,False,100,0.0,1.0342866177670658,0.0012989636201626252,0.00036026900458394214,0.004683497059591248,0.14035860155326457,0.9901050098890565,0.03622891052573066,13,6,0.20816659994661327,2500,OLS_oracle,iid,False,5
12,1,1001,6,60001,True,151,False,100,0.0,0.7399269449524581,0.0015383361820309376,0.00042665987867591124,0.005546578422786846,0.14711192953817645,0.9891229593310322,0.03583221517100256,13,6,0.20816659994661327,2500,OLS_oracle,iid,False,5
11,8,8001,26,260001,True,161,False,100,0.6424308539801981,1.6509131779894233,0.008117382124770227,0.0031815280319687413,0.02151615254764986,0.18377507903503804,0.983198224678677,0.028932852047775372,13,6,0.20816659994661327,2500,OLS_oracle,iid,False,5
11,9,9001,22,220001,True,166,False,100,0.37301700423673845,1.2378432690165937,0.010868285538463982,0.004255882740685809,0.029313154472102667,0.15736172634622192,0.987622745891458,0.0299409036470816,13,6,0.20816659994661327,2500,OLS_oracle,iid,False,5
11,9,9001,28,280001,True,180,False,100,0.5712929001507189,1.197840834967792,0.036649113262255915,0.014342411576766736,0.10133663695050736,0.22047745697129367,0.9780777782322516,0.02919695080293293,13,6,0.20816659994661327,2500,OLS_oracle,iid,False,5
12,0,1,27,270001,True,169,False,100,0.0,0.886278263758868,0.0014304451104310046,0.0003967358506145707,0.005157566057989419,0.14669554453843858,0.9891703522202662,0.03548933581060039,13,6,0.20816659994661327,2500,OLS_oracle,iid,False,5
11,7,7001,1,10001,True,305,False,100,0.3832513207495934,2.27712535392493,0.0358470941458373,0.013726191261720838,0.10971827195904116,0.1842220966004087,0.9834351971130308,0.029456589746117628,13,6,0.20816659994661327,2500,OLS_oracle,iid,False,5
12,1,1001,2,20001,True,162,False,100,0.0,0.8309214650653303,0.0030631147591220235,0.0008495724506311104,0.011044441858204435,0.1421309427197971,0.9898470360076995,0.03615562992787279,13,6,0.20816659994661327,2500,OLS_oracle,iid,False,5
12,0,1,25,250001,True,178,False,100,0.0,0.929384330753237,0.0010422964036197867,0.0002890816902571295,0.003758061973342684,0.1425102995000668,0.9897995272226758,0.036053099196672066,13,6,0.20816659994661327,2500,OLS_oracle,iid,False,5
12,1,1001,1,10001,True,166,False,100,0.0,0.8417462296783924,0.0010241789287471588,0.00028405677195482236,0.0036927380354126907,0.1432332951561498,0.9896908954616876,0.03598627188776741,13,6,0.20816659994661327,2500,OLS_oracle,iid,False,5
12,0,1,29,290001,True,171,False,100,0.0,0.8786310823634267,0.0018983602950816425,0.0005265145252634497,0.006844688828424845,0.14582241957146658,0.9893322786372828,0.036346046886832496,13,6,0.20816659994661327,2500,OLS_oracle,iid,False,5
12,1,1001,24,240001,True,107,False,100,0.0,0.5555952428840101,0.0015676876851383503,0.0004348006485744566,0.005652408431467936,0.14245783046548469,0.9897966047577899,0.036756915364804355,13,6,0.20816659994661327,2500,OLS_oracle,iid,False,5
12,0,1,16,160001,True,101,False,100,0.0,1.0891126310452819,0.0015656828562803618,0.00043424460022038546,0.005645179802865011,0.13877439498516422,0.9903207980607104,0.03633137239899586,13,6,0.20816659994661327,2500,OLS_oracle,iid,False,5
12,1,1001,8,80001,True,147,False,100,0.0,0.7650609808042645,0.001580281648250747,0.0004382947879666757,0.00569781734240559,0.1408810825591559,0.9900246903328844,0.036492044463008855,13,6,0.20816659994661327,2500,OLS_oracle,iid,False,5
12,1,1001,10,100001,True,137,False,100,0.0,0.7659738026559353,0.001593976843575676,0.0004420920676873403,0.005747196879935424,0.15045877517530154,0.9886160614214015,0.03601988693423582,13,6,0.20816659994661327,2500,OLS_oracle,iid,False,5
11,8,8001,21,210001,True,271,False,100,0.02943071072137832,1.8240833799354732,0.05062795027018788,0.019844473301575127,0.13987706884074666,0.19500788507754016,0.9810175402728718,0.02960361686396132,13,6,0.20816659994661327,2500,OLS_oracle,iid,False,5
12,1,1001,15,150001,True,162,False,100,0.0,0.8274171366356313,0.0016546942235161886,0.0004589323278192887,0.005966120261650753,0.1446046745869697,0.9894961060578376,0.036526937341595796,13,6,0.20816659994661327,2500,OLS_oracle,iid,False,5
12,1,1001,22,220001,True,138,False,100,0.0,0.7124465289525688,0.0015968704118273544,0.00044289461240590484,0.005757629961276763,0.14169335779388492,0.9899269502295384,0.03668078798265823,13,6,0.20816659994661327,2500,OLS_oracle,iid,False,5
11,7,7001,11,110001,True,171,False,100,0.7074142844604647,2.3684884319081903,0.030429767913520152,0.011401540412961021,0.09740400980497016,0.23351462649333765,0.9747438852147087,0.02998447742092754,13,6,0.20816659994661327,2500,OLS_oracle,iid,False,5
12,0,1,20,200001,True,172,False,100,0.0,1.2397099225781858,0.0010006130832161755,0.00027752073883701377,0.003607769604881179,0.14129317718241888,0.9899581301104681,0.03679852523598125,13,6,0.20816659994661327,2500,OLS_oracle,iid,False,5
12,1,1001,23,230001,True,149,False,100,0.0,0.7330145360901952,0.001802796331141724,0.0005000092603412349,0.006500120384436055,0.14000996330138454,0.9901533857109267,0.03570807604485414,13,6,0.20816659994661327,2500,OLS_oracle,iid,False,5
12,1,1001,19,190001,True,157,False,100,0.0,0.8057617102749646,0.0027660922373665404,0.000767188672038343,0.009973452736498458,0.14389649887642073,0.9895964631279592,0.03581456202591361,13,6,0.20816659994661327,2500,OLS_oracle,iid,False,5
12,1,1001,18,180001,True,170,False,100,0.0,0.8627266329713166,0.001906665614891179,0.0005288180607258479,0.006874634789436022,0.141321018545716,0.9899724920150533,0.03655339571620448,13,6,0.20816659994661327,2500,OLS_oracle,iid,False,5
11,8,8001,6,60001,True,122,False,100,0.02971139490549845,2.081059695687145,0.260868018701003,0.11193786137976572,0.7378821599126605,0.896359632473398,0.7395629597205409,0.029459194545374774,13,6,0.20816659994661327,2500,OLS_oracle,iid,False,5
12,2,2001,11,110001,True,98,False,100,0.0,0.587882166262716,0.0023169527179760455,0.0006426145382129669,0.00835398899676857,0.15579430234400435,0.9877811614474532,0.03703841677735555,13,6,0.20816659994661327,2500,OLS_oracle,iid,False,5
12,1,1001,13,130001,True,130,False,100,0.0,0.9073584759607911,0.0010922644824917218,0.000302940444460731,0.003938225777989503,0.14668498204302555,0.9891832634144687,0.036237570304330946,13,6,0.20816659994661327,2500,OLS_oracle,iid,False,5
12,1,1001,17,170001,True,173,False,100,0.0,0.8829751131124794,0.0010639793638277041,0.0002950955047507702,0.0038362415617600124,0.1428049982903875,0.989748507028788,0.03665985531689879,13,6,0.20816659994661327,2500,OLS_oracle,iid,False,5
12,2,2001,3,30001,True,131,False,100,0.0,0.6666768752038479,0.0012095316036705827,0.00033546477229639,0.0043610420398530695,0.1515045357117965,0.9884841251333358,0.03601282208431317,13,6,0.20816659994661327,2500,OLS_oracle,iid,False,5
11,7,7001,4,40001,True,373,False,100,0.14439215978328374,2.499974993057549,0.038786336102753304,0.015224867399306148,0.10312460758783099,0.17810855812399473,0.9842102685028048,0.029211080689773055,13,6,0.20816659994661327,2500,OLS_oracle,iid,False,5
11,9,9001,1,10001,True,106,False,100,0.3832513207495934,1.8400337882339954,0.2456409060060062,0.10328811915180672,0.8242983782907833,0.8028793334257693,0.7678470771225658,0.030322611155280645,13,6,0.20816659994661327,2500,OLS_oracle,iid,False,5
12,2,2001,6,60001,True,137,False,100,0.0,0.681309366133064,0.0024253294322554406,0.0006726739292826408,0.00874476108067433,0.14755403309236775,0.9890558234558919,0.03694552249558225,13,6,0.20816659994661327,2500,OLS_oracle,iid,False,5
12,1,1001,20,200001,True,172,False,100,0.0,0.882277708966285,0.0014411204568232818,0.00039969669866066687,0.005196057082588669,0.1442064063980693,0.98954132209806,0.03698893251576394,13,6,0.20816659994661327,2500,OLS_oracle,iid,False,5
11,6,6001,9,90001,True,361,False,100,0.07307464244893788,2.872466263361275,0.044567684258399784,0.017496595617497883,0.11949905392407091,0.18183350466429754,0.98347218338714,0.028901863052086068,13,6,0.20816659994661327,2500,OLS_oracle,iid,False,5
11,6,6001,18,180001,True,374,False,100,0.11857788219022193,2.788772966247052,0.044817334798025736,0.01761728109702085,0.11455893618117846,0.18573140552535986,0.982736668967644,0.029938513206887753,13,6,0.20816659994661327,2500,OLS_oracle,iid,False,5
12,2,2001,23,230001,True,101,False,100,0.0,0.4989208960905671,0.0017186829393714572,0.0004766799326713446,0.00619683912472748,0.14042017991124772,0.9901074850343184,0.03669517398497916,13,6,0.20816659994661327,2500,OLS_oracle,iid,False,5
11,7,7001,2,20001,True,394,False,100,0.5245446022168766,2.5819814349524677,0.040798984497892946,0.015531175535492546,0.12696524050856975,0.21165503483079554,0.9789590026387966,0.028682467517792395,13,6,0.20816659994661327,2500,OLS_oracle,iid,False,5
11,9,9001,25,250001,True,235,False,100,0.8543597406519545,1.5545365852303803,0.03688293664463968,0.013673889377075282,0.12017085650114089,0.32799327987454485,0.9552690859302995,0.0302446101210055,13,6,0.20816659994661327,2500,OLS_oracle,iid,False,5
12,3,3001,4,40001,True,71,False,100,0.0,0.4185846601612866,0.0008914216394943322,0.0002472363048415175,0.0032140719629397277,0.14343434213715342,0.9896601913159582,0.03522685690456682,13,6,0.20816659994661327,2500,OLS_oracle,iid,False,5
12,2,2001,7,70001,True,154,False,100,0.0,0.750403821002692,0.0013322359842479058,0.00036949720185357275,0.0048034636240964455,0.14846609420786566,0.9889238307246289,0.03624149374948224,13,6,0.20816659994661327,2500,OLS_oracle,iid,False,5
10,6,6001,6,60001,True,383,False,100,0.3078685930723195,7.398883897811174,0.061222192038005184,0.028579343959935187,0.16413053748426168,0.20277144263454946,0.9795789033564328,0.022755515740200044,13,6,0.20816659994661327,2500,OLS_oracle,iid,False,5
11,2,2001,15,150001,True,287,False,100,0.6181341499417189,4.448136620223522,0.03567854987480388,0.013836039540519195,0.1044693196488027,0.22223703371861814,0.9774894694191155,0.02966368338429907,13,6,0.20816659994661327,2500,OLS_oracle,iid,False,5
12,2,2001,2,20001,True,172,False,100,0.0,0.8196120774373412,0.0015163676284405381,0.00042056680578805156,0.00546736847524467,0.1429066379326139,0.9897514637592755,0.03558902421280015,13,6,0.20816659994661327,2500,OLS_oracle,iid,False,5
12,2,2001,0,1,True,162,False,100,0.0,0.8396091088652611,0.002015803127735026,0.0005590881176330074,0.0072681455292290965,0.14695904781006336,0.9891405816060369,0.03645747321996146,13,6,0.20816659994661327,2500,OLS_oracle,iid,False,5
12,2,2001,1,10001,True,168,False,100,0.0,0.8372714887373149,0.0012795916480763567,0.000354896128177175,0.004613649666303275,0.14709542318250796,0.989116603860854,0.0359542640795001,13,6,0.20816659994661327,2500,OLS_oracle,iid,False,5
11,8,8001,5,50001,True,356,False,100,0.042594374175743195,2.272787931840867,0.041235439946624715,0.016192593104779003,0.10920016066970323,0.17511830495016206,0.9846346229324838,0.02911991658391316,13,6,0.20816659994661327,2500,OLS_oracle,iid,False,5
12,2,2001,10,100001,True,152,False,100,0.0,0.7937815757468343,0.0011311590273448775,0.0003137279369661479,0.004078463180559923,0.15279932889856757,0.9882751128280403,0.03631507338417309,13,6,0.20816659994661327,2500,OLS_oracle,iid,False,5
12,2,2001,5,50001,True,172,False,100,0.0,0.8347605210728943,0.0016821997494881208,0.0004665622724310305,0.0060652946404422025,0.14408221631414125,0.9895652747201176,0.03622399965694132,13,6,0.20816659994661327,2500,OLS_oracle,iid,False,5
12,1,1001,29,290001,True,169,False,100,0.0,0.9077389729209244,0.001276063977714676,0.0003539177180697546,0.00460093033490681,0.14412474844610507,0.9895747362576377,0.03697538496367014,13,6,0.20816659994661327,2500,OLS_oracle,iid,False,5
11,7,7001,12,120001,True,350,False,100,0.44604602890742173,2.599341430235654,0.035667445231700914,0.013720224384642654,0.10768232546330088,0.18900721993116704,0.9829192419750964,0.028904819680304946,13,6,0.20816659994661327,2500,OLS_oracle,iid,False,5
12,2,2001,18,180001,True,133,False,100,0.0,0.6940820119343698,0.0016183603939068894,0.0004488549611740833,0.005835114495263083,0.14424164402226972,0.989539505786484,0.03626284537053466,13,6,0.20816659994661327,2500,OLS_oracle,iid,False,5
12,1,1001,26,260001,True,180,False,100,0.0,0.9450252917595208,0.0017815427872401196,0.0004941144647846763,0.006423488042200791,0.1395877445545204,0.9902110032777275,0.03663414373050997,13,6,0.20816659994661327,2500,OLS_oracle,iid,False,5
12,2,2001,12,120001,True,153,False,100,0.0,0.7944692289456725,0.0018778144990263517,0.0005208160146650448,0.006770608190645583,0.14398979679104293,0.9895849524398418,0.036665002697948236,13,6,0.20816659994661327,2500,OLS_oracle,iid,False,5
12,1,1001,28,280001,True,175,False,100,0.0,0.9366830359213054,0.0021662901983277813,0.0006008269082179098,0.007810749806832828,0.1459782007553638,0.9892727245222652,0.0361960158068441,13,6,0.20816659994661327,2500,OLS_oracle,iid,False,5
11,9,9001,9,90001,True,294,False,100,0.07307464244893788,1.958746702875942,0.04638353630531619,0.018187482127780444,0.12692266190466134,0.18604890329592078,0.9828053947784625,0.029765972276575774,13,6,0.20816659994661327,2500,OLS_oracle,iid,False,5
11,8,8001,23,230001,True,337,False,100,0.16638812073905287,2.1330096339806914,0.036933633303700975,0.01449713171403715,0.09791222033830883,0.1787464801703122,0.9840377740638375,0.029729831725033788,13,6,0.20816659994661327,2500,OLS_oracle,iid,False,5
12,0,1,3,30001,True,116,False,100,0.0,1.6334902625530958,0.00263104740573226,0.000729732201326922,0.009486518617249987,0.14807389988936354,0.988976650866258,0.036705112201292835,13,6,0.20816659994661327,2500,OLS_oracle,iid,False,5
11,9,9001,15,150001,True,282,False,100,0.6181341499417189,1.882001125253737,0.03890405671709191,0.015122386542147738,0.1128236570357879,0.22977493029418575,0.976360811906115,0.02964346671109346,13,6,0.20816659994661327,2500,OLS_oracle,iid,False,5
12,2,2001,8,80001,True,165,False,100,0.0,0.8724558670073748,0.001309588384804249,0.0003632169629271959,0.004721805616892353,0.14159799235488316,0.9899476233781606,0.03627678039981557,13,6,0.20816659994661327,2500,OLS_oracle,iid,False,5
11,5,5001,10,100001,True,317,False,100,0.159010461734683,3.461904975119978,0.041144162898575226,0.016144709323378637,0.11059843058153071,0.18366463096200586,0.9832525003668882,0.029051884503994513,13,6,0.20816659994661327,2500,OLS_oracle,iid,False,5
11,5,5001,25,250001,True,254,False,100,0.8543597406519545,3.304279846139252,0.1685197944210468,0.06188938121078213,0.6163924421858308,0.6769964188175341,0.8362142902238701,0.030102309597215906,13,6,0.20816659994661327,2500,OLS_oracle,iid,False,5
12,2,2001,4,40001,True,176,False,100,0.0,0.911299052182585,0.0014700482089187474,0.0004077199240394933,0.005300359012513413,0.14421530276882255,0.9895477642158398,0.035625777658255024,13,6,0.20816659994661327,2500,OLS_oracle,iid,False,5
12,2,2001,21,210001,True,134,False,100,0.0,0.7152584339492023,0.0018377455746288176,0.0005097026452237449,0.006626134387908684,0.14065089640485845,0.9900645009164346,0.03626615245419533,13,6,0.20816659994661327,2500,OLS_oracle,iid,False,5
11,8,8001,15,150001,True,217,False,100,0.6181341499417189,2.2808521199040115,0.03880536518537628,0.015081973144527099,0.11260898275883854,0.22891813722813673,0.9763775994728072,0.02971700786818886,13,6,0.20816659994661327,2500,OLS_oracle,iid,False,5
12,3,3001,0,1,True,115,False,100,0.0,0.6254196222871542,0.0015979115788655744,0.00044318338497492384,0.00576138400467401,0.1411595093857651,0.9899948554815219,0.03577893265361548,13,6,0.20816659994661327,2500,OLS_oracle,iid,False,5
12,1,1001,9,90001,True,174,False,100,0.0,1.2277834489941597,0.001145182803319488,0.0003176174653574063,0.004129027049646281,0.1414566204863332,0.989939949051965,0.03648258208904877,13,6,0.20816659994661327,2500,OLS_oracle,iid,False,5
12,1,1001,11,110001,True,93,False,100,0.0,1.2246232368052006,0.0015664947100490322,0.0004344697715311314,0.005648107029904708,0.1496051950245773,0.9887139196322567,0.036906870609032756,13,6,0.20816659994661327,2500,OLS_oracle,iid,False,5
12,1,1001,16,160001,True,156,False,100,0.0,1.201048496644944,0.001490126105618414,0.00041328860995167114,0.005372751929371725,0.1394714042900677,0.9902261704047772,0.03663336415399414,13,6,0.20816659994661327,2500,OLS_oracle,iid,False,5
12,1,1001,7,70001,True,113,False,100,0.0,1.3025603550486267,0.001736214308814671,0.0004815423540215273,0.006260050602279855,0.14804326112553776,0.9889860752959719,0.03611069536054374,13,6,0.20816659994661327,2500,OLS_oracle,iid,False,5
12,2,2001,13,130001,True,163,False,100,0.0,0.9119599461555481,0.0013243046355971312,0.00036729741629883274,0.004774866411884826,0.14654434110368544,0.9892114901902782,0.03594739498273063,13,6,0.20816659994661327,2500,OLS_oracle,iid,False,5
12,2,2001,14,140001,True,173,False,100,0.0,0.9070595586672425,0.0016117380180437507,0.00044701821343511554,0.005811236774656502,0.14097874679874087,0.9900242820668879,0.03629728297750632,13,6,0.20816659994661327,2500,OLS_oracle,iid,False,5
12,5,5001,5,50001,True,27,False,100,0.0,0.15096771903336048,0.001799683258040027,0.0004991469772448937,0.006488895803022424,0.14239651656689525,0.9898327797140218,0.036075149591483134,13,6,0.20816659994661327,2500,OLS_oracle,iid,False,5
12,3,3001,25,250001,True,109,False,100,0.0,0.5670335008762777,0.0014982730687854164,0.0004155482037773554,0.00540212664910562,0.1423524025434045,0.9898247789944846,0.03639687572818474,13,6,0.20816659994661327,2500,OLS_oracle,iid,False,5
11,5,5001,24,240001,True,222,False,100,0.22411716837387027,3.4208527598530054,0.04172879737545024,0.015857331828931,0.13042258789506841,0.18163361538947076,0.9835079042883174,0.029216367391489355,13,6,0.20816659994661327,2500,OLS_oracle,iid,False,5
11,7,7001,5,50001,True,138,False,100,0.042594374175743195,2.8578845118172467,0.015777182758186396,0.0061605839095633065,0.043965271205592106,0.1486106184493669,0.9889019856750418,0.029636566895238085,13,6,0.20816659994661327,2500,OLS_oracle,iid,False,5
12,4,4001,12,120001,True,68,False,100,0.0,0.3650982449762523,0.002510584237381973,0.0006963202941246616,0.0090521638236206,0.14275315130229194,0.9897668593948921,0.03608594326465019,13,6,0.20816659994661327,2500,OLS_oracle,iid,False,5
12,3,3001,15,150001,True,125,False,100,0.0,0.6336323991417885,0.0028187504949736468,0.0007817941852668009,0.010163324408468411,0.1471013028096551,0.9891246575942692,0.036072235454566226,13,6,0.20816659994661327,2500,OLS_oracle,iid,False,5
12,2,2001,25,250001,True,154,False,100,0.0,0.7813251260668039,0.0018939583927522106,0.0005252936286886601,0.006828817172952581,0.14036308824783686,0.990111163571661,0.037363770264131596,13,6,0.20816659994661327,2500,OLS_oracle,iid,False,5
12,2,2001,22,220001,True,170,False,100,0.0,0.8461663410998881,0.0014492018631891055,0.0004019381079351682,0.005225195403157187,0.14318266854963638,0.9897021600400712,0.0368865089699005,13,6,0.20816659994661327,2500,OLS_oracle,iid,False,5
12,3,3001,11,110001,True,138,False,100,0.0,0.6770254438742995,0.0014528234648860418,0.00040294257326825144,0.005238253452487269,0.15245712230658934,0.9882791498913728,0.03692479492418452,13,6,0.20816659994661327,2500,OLS_oracle,iid,False,5
12,1,1001,27,270001,True,166,False,100,0.0,1.1425613462924957,0.0006621206214633445,0.000183639393762879,0.002387312118917427,0.14387212027929952,0.9895887574415515,0.036839826369198456,13,6,0.20816659994661327,2500,OLS_oracle,iid,False,5
12,3,3001,3,30001,True,139,False,100,0.0,0.72585838008672,0.0018958088436508923,0.0005258068634044472,0.006835489224257813,0.1520974974241572,0.9884152852141297,0.037189731973037266,13,6,0.20816659994661327,2500,OLS_oracle,iid,False,5
12,2,2001,16,160001,True,177,False,100,0.0,0.9300130447372794,0.0013256246944594824,0.0003676635389331636,0.004779626006131127,0.13719385457460875,0.9905443807168482,0.036408701389604024,13,6,0.20816659994661327,2500,OLS_oracle,iid,False,5
12,3,3001,10,100001,True,100,False,100,0.0,0.696937486063689,0.0016980716668613598,0.0004709632857643282,0.0061225227149362665,0.15352770754589534,0.9881835583061588,0.03550339826698334,13,6,0.20816659994661327,2500,OLS_oracle,iid,False,5
12,3,3001,6,60001,True,131,False,100,0.0,0.7226916877552867,0.002485414202727134,0.0006893390993806636,0.008961408291948627,0.14667463891087448,0.9891866172913,0.03630785780998199,13,6,0.20816659994661327,2500,OLS_oracle,iid,False,5
12,1,1001,25,250001,True,175,False,100,0.0,1.1886387369595468,0.0019509162156764917,0.0005410912659930323,0.007034186457909421,0.14256688119824446,0.989792821429866,0.03587920599990783,13,6,0.20816659994661327,2500,OLS_oracle,iid,False,5
12,2,2001,20,200001,True,138,False,100,0.0,0.9112794613465667,0.00145223458250708,0.0004027792444414953,0.005236130177739439,0.14111866120509245,0.9899776427824315,0.036049747271347694,13,6,0.20816659994661327,2500,OLS_oracle,iid,False,5
12,0,1,8,80001,True,150,False,100,0.0,1.8393818740732968,0.002147524858904166,0.0005956233283346012,0.007743088367188623,0.14149320104894664,0.9899433883715336,0.03602122251416987,13,6,0.20816659994661327,2500,OLS_oracle,iid,False,5
12,3,3001,7,70001,True,146,False,100,0.0,0.7595561798661947,0.0020325729862440546,0.0005637393634130558,0.007328611724369725,0.14740487483213133,0.9890794898033405,0.03570202156240829,13,6,0.20816659994661327,2500,OLS_oracle,iid,False,5
12,4,4001,8,80001,True,86,False,100,0.0,0.4599041831679642,0.0016115849725141544,0.0004469769117661529,0.005810684951798793,0.14232794841459254,0.9898195622804677,0.03631294147926047,13,6,0.20816659994661327,2500,OLS_oracle,iid,False,5
12,3,3001,21,210001,True,130,False,100,0.0,0.6779812951572239,0.0013489503405867869,0.0003741329843808405,0.004863728796950927,0.140267895867324,0.9901121217667579,0.03612894386654895,13,6,0.20816659994661327,2500,OLS_oracle,iid,False,5
11,1,1001,7,70001,True,368,False,100,0.09875224987248879,5.491902064997703,0.05531863801476399,0.02176705556973055,0.1439767894974334,0.2057163763591105,0.9789248576617292,0.030391353233675516,13,6,0.20816659994661327,2500,OLS_oracle,iid,False,5
12,3,3001,9,90001,True,163,False,100,0.0,0.7864552810788155,0.0018360116808846688,0.0005092217390795709,0.006619882608034422,0.14264006541123544,0.9897676692986188,0.03668946860396154,13,6,0.20816659994661327,2500,OLS_oracle,iid,False,5
12,3,3001,17,170001,True,147,False,100,0.0,0.7561465399339795,0.0017683128877489971,0.0004904450757201465,0.006375785984361905,0.13938138608673933,0.9902431580169175,0.036324294780164475,13,6,0.20816659994661327,2500,OLS_oracle,iid,False,5
12,2,2001,24,240001,True,172,False,100,0.0,0.9148054602555931,0.002201191712758999,0.0006105071467369199,0.007936592907579958,0.1406213906790662,0.9900612648415125,0.035873859446408106,13,6,0.20816659994661327,2500,OLS_oracle,iid,False,5
12,0,1,24,240001,True,136,False,100,0.0,1.6649907841347158,0.0015411507712644068,0.00042744051730600946,0.005556726724978123,0.14149754941313364,0.9899434020647497,0.0364593952191352,13,6,0.20816659994661327,2500,OLS_oracle,iid,False,5
12,3,3001,1,10001,True,169,False,100,0.0,0.8769805668853223,0.0018688364192622842,0.0005183258865630656,0.0067382365253198535,0.14522580532665227,0.989394972183314,0.03587644010615007,13,6,0.20816659994661327,2500,OLS_oracle,iid,False,5
12,3,3001,5,50001,True,151,False,100,0.0,0.8586671287193894,0.001323215262034805,0.00036699642124097615,0.004770938574971496,0.14232782176915976,0.9898396921469446,0.0359368934866206,13,6,0.20816659994661327,2500,OLS_oracle,iid,False,5
12,2,2001,26,260001,True,180,False,100,0.0,0.9414626243524253,0.0021747777084215932,0.0006031809920648424,0.007841352896842952,0.14045107004793334,0.9900881190193384,0.03649783888987358,13,6,0.20816659994661327,2500,OLS_oracle,iid,False,5
12,3,3001,28,280001,True,136,False,100,0.0,0.7189727309159935,0.0014946537975336497,0.00041454438393101814,0.0053890769911032355,0.1469051298525493,0.9891462076521784,0.03616702880996436,13,6,0.20816659994661327,2500,OLS_oracle,iid,False,5
12,4,4001,0,1,True,116,False,100,0.0,0.6154816201888025,0.0020518684967362278,0.0005690911202295413,0.007398184562984036,0.14586009693754245,0.9893060126097181,0.03587440241108018,13,6,0.20816659994661327,2500,OLS_oracle,iid,False,5
12,4,4001,15,150001,True,94,False,100,0.0,0.5033734366297722,0.0021584099783772672,0.0005986412620121773,0.007782336406158305,0.1439355517401336,0.9896050456305316,0.03646736859197455,13,6,0.20816659994661327,2500,OLS_oracle,iid,False,5
12,3,3001,2,20001,True,170,False,100,0.0,0.8947148788720369,0.0016942545162277561,0.00046990457886501,0.0061087595252451304,0.14890719234773364,0.9888484739573343,0.0362201763975935,13,6,0.20816659994661327,2500,OLS_oracle,iid,False,5
11,9,9001,18,180001,True,329,False,100,0.11857788219022193,2.1526305498555303,0.05948653042903833,0.023381807229898348,0.16114165762175614,0.2106550729351284,0.9779817008934842,0.029927502306582244,13,6,0.20816659994661327,2500,OLS_oracle,iid,False,5
12,4,4001,29,290001,True,78,False,100,0.0,0.4201995260082185,0.0009276627516002072,0.0002572878348950113,0.0033447418536351465,0.14215886684004858,0.9898448206571283,0.036542316060354074,13,6,0.20816659994661327,2500,OLS_oracle,iid,False,5
12,4,4001,27,270001,True,87,False,100,0.0,0.45490681705996394,0.001955523165471336,0.0005423690356579817,0.007050797463553762,0.14404941700970653,0.9895704674986777,0.036322438755259825,13,6,0.20816659994661327,2500,OLS_oracle,iid,False,5
12,3,3001,18,180001,True,163,False,100,0.0,0.8553525591269135,0.0018020579896828152,0.0004998044769422388,0.006497458200249105,0.14329231581830498,0.9896823738547675,0.036708606667416877,13,6,0.20816659994661327,2500,OLS_oracle,iid,False,5
12,4,4001,4,40001,True,127,False,100,0.0,0.6474191071465611,0.002122983755524716,0.0005888155029385901,0.007654601538201671,0.13978035351600115,0.990192694732515,0.035507967572097704,13,6,0.20816659994661327,2500,OLS_oracle,iid,False,5
12,3,3001,13,130001,True,165,False,100,0.0,0.8801543982699513,0.0014302682071250477,0.0003966867858124253,0.005156928215561529,0.14418609240426603,0.9895531511222581,0.03617625408558386,13,6,0.20816659994661327,2500,OLS_oracle,iid,False,5
12,4,4001,20,200001,True,99,False,100,0.0,0.5381600968539715,0.0014193803104986101,0.0003936669867666956,0.005117670827967043,0.14284415002010267,0.9897348820789965,0.03598862330584459,13,6,0.20816659994661327,2500,OLS_oracle,iid,False,5
11,8,8001,20,200001,True,196,False,100,0.7441070845880903,2.581890044733882,0.013202539359927786,0.005177005574087236,0.034683478981405634,0.21257081830061836,0.9779025136616026,0.02969978280019832,13,6,0.20816659994661327,2500,OLS_oracle,iid,False,5
12,3,3001,22,220001,True,161,False,100,0.0,0.8533146069385111,0.003117103260795964,0.0008645470963533678,0.011239112252593782,0.14387059955459025,0.9895963140442102,0.03605081758843974,13,6,0.20816659994661327,2500,OLS_oracle,iid,False,5
12,3,3001,19,190001,True,164,False,100,0.0,0.8684279229491949,0.0024989483984549058,0.0006930929614420241,0.009010208498746312,0.1475192808784864,0.9890628614616519,0.0357256811188803,13,6,0.20816659994661327,2500,OLS_oracle,iid,False,5
12,3,3001,20,200001,True,167,False,100,0.0,0.8679448068141937,0.0020076620212630615,0.0005568301215560941,0.007238791580229223,0.1406152654055853,0.9900491166297061,0.03635332975942228,13,6,0.20816659994661327,2500,OLS_oracle,iid,False,5
12,4,4001,14,140001,True,123,False,100,0.0,0.6283355071209371,0.0010457900781807702,0.00029005066810556726,0.0037706586853723744,0.14294348033737087,0.9897339550800731,0.036663919650059,13,6,0.20816659994661327,2500,OLS_oracle,iid,False,5
12,4,4001,5,50001,True,96,False,100,0.0,0.6955883279442787,0.0010868604139504154,0.000301442760207036,0.003918740981530274,0.1454521772285009,0.9893755241825617,0.035829907830299906,13,6,0.20816659994661327,2500,OLS_oracle,iid,False,5
12,1,1001,4,40001,True,167,False,100,0.0,1.694197814911604,0.003739527970204978,0.001037189876676167,0.01348346839679017,0.1411773544118451,0.989990568044478,0.035395335901566405,13,6,0.20816659994661327,2500,OLS_oracle,iid,False,5
12,4,4001,10,100001,True,127,False,100,0.0,0.6699164458550513,0.0011027342751778922,0.00030584426522911525,0.0039759754479784986,0.15595150715194472,0.987764307442556,0.03566173039958332,13,6,0.20816659994661327,2500,OLS_oracle,iid,False,5
12,2,2001,9,90001,True,129,False,100,0.0,1.30685722688213,0.002080031541533093,0.0005769023601779845,0.007499730682313798,0.1417863311642568,0.989910298428967,0.036183353562700124,13,6,0.20816659994661327,2500,OLS_oracle,iid,False,5
12,3,3001,24,240001,True,169,False,100,0.0,0.8793195760808885,0.002909443692694012,0.0008069492939659467,0.010490340821557307,0.14195821779908255,0.9898730794191425,0.03573642244217272,13,6,0.20816659994661327,2500,OLS_oracle,iid,False,5
12,4,4001,1,10001,True,143,False,100,0.0,0.7496097381226718,0.0018157260139099536,0.0005035953854295051,0.006546740010583566,0.14434566291912496,0.9895346836615265,0.03694467700526643,13,6,0.20816659994661327,2500,OLS_oracle,iid,False,5
11,9,9001,6,60001,True,124,False,100,0.02971139490549845,2.464204461313784,0.2361909474999724,0.09939896280467778,0.6669598641843957,0.7614815210063995,0.7888978978513923,0.028908169240699524,13,6,0.20816659994661327,2500,OLS_oracle,iid,False,5
12,3,3001,26,260001,True,154,False,100,0.0,0.893777146935463,0.001910803057017368,0.0005299656078769429,0.006889552902400258,0.13879236982294957,0.9903332259815631,0.03636951542155357,13,6,0.20816659994661327,2500,OLS_oracle,iid,False,5
12,3,3001,27,270001,True,169,False,100,0.0,0.8882970558479428,0.0028197334743003755,0.0007820668287651931,0.01016686877394751,0.14515343661540303,0.9894003374188325,0.03681516188472786,13,6,0.20816659994661327,2500,OLS_oracle,iid,False,5
12,5,5001,8,80001,True,98,False,100,0.0,0.49273404106497765,0.002578741551754532,0.000715225673932209,0.009297918859957522,0.14196990140938592,0.9898767881940587,0.03633932592771849,13,6,0.20816659994661327,2500,OLS_oracle,iid,False,5
12,3,3001,8,80001,True,122,False,100,0.0,1.0055021848529577,0.0012513464207341883,0.0003470633762945362,0.004511808990667777,0.13829615644788526,0.9904003820029023,0.036204839184806346,13,6,0.20816659994661327,2500,OLS_oracle,iid,False,5
12,3,3001,12,120001,True,104,False,100,0.0,1.0076777851209044,0.0016405205578660447,0.0004550011908910659,0.005915015481583856,0.14070337691846838,0.9900514438663139,0.03603812054142299,13,6,0.20816659994661327,2500,OLS_oracle,iid,False,5
12,0,1,10,100001,True,138,False,100,0.0,2.1021204493008554,0.001531369584888129,0.0004247276626908359,0.005521459614980867,0.15214367109635038,0.9883663538801161,0.03624908694816193,13,6,0.20816659994661327,2500,OLS_oracle,iid,False,5
12,3,3001,23,230001,True,180,False,100,0.0,0.95110141672194,0.0014594406952710786,0.00040477788805869883,0.005262112544763085,0.13782636804387305,0.9904525242048381,0.0357483759904956,13,6,0.20816659994661327,2500,OLS_oracle,iid,False,5
11,9,9001,0,1,True,338,False,100,0.4365100160643884,2.6431417809799314,0.07626642049464541,0.02993776645657484,0.21579776429392014,0.27922595717241433,0.9653580401770585,0.028816004095760846,13,6,0.20816659994661327,2500,OLS_oracle,iid,False,5
11,7,7001,26,260001,True,181,False,100,0.6424308539801981,3.062820201739669,0.03368484416348307,0.012972647523494685,0.10123470192448426,0.22180691874525207,0.9777539366359644,0.02907152794449946,13,6,0.20816659994661327,2500,OLS_oracle,iid,False,5
12,3,3001,29,290001,True,172,False,100,0.0,0.9238889403641224,0.0015124352763935586,0.0004194761513058663,0.005453189966976262,0.14353786724744824,0.9896442792874147,0.035888770140053594,13,6,0.20816659994661327,2500,OLS_oracle,iid,False,5
12,5,5001,25,250001,True,83,False,100,0.0,0.4433844690211117,0.0009868004882586775,0.00027368978968222654,0.0035579672658689453,0.13975307904584458,0.9901939448318432,0.036444911942747314,13,6,0.20816659994661327,2500,OLS_oracle,iid,False,5
12,5,5001,7,70001,True,115,False,100,0.0,0.6062812120653689,0.001960789739760285,0.0005438297569620405,0.007069786840506526,0.14772348221226989,0.9890329032230855,0.036622457419784545,13,6,0.20816659994661327,2500,OLS_oracle,iid,False,5
12,4,4001,6,60001,True,162,False,100,0.0,0.8592874738387764,0.001984394636683677,0.0005503767430302838,0.007154897659393688,0.14483775264061358,0.9894535019932843,0.03611391309887527,13,6,0.20816659994661327,2500,OLS_oracle,iid,False,5
12,4,4001,2,20001,True,75,False,100,0.0,0.8844819189980626,0.001952436443669813,0.0005415129118150053,0.007039667853595068,0.14673749568430386,0.9891808870564653,0.03592690215684364,13,6,0.20816659994661327,2500,OLS_oracle,iid,False,5
12,4,4001,9,90001,True,160,False,100,0.0,0.8510087770409882,0.0015085801903626324,0.0004184069269618906,0.005439290050504578,0.1459008510926565,0.989295766105871,0.03624241088825958,13,6,0.20816659994661327,2500,OLS_oracle,iid,False,5
12,2,2001,17,170001,True,149,False,100,0.0,1.3650650791823864,0.0016807352131649942,0.0004661549294310375,0.006060014082603487,0.13794529458747082,0.99043266619826,0.036034485845932024,13,6,0.20816659994661327,2500,OLS_oracle,iid,False,5
12,6,6001,9,90001,True,74,False,100,0.0,0.4148960127495229,0.00134159249529751,0.00037209226126415644,0.0048371993964340335,0.14237811785891535,0.9898038379599363,0.03616577625048977,13,6,0.20816659994661327,2500,OLS_oracle,iid,False,5
12,4,4001,18,180001,True,156,False,100,0.0,0.7832369697280228,0.0017503083038971415,0.00048545140215702304,0.006310868228041299,0.14408131089099097,0.9895737550833815,0.03634315623498343,13,6,0.20816659994661327,2500,OLS_oracle,iid,False,5
12,5,5001,10,100001,True,122,False,100,0.0,0.656675563659519,0.0017393253193933415,0.00048240521004627685,0.006271267730601599,0.15432569050590253,0.9880246131300848,0.036255300422344726,13,6,0.20816659994661327,2500,OLS_oracle,iid,False,5
12,5,5001,12,120001,True,110,False,100,0.0,0.6505449991673231,0.0016758419908994558,0.0004647977689038286,0.006042370995749772,0.14389564585660267,0.9895965457083693,0.03662122096427359,13,6,0.20816659994661327,2500,OLS_oracle,iid,False,5
12,4,4001,11,110001,True,152,False,100,0.0,0.8967918599955738,0.0020733849708715374,0.0005750588814724791,0.007475765459142229,0.15369790514541368,0.9881186478963979,0.03660640002084815,13,6,0.20816659994661327,2500,OLS_oracle,iid,False,5
12,4,4001,28,280001,True,150,False,100,0.0,0.752324415370822,0.0015589547844279603,0.000432378539227832,0.005620921009961816,0.1383228327213265,0.9903727865980767,0.03571326578551757,13,6,0.20816659994661327,2500,OLS_oracle,iid,False,5
12,4,4001,26,260001,True,134,False,100,0.0,0.7784558017738163,0.0010973695509957802,0.00030435634674522215,0.003956632507687888,0.13920503037376616,0.9902963758566209,0.036115500896195536,13,6,0.20816659994661327,2500,OLS_oracle,iid,False,5
11,9,9001,2,20001,True,212,False,100,0.5245446022168766,2.7590462998487055,0.04327086108533061,0.01677446571407085,0.12739225901118073,0.2188626645515156,0.977750680494446,0.029556168659279992,13,6,0.20816659994661327,2500,OLS_oracle,iid,False,5
12,4,4001,17,170001,True,170,False,100,0.0,0.8907227539457381,0.00033753479300850723,9.361533107795188e-05,0.0012169993040133744,0.13989128044157895,0.9901595678441368,0.03566702239615559,13,6,0.20816659994661327,2500,OLS_oracle,iid,False,5
12,5,5001,0,1,True,155,False,100,0.0,0.7657630452886224,0.0013875897345315869,0.0003848497545084002,0.005003046808609203,0.14481230244862445,0.9894702476641832,0.0371358798439325,13,6,0.20816659994661327,2500,OLS_oracle,iid,False,5
12,5,5001,6,60001,True,136,False,100,0.0,0.7396589759737253,0.002373455191525889,0.000658286065086536,0.008557718846124968,0.1484016728690506,0.988927235985943,0.03652109380136278,13,6,0.20816659994661327,2500,OLS_oracle,iid,False,5
12,4,4001,3,30001,True,151,False,100,0.0,0.9894761857576668,0.0029829426589277953,0.0008273353897447889,0.010755360066682255,0.14982913155954303,0.9887620939932543,0.036184924166223896,13,6,0.20816659994661327,2500,OLS_oracle,iid,False,5
12,5,5001,1,10001,True,148,False,100,0.0,0.7660302030853927,0.0016264210287773727,0.00045109061729436907,0.005864178024826798,0.14798398487490405,0.988998068600944,0.035489275760870305,13,6,0.20816659994661327,2500,OLS_oracle,iid,False,5
12,4,4001,16,160001,True,169,False,100,0.0,0.903027315158397,0.0018040919093188646,0.0005003685966697835,0.006504791756707186,0.14030805791538092,0.9901055634764346,0.035356925809943415,13,6,0.20816659994661327,2500,OLS_oracle,iid,False,5
11,4,4001,16,160001,True,341,False,100,0.5799721707897568,4.482860401738435,0.04449360890471917,0.01709523848201218,0.13532106947192163,0.22981146165922156,0.976635771916025,0.029547836526230338,13,6,0.20816659994661327,2500,OLS_oracle,iid,False,5
12,4,4001,25,250001,True,174,False,100,0.0,0.8445900240913033,0.0018096082634218103,0.0005018985904920066,0.006524681676396086,0.14283022087605493,0.9897545720882014,0.03661878432578481,13,6,0.20816659994661327,2500,OLS_oracle,iid,False,5
12,2,2001,15,150001,True,168,False,100,0.0,1.5290496521629393,0.0035074357584445087,0.0009728135828229612,0.012646576576698496,0.14729486937261219,0.9890976250934964,0.03590802048004212,13,6,0.20816659994661327,2500,OLS_oracle,iid,False,5
12,6,6001,21,210001,True,81,False,100,0.0,0.43842254392802715,0.0024673107291879734,0.0006843178990676983,0.008896132687880077,0.14156196102105148,0.9899385060855435,0.03693982478108466,13,6,0.20816659994661327,2500,OLS_oracle,iid,False,5
12,5,5001,14,140001,True,125,False,100,0.0,0.7896555121988058,0.0019476970831178546,0.0005401984172115896,0.007022579423750664,0.14072975522258382,0.9900488494019274,0.03535261369497572,13,6,0.20816659994661327,2500,OLS_oracle,iid,False,5
11,3,3001,7,70001,True,335,False,100,0.09875224987248879,5.086919943802059,0.05746683287359158,0.022431843404318433,0.16509820405669565,0.20587973158983724,0.9787830128615198,0.029538878532528172,13,6,0.20816659994661327,2500,OLS_oracle,iid,False,5
12,4,4001,19,190001,True,160,False,100,0.0,0.9691285681910813,0.0016927759424615696,0.00046949448863988635,0.006103428352318523,0.14192427641739588,0.9898772748962905,0.03555819854917428,13,6,0.20816659994661327,2500,OLS_oracle,iid,False,5
12,5,5001,2,20001,True,163,False,100,0.0,0.8818249027244747,0.0016135672753965255,0.0004475255667151724,0.0058178323672972414,0.1433260612862385,0.9896774587807214,0.03615483523126172,13,6,0.20816659994661327,2500,OLS_oracle,iid,False,5
12,5,5001,3,30001,True,163,False,100,0.0,0.8766535189934075,0.0021952224047746675,0.0006088515065782499,0.00791506958551725,0.14759787745283637,0.9890573014581151,0.035664464356225965,13,6,0.20816659994661327,2500,OLS_oracle,iid,False,5
12,6,6001,0,1,True,133,False,100,0.0,0.6997281117364764,0.0015829355018449685,0.0004390297002524765,0.0057073861032821945,0.14177737093111228,0.9899068353856688,0.0361842499744071,13,6,0.20816659994661327,2500,OLS_oracle,iid,False,5
12,5,5001,11,110001,True,152,False,100,0.0,0.8671731338836253,0.002581576854018012,0.0007160109330793135,0.009308142130031075,0.15490641990286927,0.9879017981379438,0.03558255186691913,13,6,0.20816659994661327,2500,OLS_oracle,iid,False,5
12,5,5001,20,200001,True,145,False,100,0.0,0.785450279712677,0.0018014592811762958,0.000499638421572417,0.0064952994804414205,0.14373754924875182,0.98960962243631,0.03660241740406229,13,6,0.20816659994661327,2500,OLS_oracle,iid,False,5
12,7,7001,11,110001,True,84,False,100,0.0,0.42483554407954216,0.0021553566464029422,0.0005977943944797022,0.007771327128236129,0.15243252088157955,0.9882789172208193,0.03718329405808845,13,6,0.20816659994661327,2500,OLS_oracle,iid,False,5
12,6,6001,28,280001,True,69,False,100,0.0,0.5003509139642119,0.0011785830754278367,0.0003268811154051365,0.004249454500266775,0.14125408819957255,0.9899585867943677,0.036546698906011865,13,6,0.20816659994661327,2500,OLS_oracle,iid,False,5
12,7,7001,12,120001,True,80,False,100,0.0,0.43306341115385294,0.001535715782928487,0.00042593309956820164,0.005537130294386621,0.14355519176254192,0.9896584493137892,0.03541735665948025,13,6,0.20816659994661327,2500,OLS_oracle,iid,False,5
12,5,5001,16,160001,True,141,False,100,0.0,0.8638902031816542,0.001482215051777996,0.00041109444689209443,0.005344227809597228,0.13944213277406248,0.9902309629495788,0.03623267326784746,13,6,0.20816659994661327,2500,OLS_oracle,iid,False,5
12,5,5001,21,210001,True,71,False,100,0.0,0.8045720895752311,0.002564169135721744,0.0007111826929484977,0.00924537500833047,0.1439221163573657,0.989612964867047,0.035687787876659716,13,6,0.20816659994661327,2500,OLS_oracle,iid,False,5
12,5,5001,15,150001,True,165,False,100,0.0,0.8831934719346464,0.0019173986830438071,0.0005317949489704201,0.006913334336615461,0.1466376899476885,0.9891887409668024,0.036633824699483515,13,6,0.20816659994661327,2500,OLS_oracle,iid,False,5
11,9,9001,23,230001,True,339,False,100,0.16638812073905287,2.647192545235157,0.04087233015575836,0.016011863718849332,0.11226337711312248,0.18629841498417962,0.9827648807156043,0.02975084525152672,13,6,0.20816659994661327,2500,OLS_oracle,iid,False,5
12,4,4001,7,70001,True,92,False,100,0.0,1.191213192883879,0.0013809514728394608,0.00038300860904187477,0.004979111917544372,0.14636935903088433,0.989233426298522,0.03622935163263419,13,6,0.20816659994661327,2500,OLS_oracle,iid,False,5
11,5,5001,27,270001,True,215,False,100,0.549588323776868,4.197358328849077,0.05196568095769353,0.020032968678813007,0.15699123429328654,0.23958109247072046,0.9741766317486311,0.029592289254403034,13,6,0.20816659994661327,2500,OLS_oracle,iid,False,5
12,4,4001,22,220001,True,172,False,100,0.0,1.0831102151423693,0.0009450811562526508,0.00026211885866989727,0.0034075451627086644,0.14572989599094083,0.9893239875751026,0.03641691304696825,13,6,0.20816659994661327,2500,OLS_oracle,iid,False,5
12,6,6001,2,20001,True,159,False,100,0.0,0.8086854931898415,0.0009757005525378881,0.0002706112021533729,0.0035179456279938476,0.14608662966058486,0.9892673866749814,0.03643661978774525,13,6,0.20816659994661327,2500,OLS_oracle,iid,False,5
12,5,5001,23,230001,True,160,False,100,0.0,0.8477699658833444,0.0009696860937214478,0.0002689430811525501,0.003496260054983152,0.13879867217153447,0.9903175000477187,0.03611342984278182,13,6,0.20816659994661327,2500,OLS_oracle,iid,False,5
12,5,5001,29,290001,True,164,False,100,0.0,0.8365570157766342,0.0019500077009343014,0.000540839283109218,0.007030910680419834,0.1468373987524679,0.9891620225172085,0.035621479631073254,13,6,0.20816659994661327,2500,OLS_oracle,iid,False,5
12,7,7001,13,130001,True,99,False,100,0.0,0.5315705863758922,0.0017875043468972556,0.000495767938166399,0.006444983196163187,0.14531856130350843,0.989394951090855,0.03650257322596129,13,6,0.20816659994661327,2500,OLS_oracle,iid,False,5
12,5,5001,22,220001,True,154,False,100,0.0,0.8892440074123442,0.0019093353068160557,0.0005295585175628029,0.006884260728316437,0.14329781632869684,0.9896876218553539,0.03769399093986363,13,6,0.20816659994661327,2500,OLS_oracle,iid,False,5
12,6,6001,1,10001,True,168,False,100,0.0,0.8362953569740057,0.002261613966596443,0.0006272658071942504,0.008154455493525255,0.1441977650034711,0.9895433614296955,0.0365603756877876,13,6,0.20816659994661327,2500,OLS_oracle,iid,False,5
11,9,9001,21,210001,True,363,False,100,0.02943071072137832,2.7275461512617767,0.034585648536421244,0.013582941539569024,0.08888550618361109,0.16904635958877545,0.985623275342734,0.028540684677250135,13,6,0.20816659994661327,2500,OLS_oracle,iid,False,5
12,7,7001,17,170001,True,103,False,100,0.0,0.5252585019916296,0.0022037534023163366,0.0006112176539877017,0.007945829501840123,0.14236390492451445,0.9898079399620946,0.03634620368806554,13,6,0.20816659994661327,2500,OLS_oracle,iid,False,5
12,6,6001,13,130001,True,146,False,100,0.0,0.7719539599493146,0.00106664138309806,0.0002958338215049821,0.003845839679564767,0.1462210106104958,0.9892548563272777,0.03667543879894055,13,6,0.20816659994661327,2500,OLS_oracle,iid,False,5
12,6,6001,10,100001,True,149,False,100,0.0,0.810235180426389,0.0018775871820611546,0.0005207529668399582,0.006769788568919456,0.15490895421241915,0.9879482931567383,0.03643535318669753,13,6,0.20816659994661327,2500,OLS_oracle,iid,False,5
12,5,5001,28,280001,True,166,False,100,0.0,0.880160927772522,0.0017845309366426687,0.0004949432454421973,0.006434262190748566,0.13782537835952083,0.9904430230626949,0.03636511646871276,13,6,0.20816659994661327,2500,OLS_oracle,iid,False,5
12,3,3001,16,160001,True,110,False,100,0.0,1.5130941830575466,0.0010652819071241182,0.0002954567679261616,0.0038409379830401007,0.13964966405919044,0.9902039983167158,0.03591957565401399,13,6,0.20816659994661327,2500,OLS_oracle,iid,False,5
12,7,7001,6,60001,True,115,False,100,0.0,0.6105992142111063,0.0023256569625046564,0.0006450287458457198,0.008385373695994357,0.1474025039823903,0.9890875031535206,0.036658422566817006,13,6,0.20816659994661327,2500,OLS_oracle,iid,False,5
11,8,8001,29,290001,True,350,False,100,0.41199817173291603,3.1476508476771414,0.045198776007716185,0.017738815248581872,0.12196624023289766,0.21135702910434429,0.9791456309580644,0.02928975473786229,13,6,0.20816659994661327,2500,OLS_oracle,iid,False,5
12,6,6001,22,220001,True,135,False,100,0.0,0.723537830170244,0.0020408675785670376,0.0005660399314377111,0.007358519108690244,0.1452024324917051,0.9894036573624096,0.036026146209888366,13,6,0.20816659994661327,2500,OLS_oracle,iid,False,5
12,5,5001,24,240001,True,174,False,100,0.0,0.9120618947781622,0.0011440449006405859,0.0003173018652543709,0.004124924248306822,0.1444894987092662,0.9895020472378491,0.03574637133300815,13,6,0.20816659994661327,2500,OLS_oracle,iid,False,5
12,6,6001,5,50001,True,171,False,100,0.0,0.9052719650790095,0.0026541059767642553,0.0007361289348173793,0.009569661251464736,0.14449876840375295,0.9895070596396592,0.036699013041280044,13,6,0.20816659994661327,2500,OLS_oracle,iid,False,5
12,7,7001,27,270001,True,89,False,100,0.0,0.4778794529847801,0.0009719843673089952,0.0002695805114631636,0.003504546649021127,0.14214347904608454,0.9898389814146854,0.035887570450380546,13,6,0.20816659994661327,2500,OLS_oracle,iid,False,5
12,7,7001,10,100001,True,124,False,100,0.0,0.6558650019578636,0.002040268830220544,0.0005658738640299947,0.007356360232389931,0.1493797121749113,0.9887803431005933,0.03598362911306228,13,6,0.20816659994661327,2500,OLS_oracle,iid,False,5
12,6,6001,16,160001,True,157,False,100,0.0,0.8286427459679544,0.0015310318581275286,0.0004246339927080331,0.005520241905204431,0.13835720110813624,0.9903823128371019,0.03638674695538567,13,6,0.20816659994661327,2500,OLS_oracle,iid,False,5
12,7,7001,16,160001,True,115,False,100,0.0,0.6316162971779704,0.001001855612197556,0.00027786535661356504,0.0036122496359763455,0.14005620988488166,0.9901403621537004,0.03612063407878748,13,6,0.20816659994661327,2500,OLS_oracle,iid,False,5
12,6,6001,17,170001,True,140,False,100,0.0,0.8277002749964595,0.0023301004262188405,0.0006462611843542255,0.008401395396604932,0.14329400579803162,0.9896899345617112,0.036168492752643416,13,6,0.20816659994661327,2500,OLS_oracle,iid,False,5
12,6,6001,4,40001,True,176,False,100,0.0,0.9358722530305386,0.0012097325720004557,0.0003355205114106505,0.004361766648338456,0.14444536960530607,0.9895184576852964,0.035537484902409204,13,6,0.20816659994661327,2500,OLS_oracle,iid,False,5
12,6,6001,8,80001,True,160,False,100,0.0,0.914247325155884,0.0008258469206302728,0.00022905020917312165,0.0029776378180893875,0.1399148520363028,0.9901647550504963,0.03671655954096487,13,6,0.20816659994661327,2500,OLS_oracle,iid,False,5
12,6,6001,25,250001,True,148,False,100,0.0,0.7813706160522997,0.001290882052549435,0.000358027556584433,0.004654358235597629,0.14177335240460218,0.9899153432520589,0.03618989498851672,13,6,0.20816659994661327,2500,OLS_oracle,iid,False,5
12,5,5001,18,180001,True,169,False,100,0.0,1.0711844000034034,0.0028348367813990152,0.0007862559501332964,0.010221327351732853,0.1422746358706927,0.9898273042252248,0.03606072116210075,13,6,0.20816659994661327,2500,OLS_oracle,iid,False,5
13,0,1,0,1,True,0,False,100,0.0,0.010523397009819746,1.2424972998145504e-16,0.0,0.0,0.0,1.0,0.04295908023440435,13,6,0.20816659994661327,2500,OLS_oracle,iid,False,5
13,0,1,2,20001,True,0,False,100,0.0,0.004872526973485947,9.067656465681137e-17,0.0,0.0,0.0,1.0,0.043435759401323985,13,6,0.20816659994661327,2500,OLS_oracle,iid,False,5
13,0,1,1,10001,True,0,False,100,0.0,0.010948232840746641,9.053860682492399e-17,0.0,0.0,0.0,1.0,0.043974455366153825,13,6,0.20816659994661327,2500,OLS_oracle,iid,False,5
13,0,1,4,40001,True,0,False,100,0.0,0.0037020770832896233,9.469258353057641e-17,0.0,0.0,0.0,1.0,0.04326472972354116,13,6,0.20816659994661327,2500,OLS_oracle,iid,False,5
12,7,7001,4,40001,True,136,False,100,0.0,0.7276469329372048,0.0011459930059851357,0.00031784217706412436,0.004131948301833617,0.14052140175207423,0.9900912154976982,0.03657510252638709,13,6,0.20816659994661327,2500,OLS_oracle,iid,False,5
13,0,1,3,30001,True,0,False,100,0.0,0.010406927671283484,1.282793431937361e-16,0.0,0.0,0.0,1.0,0.04296758720797062,13,6,0.20816659994661327,2500,OLS_oracle,iid,False,5
13,0,1,6,60001,True,0,False,100,0.0,0.0036479877308011055,8.8529748407032e-17,0.0,0.0,0.0,1.0,0.043274436373469796,13,6,0.20816659994661327,2500,OLS_oracle,iid,False,5
13,0,1,5,50001,True,0,False,100,0.0,0.010290248785167933,4.698371934695476e-17,1.146243168757512e-09,1.4901161193847656e-08,0.0,1.0,0.0420269307350085,13,6,0.20816659994661327,2500,OLS_oracle,iid,False,5
13,0,1,9,90001,True,0,False,100,0.0,0.003826785832643509,1.1681748492217062e-16,0.0,0.0,0.0,1.0,0.04266358992551812,13,6,0.20816659994661327,2500,OLS_oracle,iid,False,5
13,0,1,11,110001,True,0,False,100,0.0,0.003975415136665106,9.807532854702098e-17,0.0,0.0,0.0,1.0,0.04409803590896708,13,6,0.20816659994661327,2500,OLS_oracle,iid,False,5
13,0,1,7,70001,True,0,False,100,0.0,0.011088042054325342,8.417912981460428e-17,0.0,0.0,0.0,1.0,0.04303650696119953,13,6,0.20816659994661327,2500,OLS_oracle,iid,False,5
13,0,1,8,80001,True,0,False,100,0.0,0.01153233740478754,1.1879032180303249e-16,1.146243168757512e-09,1.4901161193847656e-08,0.0,1.0,0.04380833964061685,13,6,0.20816659994661327,2500,OLS_oracle,iid,False,5
13,0,1,10,100001,True,0,False,100,0.0,0.01025979919359088,8.993834424997156e-17,0.0,0.0,0.0,1.0,0.043354276592297514,13,6,0.20816659994661327,2500,OLS_oracle,iid,False,5
12,6,6001,29,290001,True,146,False,100,0.0,0.7789707779884338,0.0010989200711471218,0.0003047863870350154,0.0039622230314552,0.14454768253763303,0.989522887016932,0.03657276823859273,13,6,0.20816659994661327,2500,OLS_oracle,iid,False,5
13,0,1,12,120001,True,0,False,100,0.0,0.004999535623937845,8.658157891766172e-17,0.0,0.0,0.0,1.0,0.04277822982499914,13,6,0.20816659994661327,2500,OLS_oracle,iid,False,5
13,0,1,17,170001,True,0,False,100,0.0,0.004002823960036039,8.768640106551807e-17,0.0,0.0,0.0,1.0,0.04359330037949295,13,6,0.20816659994661327,2500,OLS_oracle,iid,False,5
12,6,6001,24,240001,True,160,False,100,0.0,0.8455185662023723,0.001735322955670907,0.0004812951322995818,0.006256836719894563,0.14198907921560922,0.9898623232044009,0.036597417588037646,13,6,0.20816659994661327,2500,OLS_oracle,iid,False,5
13,0,1,13,130001,True,0,False,100,0.0,0.010902872774749994,1.2991463733316933e-16,0.0,0.0,0.0,1.0,0.043293089370687085,13,6,0.20816659994661327,2500,OLS_oracle,iid,False,5
13,0,1,14,140001,True,0,False,100,0.0,0.010402646847069263,1.166719966021286e-16,0.0,0.0,0.0,1.0,0.0442300194905632,13,6,0.20816659994661327,2500,OLS_oracle,iid,False,5
13,0,1,18,180001,True,0,False,100,0.0,0.0052849529311060905,1.2071270927867574e-16,0.0,0.0,0.0,1.0,0.042531305390573135,13,6,0.20816659994661327,2500,OLS_oracle,iid,False,5
13,0,1,16,160001,True,0,False,100,0.0,0.010692985262721777,4.887631198573063e-17,0.0,0.0,0.0,1.0,0.04297054393177414,13,6,0.20816659994661327,2500,OLS_oracle,iid,False,5
13,0,1,15,150001,True,0,False,100,0.0,0.011446008924394846,1.2421712162842705e-16,0.0,0.0,0.0,1.0,0.04419763164948556,13,6,0.20816659994661327,2500,OLS_oracle,iid,False,5
12,6,6001,11,110001,True,155,False,100,0.0,0.9509799890220165,0.0004251741224826076,0.00011792213077014418,0.0015329877000118744,0.15590531380550404,0.9877396026256907,0.03640569626258392,13,6,0.20816659994661327,2500,OLS_oracle,iid,False,5
12,6,6001,19,190001,True,164,False,100,0.0,0.875947245862335,0.0014234968162605201,0.00039480871503936227,0.00513251329551171,0.14367336169864764,0.9896550110571478,0.03605875938255917,13,6,0.20816659994661327,2500,OLS_oracle,iid,False,5
13,0,1,22,220001,True,0,False,100,0.0,0.005493441130965948,1.170827140780862e-16,0.0,0.0,0.0,1.0,0.043671387702896386,13,6,0.20816659994661327,2500,OLS_oracle,iid,False,5
12,6,6001,14,140001,True,169,False,100,0.0,0.9296067492105067,0.0018522174809364885,0.0005137165186723338,0.006678314742740339,0.14202920683755932,0.9898654079813226,0.03716003171945522,13,6,0.20816659994661327,2500,OLS_oracle,iid,False,5
12,8,8001,16,160001,True,86,False,100,0.0,0.4360893350094557,0.0022845166829276093,0.0006336180911558311,0.008237035185025804,0.14193894336372045,0.9898744019735862,0.0367272409435222,13,6,0.20816659994661327,2500,OLS_oracle,iid,False,5
13,0,1,19,190001,True,0,False,100,0.0,0.010676024947315454,1.5294728792432497e-16,0.0,0.0,0.0,1.0,0.04331217807823073,13,6,0.20816659994661327,2500,OLS_oracle,iid,False,5
13,0,1,21,210001,True,0,False,100,0.0,0.010960021987557411,9.508777803789163e-17,0.0,0.0,0.0,1.0,0.04360099515465918,13,6,0.20816659994661327,2500,OLS_oracle,iid,False,5
13,0,1,27,270001,True,0,False,100,0.0,0.005669329781085253,1.3316670129611467e-16,0.0,0.0,0.0,1.0,0.04402035667798135,13,6,0.20816659994661327,2500,OLS_oracle,iid,False,5
13,0,1,24,240001,True,0,False,100,0.0,0.01044338708743453,7.149210988276401e-17,0.0,0.0,0.0,1.0,0.04271820263537757,13,6,0.20816659994661327,2500,OLS_oracle,iid,False,5
13,0,1,23,230001,True,0,False,100,0.0,0.011066711973398924,1.0639298878480859e-16,0.0,0.0,0.0,1.0,0.04326149355388212,13,6,0.20816659994661327,2500,OLS_oracle,iid,False,5
13,0,1,20,200001,True,0,False,100,0.0,0.013407560996711254,9.562668834801223e-17,0.0,0.0,0.0,1.0,0.04303963355522328,13,6,0.20816659994661327,2500,OLS_oracle,iid,False,5
13,0,1,25,250001,True,0,False,100,0.0,0.010762234218418598,8.192145698108167e-17,0.0,0.0,0.0,1.0,0.04378880740057689,13,6,0.20816659994661327,2500,OLS_oracle,iid,False,5
12,6,6001,7,70001,True,157,False,100,0.0,1.003715599887073,0.002292120899897262,0.000635727193268507,0.008264453512490591,0.14806117240197036,0.9889797510867413,0.036699821284204424,13,6,0.20816659994661327,2500,OLS_oracle,iid,False,5
13,1,1001,2,20001,True,0,False,100,0.0,0.0036784280091524124,9.067656465681137e-17,0.0,0.0,0.0,1.0,0.04306149350663637,13,6,0.20816659994661327,2500,OLS_oracle,iid,False,5
13,0,1,26,260001,True,0,False,100,0.0,0.010985853150486946,1.284707045873689e-16,0.0,0.0,0.0,1.0,0.04334373783047877,13,6,0.20816659994661327,2500,OLS_oracle,iid,False,5
12,6,6001,27,270001,True,153,False,100,0.0,0.8186236452311277,0.002707475275419517,0.0007509304603109854,0.009762095984042811,0.14166846209277104,0.9899114192410224,0.03623955824002284,13,6,0.20816659994661327,2500,OLS_oracle,iid,False,5
13,1,1001,8,80001,True,0,False,100,0.0,0.0036813481710851192,1.1879032180303249e-16,1.146243168757512e-09,1.4901161193847656e-08,0.0,1.0,0.04311785220330391,13,6,0.20816659994661327,2500,OLS_oracle,iid,False,5
13,0,1,29,290001,True,0,False,100,0.0,0.010529805906116962,9.630690189373097e-17,0.0,0.0,0.0,1.0,0.044182993197038875,13,6,0.20816659994661327,2500,OLS_oracle,iid,False,5
13,1,1001,3,30001,True,0,False,100,0.0,0.010558975860476494,1.282793431937361e-16,0.0,0.0,0.0,1.0,0.04329354195918727,13,6,0.20816659994661327,2500,OLS_oracle,iid,False,5
13,1,1001,0,1,True,0,False,100,0.0,0.010518167167901993,1.2424972998145504e-16,0.0,0.0,0.0,1.0,0.044160258571467645,13,6,0.20816659994661327,2500,OLS_oracle,iid,False,5
13,1,1001,4,40001,True,0,False,100,0.0,0.010770535096526146,9.469258353057641e-17,0.0,0.0,0.0,1.0,0.04354420636359155,13,6,0.20816659994661327,2500,OLS_oracle,iid,False,5
13,1,1001,11,110001,True,0,False,100,0.0,0.0040305242873728275,9.807532854702098e-17,0.0,0.0,0.0,1.0,0.04313519302266607,13,6,0.20816659994661327,2500,OLS_oracle,iid,False,5
13,1,1001,6,60001,True,0,False,100,0.0,0.01084698410704732,8.8529748407032e-17,0.0,0.0,0.0,1.0,0.043632266689995786,13,6,0.20816659994661327,2500,OLS_oracle,iid,False,5
12,7,7001,2,20001,True,147,False,100,0.0,0.7955822497606277,0.0023196924632140747,0.0006433744333672052,0.008363867633773668,0.14629246854697647,0.9892551061398139,0.03646804575665922,13,6,0.20816659994661327,2500,OLS_oracle,iid,False,5
13,1,1001,5,50001,True,0,False,100,0.0,0.012620807159692049,4.698371934695476e-17,1.146243168757512e-09,1.4901161193847656e-08,0.0,1.0,0.04365540694610002,13,6,0.20816659994661327,2500,OLS_oracle,iid,False,5
13,1,1001,1,10001,True,0,False,100,0.0,0.015283504035323858,9.053860682492399e-17,0.0,0.0,0.0,1.0,0.04362853622495672,13,6,0.20816659994661327,2500,OLS_oracle,iid,False,5
13,1,1001,10,100001,True,0,False,100,0.0,0.010682784952223301,8.993834424997156e-17,0.0,0.0,0.0,1.0,0.04425575291501174,13,6,0.20816659994661327,2500,OLS_oracle,iid,False,5
13,1,1001,9,90001,True,0,False,100,0.0,0.010832114145159721,1.1681748492217062e-16,0.0,0.0,0.0,1.0,0.042897654652234406,13,6,0.20816659994661327,2500,OLS_oracle,iid,False,5
12,5,5001,4,40001,True,166,False,100,0.0,1.2301127281971276,0.0017223107043895835,0.000477686113013002,0.006209919469169026,0.14223728284287687,0.9898396824681811,0.03635891213009847,13,6,0.20816659994661327,2500,OLS_oracle,iid,False,5
13,1,1001,7,70001,True,0,False,100,0.0,0.010799825191497803,8.417912981460428e-17,0.0,0.0,0.0,1.0,0.043324202448717423,13,6,0.20816659994661327,2500,OLS_oracle,iid,False,5
13,0,1,28,280001,True,0,False,100,0.0,0.02019135095179081,8.183240036893473e-17,1.6210326350343859e-09,2.1073424255447017e-08,0.0,1.0,0.043137382804339416,13,6,0.20816659994661327,2500,OLS_oracle,iid,False,5
13,1,1001,16,160001,True,0,False,100,0.0,0.00344617897644639,4.887631198573063e-17,0.0,0.0,0.0,1.0,0.04395383909891081,13,6,0.20816659994661327,2500,OLS_oracle,iid,False,5
12,6,6001,20,200001,True,170,False,100,0.0,0.8952627438120544,0.0013590401914429005,0.0003769314388555495,0.004900108705122143,0.1433278799725597,0.9896618168385227,0.03632398089906446,13,6,0.20816659994661327,2500,OLS_oracle,iid,False,5
13,1,1001,12,120001,True,0,False,100,0.0,0.010396488010883331,8.658157891766172e-17,0.0,0.0,0.0,1.0,0.04284879189756792,13,6,0.20816659994661327,2500,OLS_oracle,iid,False,5
13,1,1001,13,130001,True,0,False,100,0.0,0.010661035776138306,1.2991463733316933e-16,0.0,0.0,0.0,1.0,0.043900247546848965,13,6,0.20816659994661327,2500,OLS_oracle,iid,False,5
12,7,7001,5,50001,True,148,False,100,0.0,0.7988040312193334,0.0018256588718020804,0.0005063514701455151,0.006582554210730503,0.1450953107821719,0.9894166076288826,0.03721387284592256,13,6,0.20816659994661327,2500,OLS_oracle,iid,False,5
13,1,1001,15,150001,True,0,False,100,0.0,0.010823374148458242,1.2421712162842705e-16,0.0,0.0,0.0,1.0,0.043756358624468285,13,6,0.20816659994661327,2500,OLS_oracle,iid,False,5
13,1,1001,14,140001,True,0,False,100,0.0,0.012187802232801914,1.166719966021286e-16,0.0,0.0,0.0,1.0,0.04300877744262572,13,6,0.20816659994661327,2500,OLS_oracle,iid,False,5
13,1,1001,18,180001,True,0,False,100,0.0,0.010868864133954048,1.2071270927867574e-16,0.0,0.0,0.0,1.0,0.04310161763712501,13,6,0.20816659994661327,2500,OLS_oracle,iid,False,5
13,1,1001,17,170001,True,0,False,100,0.0,0.010789173655211926,8.768640106551807e-17,0.0,0.0,0.0,1.0,0.04229390600167996,13,6,0.20816659994661327,2500,OLS_oracle,iid,False,5
13,1,1001,20,200001,True,0,False,100,0.0,0.010376038029789925,9.562668834801223e-17,0.0,0.0,0.0,1.0,0.04330852477438039,13,6,0.20816659994661327,2500,OLS_oracle,iid,False,5
13,1,1001,21,210001,True,0,False,100,0.0,0.010782964061945677,9.508777803789163e-17,0.0,0.0,0.0,1.0,0.04425239935305224,13,6,0.20816659994661327,2500,OLS_oracle,iid,False,5
13,1,1001,22,220001,True,0,False,100,0.0,0.010681435000151396,1.170827140780862e-16,0.0,0.0,0.0,1.0,0.04442886032532121,13,6,0.20816659994661327,2500,OLS_oracle,iid,False,5
13,1,1001,24,240001,True,0,False,100,0.0,0.010527967009693384,7.149210988276401e-17,0.0,0.0,0.0,1.0,0.043996744599949476,13,6,0.20816659994661327,2500,OLS_oracle,iid,False,5
13,1,1001,23,230001,True,0,False,100,0.0,0.01172523619607091,1.0639298878480859e-16,0.0,0.0,0.0,1.0,0.0433279096392646,13,6,0.20816659994661327,2500,OLS_oracle,iid,False,5
13,1,1001,26,260001,True,0,False,100,0.0,0.009845281951129436,1.284707045873689e-16,0.0,0.0,0.0,1.0,0.04350554562800955,13,6,0.20816659994661327,2500,OLS_oracle,iid,False,5
13,1,1001,27,270001,True,0,False,100,0.0,0.01067069498822093,1.3316670129611467e-16,0.0,0.0,0.0,1.0,0.04368151848368762,13,6,0.20816659994661327,2500,OLS_oracle,iid,False,5
13,1,1001,29,290001,True,0,False,100,0.0,0.01037968834862113,9.630690189373097e-17,0.0,0.0,0.0,1.0,0.04334099307597944,13,6,0.20816659994661327,2500,OLS_oracle,iid,False,5
12,6,6001,23,230001,True,171,False,100,0.0,0.9088051836006343,0.0007379945092124538,0.00020468309106719767,0.0026608801838735696,0.13943847774387563,0.9902431086288233,0.03669692036834556,13,6,0.20816659994661327,2500,OLS_oracle,iid,False,5
13,1,1001,28,280001,True,0,False,100,0.0,0.009481446351855993,8.183240036893473e-17,1.6210326350343859e-09,2.1073424255447017e-08,0.0,1.0,0.04307740647803732,13,6,0.20816659994661327,2500,OLS_oracle,iid,False,5
13,2,2001,10,100001,True,0,False,100,0.0,0.006973038427531719,8.993834424997156e-17,0.0,0.0,0.0,1.0,0.044511489672545396,13,6,0.20816659994661327,2500,OLS_oracle,iid,False,5
12,7,7001,3,30001,True,143,False,100,0.0,0.8197042648680508,0.003055270243686554,0.0008473966411450587,0.011016156334885764,0.14952011177224656,0.9887648846369063,0.03624170993512498,13,6,0.20816659994661327,2500,OLS_oracle,iid,False,5
12,8,8001,10,100001,True,101,False,100,0.0,0.5109526300802827,0.0012408646965376795,0.00034415509348075115,0.004474016215249765,0.1542612055062892,0.9880306260606128,0.03738376057194167,13,6,0.20816659994661327,2500,OLS_oracle,iid,False,5
13,2,2001,0,1,True,0,False,100,0.0,0.01146532827988267,1.2424972998145504e-16,0.0,0.0,0.0,1.0,0.04288232914715922,13,6,0.20816659994661327,2500,OLS_oracle,iid,False,5
13,2,2001,1,10001,True,0,False,100,0.0,0.01091284304857254,9.053860682492399e-17,0.0,0.0,0.0,1.0,0.04403699309057227,13,6,0.20816659994661327,2500,OLS_oracle,iid,False,5
13,2,2001,5,50001,True,0,False,100,0.0,0.010352148208767176,4.698371934695476e-17,1.146243168757512e-09,1.4901161193847656e-08,0.0,1.0,0.04401519219282913,13,6,0.20816659994661327,2500,OLS_oracle,iid,False,5
13,2,2001,4,40001,True,0,False,100,0.0,0.010683135129511356,9.469258353057641e-17,0.0,0.0,0.0,1.0,0.04283436881666927,13,6,0.20816659994661327,2500,OLS_oracle,iid,False,5
13,2,2001,6,60001,True,0,False,100,0.0,0.010595926083624363,8.8529748407032e-17,0.0,0.0,0.0,1.0,0.04306023977424837,13,6,0.20816659994661327,2500,OLS_oracle,iid,False,5
13,2,2001,2,20001,True,0,False,100,0.0,0.01298915408551693,9.067656465681137e-17,0.0,0.0,0.0,1.0,0.04315796574884589,13,6,0.20816659994661327,2500,OLS_oracle,iid,False,5
13,2,2001,8,80001,True,0,False,100,0.0,0.010419807862490416,1.1879032180303249e-16,1.146243168757512e-09,1.4901161193847656e-08,0.0,1.0,0.043935506007593196,13,6,0.20816659994661327,2500,OLS_oracle,iid,False,5
13,2,2001,7,70001,True,0,False,100,0.0,0.010743423830717802,8.417912981460428e-17,0.0,0.0,0.0,1.0,0.04365188584887558,13,6,0.20816659994661327,2500,OLS_oracle,iid,False,5
13,2,2001,9,90001,True,0,False,100,0.0,0.010582755785435438,1.1681748492217062e-16,0.0,0.0,0.0,1.0,0.04357343664296624,13,6,0.20816659994661327,2500,OLS_oracle,iid,False,5
13,1,1001,19,190001,True,0,False,100,0.0,0.02329958276823163,1.5294728792432497e-16,0.0,0.0,0.0,1.0,0.04413716002541727,13,6,0.20816659994661327,2500,OLS_oracle,iid,False,5
12,6,6001,12,120001,True,173,False,100,0.0,1.0101604131050408,0.0014132819360387903,0.00039197557995764243,0.005095682539449351,0.14156519019020383,0.989932389340262,0.03595789158932666,13,6,0.20816659994661327,2500,OLS_oracle,iid,False,5
13,2,2001,11,110001,True,0,False,100,0.0,0.010654064826667309,9.807532854702098e-17,0.0,0.0,0.0,1.0,0.043759375106572934,13,6,0.20816659994661327,2500,OLS_oracle,iid,False,5
13,2,2001,3,30001,True,0,False,100,0.0,0.017554274294525385,1.282793431937361e-16,0.0,0.0,0.0,1.0,0.04279980839523842,13,6,0.20816659994661327,2500,OLS_oracle,iid,False,5
13,2,2001,15,150001,True,0,False,100,0.0,0.0067055802792310715,1.2421712162842705e-16,0.0,0.0,0.0,1.0,0.04354338311986744,13,6,0.20816659994661327,2500,OLS_oracle,iid,False,5
13,2,2001,12,120001,True,0,False,100,0.0,0.011274429038167,8.658157891766172e-17,0.0,0.0,0.0,1.0,0.04329758039234947,13,6,0.20816659994661327,2500,OLS_oracle,iid,False,5
13,2,2001,13,130001,True,0,False,100,0.0,0.011428818106651306,1.2991463733316933e-16,0.0,0.0,0.0,1.0,0.043760431257144926,13,6,0.20816659994661327,2500,OLS_oracle,iid,False,5
12,4,4001,21,210001,True,176,False,100,0.0,1.3627936798147857,0.0018908807922006219,0.0005244400360033622,0.006817720468043709,0.14161473521229137,0.9899225986571837,0.0359348485294583,13,6,0.20816659994661327,2500,OLS_oracle,iid,False,5
13,2,2001,16,160001,True,0,False,100,0.0,0.01101597212255001,4.887631198573063e-17,0.0,0.0,0.0,1.0,0.04299690883759058,13,6,0.20816659994661327,2500,OLS_oracle,iid,False,5
13,2,2001,14,140001,True,0,False,100,0.0,0.011466938070952892,1.166719966021286e-16,0.0,0.0,0.0,1.0,0.0439075361011551,13,6,0.20816659994661327,2500,OLS_oracle,iid,False,5
13,2,2001,18,180001,True,0,False,100,0.0,0.010761124081909657,1.2071270927867574e-16,0.0,0.0,0.0,1.0,0.04322351225986227,13,6,0.20816659994661327,2500,OLS_oracle,iid,False,5
13,1,1001,25,250001,True,0,False,100,0.0,0.030257680919021368,8.192145698108167e-17,0.0,0.0,0.0,1.0,0.04354694109700444,13,6,0.20816659994661327,2500,OLS_oracle,iid,False,5
13,2,2001,23,230001,True,0,False,100,0.0,0.010039321146905422,1.0639298878480859e-16,0.0,0.0,0.0,1.0,0.043784880957643074,13,6,0.20816659994661327,2500,OLS_oracle,iid,False,5
13,2,2001,22,220001,True,0,False,100,0.0,0.010812524240463972,1.170827140780862e-16,0.0,0.0,0.0,1.0,0.043860515203912896,13,6,0.20816659994661327,2500,OLS_oracle,iid,False,5
13,2,2001,21,210001,True,0,False,100,0.0,0.01139195915311575,9.508777803789163e-17,0.0,0.0,0.0,1.0,0.042676462129697,13,6,0.20816659994661327,2500,OLS_oracle,iid,False,5
13,3,3001,1,10001,True,0,False,100,0.0,0.00504093524068594,9.053860682492399e-17,0.0,0.0,0.0,1.0,0.043160526876152926,13,6,0.20816659994661327,2500,OLS_oracle,iid,False,5
13,2,2001,26,260001,True,0,False,100,0.0,0.010447056964039803,1.284707045873689e-16,0.0,0.0,0.0,1.0,0.04328797200914826,13,6,0.20816659994661327,2500,OLS_oracle,iid,False,5
12,2,2001,19,190001,True,136,False,100,0.0,1.9611355322413146,0.0018454032532873707,0.0005118265499731929,0.006653745149651508,0.1457336059768812,0.9893337520069951,0.03645004010113968,13,6,0.20816659994661327,2500,OLS_oracle,iid,False,5
13,2,2001,25,250001,True,0,False,100,0.0,0.011300970334559679,8.192145698108167e-17,0.0,0.0,0.0,1.0,0.04368714122797333,13,6,0.20816659994661327,2500,OLS_oracle,iid,False,5
12,5,5001,27,270001,True,128,False,100,0.0,1.103854350745678,0.0008028997642442064,0.00022268463942240002,0.0028949003124912,0.1421619467115845,0.989842716036155,0.035621202739951376,13,6,0.20816659994661327,2500,OLS_oracle,iid,False,5
13,2,2001,27,270001,True,0,False,100,0.0,0.01080464432016015,1.3316670129611467e-16,0.0,0.0,0.0,1.0,0.04342672059845059,13,6,0.20816659994661327,2500,OLS_oracle,iid,False,5
13,2,2001,24,240001,True,0,False,100,0.0,0.010461797006428242,7.149210988276401e-17,0.0,0.0,0.0,1.0,0.042942890824964636,13,6,0.20816659994661327,2500,OLS_oracle,iid,False,5
13,2,2001,29,290001,True,0,False,100,0.0,0.01037871791049838,9.630690189373097e-17,0.0,0.0,0.0,1.0,0.04303710181457268,13,6,0.20816659994661327,2500,OLS_oracle,iid,False,5
13,2,2001,28,280001,True,0,False,100,0.0,0.011002212762832642,8.183240036893473e-17,1.6210326350343859e-09,2.1073424255447017e-08,0.0,1.0,0.04428719810099881,13,6,0.20816659994661327,2500,OLS_oracle,iid,False,5
13,2,2001,17,170001,True,0,False,100,0.0,0.010505007114261389,8.768640106551807e-17,0.0,0.0,0.0,1.0,0.04372069567885523,13,6,0.20816659994661327,2500,OLS_oracle,iid,False,5
13,3,3001,12,120001,True,0,False,100,0.0,0.004956905730068684,8.658157891766172e-17,0.0,0.0,0.0,1.0,0.043303823013464866,13,6,0.20816659994661327,2500,OLS_oracle,iid,False,5
13,3,3001,2,20001,True,0,False,100,0.0,0.01039029797539115,9.067656465681137e-17,0.0,0.0,0.0,1.0,0.04289964340014122,13,6,0.20816659994661327,2500,OLS_oracle,iid,False,5
13,2,2001,19,190001,True,0,False,100,0.0,0.01852119481191039,1.5294728792432497e-16,0.0,0.0,0.0,1.0,0.04360456552297098,13,6,0.20816659994661327,2500,OLS_oracle,iid,False,5
13,3,3001,4,40001,True,0,False,100,0.0,0.0106867547146976,9.469258353057641e-17,0.0,0.0,0.0,1.0,0.04277403268499707,13,6,0.20816659994661327,2500,OLS_oracle,iid,False,5
13,3,3001,6,60001,True,0,False,100,0.0,0.010531376115977764,8.8529748407032e-17,0.0,0.0,0.0,1.0,0.04350573282135142,13,6,0.20816659994661327,2500,OLS_oracle,iid,False,5
13,3,3001,5,50001,True,0,False,100,0.0,0.010651564691215754,4.698371934695476e-17,1.146243168757512e-09,1.4901161193847656e-08,0.0,1.0,0.04347450245849382,13,6,0.20816659994661327,2500,OLS_oracle,iid,False,5
13,3,3001,22,220001,True,0,False,100,0.0,0.00367205822840333,1.170827140780862e-16,0.0,0.0,0.0,1.0,0.043865251406015264,13,6,0.20816659994661327,2500,OLS_oracle,iid,False,5
12,7,7001,7,70001,True,159,False,100,0.0,0.8289744830690324,0.0027504600970194863,0.0007628528819548111,0.009917087465412545,0.1472353309842583,0.9891495709015893,0.03647951358927487,13,6,0.20816659994661327,2500,OLS_oracle,iid,False,5
13,3,3001,0,1,True,0,False,100,0.0,0.017295326571911573,1.2424972998145504e-16,0.0,0.0,0.0,1.0,0.043376453628419694,13,6,0.20816659994661327,2500,OLS_oracle,iid,False,5
13,2,2001,20,200001,True,0,False,100,0.0,0.024345944169908762,9.562668834801223e-17,0.0,0.0,0.0,1.0,0.04268112013233985,13,6,0.20816659994661327,2500,OLS_oracle,iid,False,5
13,3,3001,8,80001,True,0,False,100,0.0,0.011614185757935047,1.1879032180303249e-16,1.146243168757512e-09,1.4901161193847656e-08,0.0,1.0,0.043111472649123656,13,6,0.20816659994661327,2500,OLS_oracle,iid,False,5
13,3,3001,11,110001,True,0,False,100,0.0,0.011014531832188368,9.807532854702098e-17,0.0,0.0,0.0,1.0,0.04258300274470101,13,6,0.20816659994661327,2500,OLS_oracle,iid,False,5
13,3,3001,15,150001,True,0,False,100,0.0,0.010708984918892384,1.2421712162842705e-16,0.0,0.0,0.0,1.0,0.04278971592518207,13,6,0.20816659994661327,2500,OLS_oracle,iid,False,5
13,3,3001,10,100001,True,0,False,100,0.0,0.010983362793922424,8.993834424997156e-17,0.0,0.0,0.0,1.0,0.043971925611094136,13,6,0.20816659994661327,2500,OLS_oracle,iid,False,5
13,3,3001,16,160001,True,0,False,100,0.0,0.01122564123943448,4.887631198573063e-17,0.0,0.0,0.0,1.0,0.043072524119010545,13,6,0.20816659994661327,2500,OLS_oracle,iid,False,5
13,3,3001,28,280001,True,0,False,100,0.0,0.0034122196957468987,8.183240036893473e-17,1.6210326350343859e-09,2.1073424255447017e-08,0.0,1.0,0.04385366475866279,13,6,0.20816659994661327,2500,OLS_oracle,iid,False,5
13,3,3001,18,180001,True,0,False,100,0.0,0.01042812829837203,1.2071270927867574e-16,0.0,0.0,0.0,1.0,0.04331135516528218,13,6,0.20816659994661327,2500,OLS_oracle,iid,False,5
12,2,2001,27,270001,True,144,False,100,0.0,1.855415802448988,0.0023363060810467125,0.0006479823842348657,0.008423770995053254,0.14550588813034018,0.9893753424581015,0.035949106845524464,13,6,0.20816659994661327,2500,OLS_oracle,iid,False,5
13,3,3001,19,190001,True,0,False,100,0.0,0.010848283302038908,1.5294728792432497e-16,0.0,0.0,0.0,1.0,0.04301421589744103,13,6,0.20816659994661327,2500,OLS_oracle,iid,False,5
13,4,4001,7,70001,True,0,False,100,0.0,0.0036172079853713512,8.417912981460428e-17,0.0,0.0,0.0,1.0,0.04336122082745813,13,6,0.20816659994661327,2500,OLS_oracle,iid,False,5
13,3,3001,3,30001,True,0,False,100,0.0,0.018724034074693918,1.282793431937361e-16,0.0,0.0,0.0,1.0,0.044847215974967033,13,6,0.20816659994661327,2500,OLS_oracle,iid,False,5
13,3,3001,23,230001,True,0,False,100,0.0,0.010439977049827576,1.0639298878480859e-16,0.0,0.0,0.0,1.0,0.04277502951115934,13,6,0.20816659994661327,2500,OLS_oracle,iid,False,5
13,3,3001,27,270001,True,0,False,100,0.0,0.010311439167708158,1.3316670129611467e-16,0.0,0.0,0.0,1.0,0.043266616308038096,13,6,0.20816659994661327,2500,OLS_oracle,iid,False,5
13,3,3001,25,250001,True,0,False,100,0.0,0.010891953948885202,8.192145698108167e-17,0.0,0.0,0.0,1.0,0.043695912732912394,13,6,0.20816659994661327,2500,OLS_oracle,iid,False,5
13,3,3001,29,290001,True,0,False,100,0.0,0.010071259923279285,9.630690189373097e-17,0.0,0.0,0.0,1.0,0.04294580133994128,13,6,0.20816659994661327,2500,OLS_oracle,iid,False,5
13,3,3001,26,260001,True,0,False,100,0.0,0.010864442680031061,1.284707045873689e-16,0.0,0.0,0.0,1.0,0.04436728754067852,13,6,0.20816659994661327,2500,OLS_oracle,iid,False,5
13,3,3001,24,240001,True,0,False,100,0.0,0.012939214706420898,7.149210988276401e-17,0.0,0.0,0.0,1.0,0.04313832024713665,13,6,0.20816659994661327,2500,OLS_oracle,iid,False,5
13,3,3001,9,90001,True,0,False,100,0.0,0.020720966160297394,1.1681748492217062e-16,0.0,0.0,0.0,1.0,0.04386913770742187,13,6,0.20816659994661327,2500,OLS_oracle,iid,False,5
13,3,3001,14,140001,True,0,False,100,0.0,0.02243278082460165,1.166719966021286e-16,0.0,0.0,0.0,1.0,0.04304262654814038,13,6,0.20816659994661327,2500,OLS_oracle,iid,False,5
13,3,3001,7,70001,True,0,False,100,0.0,0.024192954879254103,8.417912981460428e-17,0.0,0.0,0.0,1.0,0.04290322223943728,13,6,0.20816659994661327,2500,OLS_oracle,iid,False,5
13,4,4001,4,40001,True,0,False,100,0.0,0.010868202894926071,9.469258353057641e-17,0.0,0.0,0.0,1.0,0.0437744132405925,13,6,0.20816659994661327,2500,OLS_oracle,iid,False,5
13,4,4001,5,50001,True,0,False,100,0.0,0.011117120739072561,4.698371934695476e-17,1.146243168757512e-09,1.4901161193847656e-08,0.0,1.0,0.04328053805401964,13,6,0.20816659994661327,2500,OLS_oracle,iid,False,5
13,4,4001,3,30001,True,0,False,100,0.0,0.01103771198540926,1.282793431937361e-16,0.0,0.0,0.0,1.0,0.04336233411088281,13,6,0.20816659994661327,2500,OLS_oracle,iid,False,5
13,4,4001,2,20001,True,0,False,100,0.0,0.011733775958418846,9.067656465681137e-17,0.0,0.0,0.0,1.0,0.04365362594095865,13,6,0.20816659994661327,2500,OLS_oracle,iid,False,5
13,4,4001,6,60001,True,0,False,100,0.0,0.010945713147521019,8.8529748407032e-17,0.0,0.0,0.0,1.0,0.042687056242289995,13,6,0.20816659994661327,2500,OLS_oracle,iid,False,5
13,4,4001,0,1,True,0,False,100,0.0,0.010836692992597818,1.2424972998145504e-16,0.0,0.0,0.0,1.0,0.0442696018059251,13,6,0.20816659994661327,2500,OLS_oracle,iid,False,5
13,3,3001,17,170001,True,0,False,100,0.0,0.021188581362366676,8.768640106551807e-17,0.0,0.0,0.0,1.0,0.04186626025802922,13,6,0.20816659994661327,2500,OLS_oracle,iid,False,5
13,4,4001,8,80001,True,0,False,100,0.0,0.010539216920733452,1.1879032180303249e-16,1.146243168757512e-09,1.4901161193847656e-08,0.0,1.0,0.04253610039864092,13,6,0.20816659994661327,2500,OLS_oracle,iid,False,5
13,3,3001,20,200001,True,0,False,100,0.0,0.02216384280472994,9.562668834801223e-17,0.0,0.0,0.0,1.0,0.04250518510060395,13,6,0.20816659994661327,2500,OLS_oracle,iid,False,5
13,4,4001,1,10001,True,0,False,100,0.0,0.016540892887860537,9.053860682492399e-17,0.0,0.0,0.0,1.0,0.04235960019167357,13,6,0.20816659994661327,2500,OLS_oracle,iid,False,5
13,3,3001,21,210001,True,0,False,100,0.0,0.02125301118940115,9.508777803789163e-17,0.0,0.0,0.0,1.0,0.04293099333009283,13,6,0.20816659994661327,2500,OLS_oracle,iid,False,5
13,3,3001,13,130001,True,0,False,100,0.0,0.027410367038100958,1.2991463733316933e-16,0.0,0.0,0.0,1.0,0.042779596769518466,13,6,0.20816659994661327,2500,OLS_oracle,iid,False,5
13,4,4001,16,160001,True,0,False,100,0.0,0.01055472670122981,4.887631198573063e-17,0.0,0.0,0.0,1.0,0.04303406770034744,13,6,0.20816659994661327,2500,OLS_oracle,iid,False,5
12,7,7001,0,1,True,171,False,100,0.0,0.9000802608206868,0.002012466512439848,0.0005581626826506438,0.007256114874458369,0.14427258867749354,0.9895453872662852,0.03615693309851341,13,6,0.20816659994661327,2500,OLS_oracle,iid,False,5
13,4,4001,13,130001,True,0,False,100,0.0,0.010498996824026108,1.2991463733316933e-16,0.0,0.0,0.0,1.0,0.04312027246665342,13,6,0.20816659994661327,2500,OLS_oracle,iid,False,5
13,4,4001,11,110001,True,0,False,100,0.0,0.011876054108142853,9.807532854702098e-17,0.0,0.0,0.0,1.0,0.04364377678221839,13,6,0.20816659994661327,2500,OLS_oracle,iid,False,5
12,8,8001,27,270001,True,79,False,100,0.0,0.4103745329193771,0.0017643731005996448,0.0004893523532104537,0.0063615805917358985,0.14199753160381998,0.9898572460563076,0.03652289444893113,13,6,0.20816659994661327,2500,OLS_oracle,iid,False,5
13,4,4001,17,170001,True,0,False,100,0.0,0.01061247568577528,8.768640106551807e-17,0.0,0.0,0.0,1.0,0.04364685295023623,13,6,0.20816659994661327,2500,OLS_oracle,iid,False,5
13,4,4001,15,150001,True,0,False,100,0.0,0.01044429698958993,1.2421712162842705e-16,0.0,0.0,0.0,1.0,0.044389862360536096,13,6,0.20816659994661327,2500,OLS_oracle,iid,False,5
13,4,4001,14,140001,True,0,False,100,0.0,0.010149930138140917,1.166719966021286e-16,0.0,0.0,0.0,1.0,0.04252995672499077,13,6,0.20816659994661327,2500,OLS_oracle,iid,False,5
13,4,4001,12,120001,True,0,False,100,0.0,0.01595372799783945,8.658157891766172e-17,0.0,0.0,0.0,1.0,0.04348268807199173,13,6,0.20816659994661327,2500,OLS_oracle,iid,False,5
12,7,7001,18,180001,True,84,False,100,0.0,0.7989146900363266,0.0020177001537110785,0.0005596142718853735,0.007274985534509856,0.14557751645599057,0.9893512166462635,0.036741530607984546,13,6,0.20816659994661327,2500,OLS_oracle,iid,False,5
13,4,4001,22,220001,True,0,False,100,0.0,0.010609425138682127,1.170827140780862e-16,0.0,0.0,0.0,1.0,0.04285088708684526,13,6,0.20816659994661327,2500,OLS_oracle,iid,False,5
11,8,8001,19,190001,True,242,False,100,0.009825966638884754,3.463020924013108,0.049442078339624836,0.019411891446669386,0.13357383831109082,0.1905276801853285,0.9818304454525145,0.029421288490617904,13,6,0.20816659994661327,2500,OLS_oracle,iid,False,5
13,4,4001,23,230001,True,0,False,100,0.0,0.01081195380538702,1.0639298878480859e-16,0.0,0.0,0.0,1.0,0.04257717002371992,13,6,0.20816659994661327,2500,OLS_oracle,iid,False,5
13,4,4001,20,200001,True,0,False,100,0.0,0.016327984631061554,9.562668834801223e-17,0.0,0.0,0.0,1.0,0.044171882763215854,13,6,0.20816659994661327,2500,OLS_oracle,iid,False,5
13,4,4001,10,100001,True,0,False,100,0.0,0.016996458638459444,8.993834424997156e-17,0.0,0.0,0.0,1.0,0.04312706522667124,13,6,0.20816659994661327,2500,OLS_oracle,iid,False,5
13,4,4001,25,250001,True,0,False,100,0.0,0.011462577618658543,8.192145698108167e-17,0.0,0.0,0.0,1.0,0.04339810122226677,13,6,0.20816659994661327,2500,OLS_oracle,iid,False,5
13,4,4001,28,280001,True,0,False,100,0.0,0.011197510175406933,8.183240036893473e-17,1.6210326350343859e-09,2.1073424255447017e-08,0.0,1.0,0.0429527810933716,13,6,0.20816659994661327,2500,OLS_oracle,iid,False,5
13,4,4001,29,290001,True,0,False,100,0.0,0.010614255908876657,9.630690189373097e-17,0.0,0.0,0.0,1.0,0.04372891272580558,13,6,0.20816659994661327,2500,OLS_oracle,iid,False,5
13,4,4001,19,190001,True,0,False,100,0.0,0.01602221792563796,1.5294728792432497e-16,0.0,0.0,0.0,1.0,0.04349956436812113,13,6,0.20816659994661327,2500,OLS_oracle,iid,False,5
13,4,4001,24,240001,True,0,False,100,0.0,0.011090770829468966,7.149210988276401e-17,0.0,0.0,0.0,1.0,0.043720267514865796,13,6,0.20816659994661327,2500,OLS_oracle,iid,False,5
13,4,4001,9,90001,True,0,False,100,0.0,0.01970455516129732,1.1681748492217062e-16,0.0,0.0,0.0,1.0,0.04313344869158397,13,6,0.20816659994661327,2500,OLS_oracle,iid,False,5
13,4,4001,18,180001,True,0,False,100,0.0,0.019133729860186577,1.2071270927867574e-16,0.0,0.0,0.0,1.0,0.04294820641387155,13,6,0.20816659994661327,2500,OLS_oracle,iid,False,5
13,5,5001,7,70001,True,0,False,100,0.0,0.007866279687732458,8.417912981460428e-17,0.0,0.0,0.0,1.0,0.043660680545020036,13,6,0.20816659994661327,2500,OLS_oracle,iid,False,5
13,4,4001,26,260001,True,0,False,100,0.0,0.010913072153925896,1.284707045873689e-16,0.0,0.0,0.0,1.0,0.042686658148933146,13,6,0.20816659994661327,2500,OLS_oracle,iid,False,5
13,5,5001,4,40001,True,0,False,100,0.0,0.009916301816701889,9.469258353057641e-17,0.0,0.0,0.0,1.0,0.04352700723221784,13,6,0.20816659994661327,2500,OLS_oracle,iid,False,5
13,5,5001,5,50001,True,0,False,100,0.0,0.010043100919574499,4.698371934695476e-17,1.146243168757512e-09,1.4901161193847656e-08,0.0,1.0,0.0429402413219664,13,6,0.20816659994661327,2500,OLS_oracle,iid,False,5
13,5,5001,2,20001,True,0,False,100,0.0,0.010497357230633497,9.067656465681137e-17,0.0,0.0,0.0,1.0,0.04353463365345664,13,6,0.20816659994661327,2500,OLS_oracle,iid,False,5
13,5,5001,9,90001,True,0,False,100,0.0,0.009899282362312078,1.1681748492217062e-16,0.0,0.0,0.0,1.0,0.04236977260180753,13,6,0.20816659994661327,2500,OLS_oracle,iid,False,5
13,5,5001,24,240001,True,0,False,100,0.0,0.0038973852060735226,7.149210988276401e-17,0.0,0.0,0.0,1.0,0.04363930381592328,13,6,0.20816659994661327,2500,OLS_oracle,iid,False,5
13,5,5001,6,60001,True,0,False,100,0.0,0.010820903349667788,8.8529748407032e-17,0.0,0.0,0.0,1.0,0.04274905967017515,13,6,0.20816659994661327,2500,OLS_oracle,iid,False,5
13,5,5001,0,1,True,0,False,100,0.0,0.016238985117524862,1.2424972998145504e-16,0.0,0.0,0.0,1.0,0.04263303248602052,13,6,0.20816659994661327,2500,OLS_oracle,iid,False,5
13,5,5001,14,140001,True,0,False,100,0.0,0.010381448082625866,1.166719966021286e-16,0.0,0.0,0.0,1.0,0.043485695311477564,13,6,0.20816659994661327,2500,OLS_oracle,iid,False,5
13,5,5001,12,120001,True,0,False,100,0.0,0.010728775057941675,8.658157891766172e-17,0.0,0.0,0.0,1.0,0.04308526895373837,13,6,0.20816659994661327,2500,OLS_oracle,iid,False,5
13,4,4001,27,270001,True,0,False,100,0.0,0.023072825279086828,1.3316670129611467e-16,0.0,0.0,0.0,1.0,0.0439009071523926,13,6,0.20816659994661327,2500,OLS_oracle,iid,False,5
13,5,5001,1,10001,True,0,False,100,0.0,0.01652045315131545,9.053860682492399e-17,0.0,0.0,0.0,1.0,0.04320449655076509,13,6,0.20816659994661327,2500,OLS_oracle,iid,False,5
13,6,6001,2,20001,True,0,False,100,0.0,0.0038953861221671104,9.067656465681137e-17,0.0,0.0,0.0,1.0,0.0431537885096925,13,6,0.20816659994661327,2500,OLS_oracle,iid,False,5
13,4,4001,21,210001,True,0,False,100,0.0,0.02255171863362193,9.508777803789163e-17,0.0,0.0,0.0,1.0,0.04274021746473545,13,6,0.20816659994661327,2500,OLS_oracle,iid,False,5
13,5,5001,16,160001,True,0,False,100,0.0,0.010608045849949121,4.887631198573063e-17,0.0,0.0,0.0,1.0,0.04397209152072334,13,6,0.20816659994661327,2500,OLS_oracle,iid,False,5
13,5,5001,20,200001,True,0,False,100,0.0,0.010758064221590757,9.562668834801223e-17,0.0,0.0,0.0,1.0,0.0431851150950272,13,6,0.20816659994661327,2500,OLS_oracle,iid,False,5
13,5,5001,19,190001,True,0,False,100,0.0,0.010838672984391451,1.5294728792432497e-16,0.0,0.0,0.0,1.0,0.04323675242853474,13,6,0.20816659994661327,2500,OLS_oracle,iid,False,5
13,5,5001,18,180001,True,0,False,100,0.0,0.011364558711647987,1.2071270927867574e-16,0.0,0.0,0.0,1.0,0.04268634317988933,13,6,0.20816659994661327,2500,OLS_oracle,iid,False,5
13,6,6001,9,90001,True,0,False,100,0.0,0.003943765070289373,1.1681748492217062e-16,0.0,0.0,0.0,1.0,0.04379981287788038,13,6,0.20816659994661327,2500,OLS_oracle,iid,False,5
12,7,7001,21,210001,True,151,False,100,0.0,0.7955150497145951,0.0016421000985933846,0.00045543928434123385,0.00592071069643604,0.1387415548595893,0.9903371416948937,0.03621848468775826,13,6,0.20816659994661327,2500,OLS_oracle,iid,False,5
13,5,5001,29,290001,True,0,False,100,0.0,0.010346218012273312,9.630690189373097e-17,0.0,0.0,0.0,1.0,0.04429713031780749,13,6,0.20816659994661327,2500,OLS_oracle,iid,False,5
13,5,5001,28,280001,True,0,False,100,0.0,0.010975382756441832,8.183240036893473e-17,1.6210326350343859e-09,2.1073424255447017e-08,0.0,1.0,0.04373273654680006,13,6,0.20816659994661327,2500,OLS_oracle,iid,False,5
13,5,5001,13,130001,True,0,False,100,0.0,0.018313887994736433,1.2991463733316933e-16,0.0,0.0,0.0,1.0,0.04407304749412671,13,6,0.20816659994661327,2500,OLS_oracle,iid,False,5
13,6,6001,1,10001,True,0,False,100,0.0,0.010535276029258966,9.053860682492399e-17,0.0,0.0,0.0,1.0,0.04346546874784291,13,6,0.20816659994661327,2500,OLS_oracle,iid,False,5
13,5,5001,10,100001,True,0,False,100,0.0,0.022813997231423855,8.993834424997156e-17,0.0,0.0,0.0,1.0,0.04268602846309215,13,6,0.20816659994661327,2500,OLS_oracle,iid,False,5
13,5,5001,26,260001,True,0,False,100,0.0,0.014078224543482065,1.284707045873689e-16,0.0,0.0,0.0,1.0,0.04304820027974653,13,6,0.20816659994661327,2500,OLS_oracle,iid,False,5
13,6,6001,4,40001,True,0,False,100,0.0,0.011185821145772934,9.469258353057641e-17,0.0,0.0,0.0,1.0,0.04361291722292437,13,6,0.20816659994661327,2500,OLS_oracle,iid,False,5
13,6,6001,3,30001,True,0,False,100,0.0,0.011975743807852268,1.282793431937361e-16,0.0,0.0,0.0,1.0,0.04220648131188443,13,6,0.20816659994661327,2500,OLS_oracle,iid,False,5
13,6,6001,6,60001,True,0,False,100,0.0,0.010344378184527159,8.8529748407032e-17,0.0,0.0,0.0,1.0,0.043422352697990545,13,6,0.20816659994661327,2500,OLS_oracle,iid,False,5
13,6,6001,0,1,True,0,False,100,0.0,0.014369051903486252,1.2424972998145504e-16,0.0,0.0,0.0,1.0,0.04413689239287795,13,6,0.20816659994661327,2500,OLS_oracle,iid,False,5
13,6,6001,5,50001,True,0,False,100,0.0,0.01079625403508544,4.698371934695476e-17,1.146243168757512e-09,1.4901161193847656e-08,0.0,1.0,0.04373087384552623,13,6,0.20816659994661327,2500,OLS_oracle,iid,False,5
13,5,5001,23,230001,True,0,False,100,0.0,0.01765310298651457,1.0639298878480859e-16,0.0,0.0,0.0,1.0,0.0434891788493819,13,6,0.20816659994661327,2500,OLS_oracle,iid,False,5
13,5,5001,15,150001,True,0,False,100,0.0,0.02027053013443947,1.2421712162842705e-16,0.0,0.0,0.0,1.0,0.04321254022042113,13,6,0.20816659994661327,2500,OLS_oracle,iid,False,5
13,6,6001,7,70001,True,0,False,100,0.0,0.010764515027403831,8.417912981460428e-17,0.0,0.0,0.0,1.0,0.04259407488505599,13,6,0.20816659994661327,2500,OLS_oracle,iid,False,5
13,6,6001,15,150001,True,0,False,100,0.0,0.004605709109455347,1.2421712162842705e-16,0.0,0.0,0.0,1.0,0.0436425061723757,13,6,0.20816659994661327,2500,OLS_oracle,iid,False,5
13,5,5001,17,170001,True,0,False,100,0.0,0.020417478401213884,8.768640106551807e-17,0.0,0.0,0.0,1.0,0.043626856993946916,13,6,0.20816659994661327,2500,OLS_oracle,iid,False,5
13,5,5001,21,210001,True,0,False,100,0.0,0.02285663690418005,9.508777803789163e-17,0.0,0.0,0.0,1.0,0.04370999720691617,13,6,0.20816659994661327,2500,OLS_oracle,iid,False,5
13,5,5001,11,110001,True,0,False,100,0.0,0.02334340289235115,9.807532854702098e-17,0.0,0.0,0.0,1.0,0.04368142307067046,13,6,0.20816659994661327,2500,OLS_oracle,iid,False,5
13,5,5001,25,250001,True,0,False,100,0.0,0.017892851028591394,8.192145698108167e-17,0.0,0.0,0.0,1.0,0.043248508914864606,13,6,0.20816659994661327,2500,OLS_oracle,iid,False,5
13,5,5001,27,270001,True,0,False,100,0.0,0.020429567899554968,1.3316670129611467e-16,0.0,0.0,0.0,1.0,0.043407589045755764,13,6,0.20816659994661327,2500,OLS_oracle,iid,False,5
13,5,5001,22,220001,True,0,False,100,0.0,0.02334988210350275,1.170827140780862e-16,0.0,0.0,0.0,1.0,0.043518485594671696,13,6,0.20816659994661327,2500,OLS_oracle,iid,False,5
13,6,6001,12,120001,True,0,False,100,0.0,0.011164410971105099,8.658157891766172e-17,0.0,0.0,0.0,1.0,0.04395022519040124,13,6,0.20816659994661327,2500,OLS_oracle,iid,False,5
13,5,5001,3,30001,True,0,False,100,0.0,0.030595838092267513,1.282793431937361e-16,0.0,0.0,0.0,1.0,0.04384010139457543,13,6,0.20816659994661327,2500,OLS_oracle,iid,False,5
13,6,6001,8,80001,True,0,False,100,0.0,0.015412662643939257,1.1879032180303249e-16,1.146243168757512e-09,1.4901161193847656e-08,0.0,1.0,0.04327276486674,13,6,0.20816659994661327,2500,OLS_oracle,iid,False,5
13,6,6001,16,160001,True,0,False,100,0.0,0.006391733419150114,4.887631198573063e-17,0.0,0.0,0.0,1.0,0.04362227722901598,13,6,0.20816659994661327,2500,OLS_oracle,iid,False,5
13,6,6001,17,170001,True,0,False,100,0.0,0.0099368616938591,8.768640106551807e-17,0.0,0.0,0.0,1.0,0.04317459659495754,13,6,0.20816659994661327,2500,OLS_oracle,iid,False,5
13,6,6001,13,130001,True,0,False,100,0.0,0.013159202877432108,1.2991463733316933e-16,0.0,0.0,0.0,1.0,0.0430451642433596,13,6,0.20816659994661327,2500,OLS_oracle,iid,False,5
13,6,6001,18,180001,True,0,False,100,0.0,0.010207799263298512,1.2071270927867574e-16,0.0,0.0,0.0,1.0,0.043616383562601016,13,6,0.20816659994661327,2500,OLS_oracle,iid,False,5
13,5,5001,8,80001,True,0,False,100,0.0,0.03601395012810826,1.1879032180303249e-16,1.146243168757512e-09,1.4901161193847656e-08,0.0,1.0,0.04235836001313582,13,6,0.20816659994661327,2500,OLS_oracle,iid,False,5
13,6,6001,14,140001,True,0,False,100,0.0,0.013090324122458696,1.166719966021286e-16,0.0,0.0,0.0,1.0,0.04308015224800437,13,6,0.20816659994661327,2500,OLS_oracle,iid,False,5
13,7,7001,11,110001,True,0,False,100,0.0,0.0037426073104143143,9.807532854702098e-17,0.0,0.0,0.0,1.0,0.04352545152830507,13,6,0.20816659994661327,2500,OLS_oracle,iid,False,5
13,6,6001,26,260001,True,0,False,100,0.0,0.009984020609408617,1.284707045873689e-16,0.0,0.0,0.0,1.0,0.04354181953105088,13,6,0.20816659994661327,2500,OLS_oracle,iid,False,5
13,6,6001,20,200001,True,0,False,100,0.0,0.011943554040044546,9.562668834801223e-17,0.0,0.0,0.0,1.0,0.04367601933499705,13,6,0.20816659994661327,2500,OLS_oracle,iid,False,5
13,6,6001,11,110001,True,0,False,100,0.0,0.016422264277935028,9.807532854702098e-17,0.0,0.0,0.0,1.0,0.04328230166165929,13,6,0.20816659994661327,2500,OLS_oracle,iid,False,5
13,6,6001,23,230001,True,0,False,100,0.0,0.010897242929786444,1.0639298878480859e-16,0.0,0.0,0.0,1.0,0.04302718312664122,13,6,0.20816659994661327,2500,OLS_oracle,iid,False,5
13,6,6001,27,270001,True,0,False,100,0.0,0.010240919888019562,1.3316670129611467e-16,0.0,0.0,0.0,1.0,0.04338481599902053,13,6,0.20816659994661327,2500,OLS_oracle,iid,False,5
12,6,6001,26,260001,True,172,False,100,0.0,0.9735770979896188,0.0017960311020034413,0.0004981328838837976,0.0064757274904893684,0.138925409346639,0.9903092333873853,0.036341168766783186,13,6,0.20816659994661327,2500,OLS_oracle,iid,False,5
13,6,6001,24,240001,True,0,False,100,0.0,0.011763145681470633,7.149210988276401e-17,0.0,0.0,0.0,1.0,0.04352049688053216,13,6,0.20816659994661327,2500,OLS_oracle,iid,False,5
13,7,7001,1,10001,True,0,False,100,0.0,0.008842390961945057,9.053860682492399e-17,0.0,0.0,0.0,1.0,0.043150616840242774,13,6,0.20816659994661327,2500,OLS_oracle,iid,False,5
13,6,6001,10,100001,True,0,False,100,0.0,0.02237048139795661,8.993834424997156e-17,0.0,0.0,0.0,1.0,0.04352976959912821,13,6,0.20816659994661327,2500,OLS_oracle,iid,False,5
13,6,6001,28,280001,True,0,False,100,0.0,0.011214670725166798,8.183240036893473e-17,1.6210326350343859e-09,2.1073424255447017e-08,0.0,1.0,0.043047432160829256,13,6,0.20816659994661327,2500,OLS_oracle,iid,False,5
13,7,7001,5,50001,True,0,False,100,0.0,0.01054467586800456,4.698371934695476e-17,1.146243168757512e-09,1.4901161193847656e-08,0.0,1.0,0.04253094876522051,13,6,0.20816659994661327,2500,OLS_oracle,iid,False,5
12,8,8001,13,130001,True,115,False,100,0.0,0.6046998468227684,0.0018074859268330564,0.0005013099477151212,0.006517029320296576,0.14726912396819913,0.9891052483085039,0.036282032268987845,13,6,0.20816659994661327,2500,OLS_oracle,iid,False,5
13,7,7001,0,1,True,0,False,100,0.0,0.010808814316987991,1.2424972998145504e-16,0.0,0.0,0.0,1.0,0.042663911860987294,13,6,0.20816659994661327,2500,OLS_oracle,iid,False,5
13,7,7001,2,20001,True,0,False,100,0.0,0.010873874183744192,9.067656465681137e-17,0.0,0.0,0.0,1.0,0.04270270217506133,13,6,0.20816659994661327,2500,OLS_oracle,iid,False,5
13,7,7001,8,80001,True,0,False,100,0.0,0.01071213511750102,1.1879032180303249e-16,1.146243168757512e-09,1.4901161193847656e-08,0.0,1.0,0.04372465206545781,13,6,0.20816659994661327,2500,OLS_oracle,iid,False,5
13,7,7001,4,40001,True,0,False,100,0.0,0.012207490857690573,9.469258353057641e-17,0.0,0.0,0.0,1.0,0.042524625629358846,13,6,0.20816659994661327,2500,OLS_oracle,iid,False,5
13,6,6001,25,250001,True,0,False,100,0.0,0.016870261169970036,8.192145698108167e-17,0.0,0.0,0.0,1.0,0.042669626645045276,13,6,0.20816659994661327,2500,OLS_oracle,iid,False,5
13,7,7001,12,120001,True,0,False,100,0.0,0.010020230896770954,8.658157891766172e-17,0.0,0.0,0.0,1.0,0.043558558515770195,13,6,0.20816659994661327,2500,OLS_oracle,iid,False,5
13,6,6001,19,190001,True,0,False,100,0.0,0.02119269222021103,1.5294728792432497e-16,0.0,0.0,0.0,1.0,0.04399192130347855,13,6,0.20816659994661327,2500,OLS_oracle,iid,False,5
13,7,7001,14,140001,True,0,False,100,0.0,0.010518146213144064,1.166719966021286e-16,0.0,0.0,0.0,1.0,0.043132630183518525,13,6,0.20816659994661327,2500,OLS_oracle,iid,False,5
13,7,7001,25,250001,True,0,False,100,0.0,0.004404480569064617,8.192145698108167e-17,0.0,0.0,0.0,1.0,0.0430254726734514,13,6,0.20816659994661327,2500,OLS_oracle,iid,False,5
13,7,7001,17,170001,True,0,False,100,0.0,0.007155285682529211,8.768640106551807e-17,0.0,0.0,0.0,1.0,0.04283462433320745,13,6,0.20816659994661327,2500,OLS_oracle,iid,False,5
13,7,7001,13,130001,True,0,False,100,0.0,0.010493696667253971,1.2991463733316933e-16,0.0,0.0,0.0,1.0,0.043791861961562144,13,6,0.20816659994661327,2500,OLS_oracle,iid,False,5
13,7,7001,16,160001,True,0,False,100,0.0,0.010826803743839264,4.887631198573063e-17,0.0,0.0,0.0,1.0,0.04415781865780453,13,6,0.20816659994661327,2500,OLS_oracle,iid,False,5
13,7,7001,15,150001,True,0,False,100,0.0,0.013413410168141127,1.2421712162842705e-16,0.0,0.0,0.0,1.0,0.042479662118235374,13,6,0.20816659994661327,2500,OLS_oracle,iid,False,5
13,7,7001,18,180001,True,0,False,100,0.0,0.010662344750016928,1.2071270927867574e-16,0.0,0.0,0.0,1.0,0.04307761490440581,13,6,0.20816659994661327,2500,OLS_oracle,iid,False,5
13,6,6001,22,220001,True,0,False,100,0.0,0.024772040080279112,1.170827140780862e-16,0.0,0.0,0.0,1.0,0.0427367678250916,13,6,0.20816659994661327,2500,OLS_oracle,iid,False,5
13,6,6001,21,210001,True,0,False,100,0.0,0.019907593727111816,9.508777803789163e-17,0.0,0.0,0.0,1.0,0.04314510049388014,13,6,0.20816659994661327,2500,OLS_oracle,iid,False,5
13,7,7001,19,190001,True,0,False,100,0.0,0.01135419961065054,1.5294728792432497e-16,0.0,0.0,0.0,1.0,0.042701510629551055,13,6,0.20816659994661327,2500,OLS_oracle,iid,False,5
13,7,7001,22,220001,True,0,False,100,0.0,0.010987951885908842,1.170827140780862e-16,0.0,0.0,0.0,1.0,0.04279359784721951,13,6,0.20816659994661327,2500,OLS_oracle,iid,False,5
13,7,7001,21,210001,True,0,False,100,0.0,0.011188250035047531,9.508777803789163e-17,0.0,0.0,0.0,1.0,0.043361900761477674,13,6,0.20816659994661327,2500,OLS_oracle,iid,False,5
13,7,7001,10,100001,True,0,False,100,0.0,0.014604290015995502,8.993834424997156e-17,0.0,0.0,0.0,1.0,0.043638188727875685,13,6,0.20816659994661327,2500,OLS_oracle,iid,False,5
13,7,7001,23,230001,True,0,False,100,0.0,0.011690006591379642,1.0639298878480859e-16,0.0,0.0,0.0,1.0,0.04309450448724662,13,6,0.20816659994661327,2500,OLS_oracle,iid,False,5
13,8,8001,8,80001,True,0,False,100,0.0,0.0037045972421765327,1.1879032180303249e-16,1.146243168757512e-09,1.4901161193847656e-08,0.0,1.0,0.04336605006244406,13,6,0.20816659994661327,2500,OLS_oracle,iid,False,5
13,7,7001,24,240001,True,0,False,100,0.0,0.012417469173669815,7.149210988276401e-17,0.0,0.0,0.0,1.0,0.04337965304161934,13,6,0.20816659994661327,2500,OLS_oracle,iid,False,5
13,7,7001,27,270001,True,0,False,100,0.0,0.010678874794393778,1.3316670129611467e-16,0.0,0.0,0.0,1.0,0.04267566256967417,13,6,0.20816659994661327,2500,OLS_oracle,iid,False,5
13,7,7001,6,60001,True,0,False,100,0.0,0.023096784949302673,8.8529748407032e-17,0.0,0.0,0.0,1.0,0.04257051826693976,13,6,0.20816659994661327,2500,OLS_oracle,iid,False,5
13,7,7001,29,290001,True,0,False,100,0.0,0.010551465675234795,9.630690189373097e-17,0.0,0.0,0.0,1.0,0.042807341290715804,13,6,0.20816659994661327,2500,OLS_oracle,iid,False,5
13,8,8001,2,20001,True,0,False,100,0.0,0.01057086605578661,9.067656465681137e-17,0.0,0.0,0.0,1.0,0.043084766759909424,13,6,0.20816659994661327,2500,OLS_oracle,iid,False,5
13,8,8001,0,1,True,0,False,100,0.0,0.010695624630898237,1.2424972998145504e-16,0.0,0.0,0.0,1.0,0.04275979353555006,13,6,0.20816659994661327,2500,OLS_oracle,iid,False,5
13,8,8001,1,10001,True,0,False,100,0.0,0.010739264078438282,9.053860682492399e-17,0.0,0.0,0.0,1.0,0.042861175355361214,13,6,0.20816659994661327,2500,OLS_oracle,iid,False,5
13,8,8001,6,60001,True,0,False,100,0.0,0.01135783875361085,8.8529748407032e-17,0.0,0.0,0.0,1.0,0.04340615560698227,13,6,0.20816659994661327,2500,OLS_oracle,iid,False,5
13,7,7001,3,30001,True,0,False,100,0.0,0.02489044889807701,1.282793431937361e-16,0.0,0.0,0.0,1.0,0.04320543448795479,13,6,0.20816659994661327,2500,OLS_oracle,iid,False,5
13,8,8001,5,50001,True,0,False,100,0.0,0.009908122010529041,4.698371934695476e-17,1.146243168757512e-09,1.4901161193847656e-08,0.0,1.0,0.04358733731977239,13,6,0.20816659994661327,2500,OLS_oracle,iid,False,5
13,8,8001,9,90001,True,0,False,100,0.0,0.009177349042147398,1.1681748492217062e-16,0.0,0.0,0.0,1.0,0.043549297629303235,13,6,0.20816659994661327,2500,OLS_oracle,iid,False,5
13,8,8001,21,210001,True,0,False,100,0.0,0.004033053759485483,9.508777803789163e-17,0.0,0.0,0.0,1.0,0.043317822282259645,13,6,0.20816659994661327,2500,OLS_oracle,iid,False,5
12,8,8001,19,190001,True,103,False,100,0.0,0.5309948809444904,0.002589391111388063,0.000718178312303003,0.00933631805993904,0.14141112271262493,0.9899512491134709,0.03640169077080383,13,6,0.20816659994661327,2500,OLS_oracle,iid,False,5
13,6,6001,29,290001,True,0,False,100,0.0,0.025293774902820587,9.630690189373097e-17,0.0,0.0,0.0,1.0,0.04384653006931596,13,6,0.20816659994661327,2500,OLS_oracle,iid,False,5
13,8,8001,4,40001,True,0,False,100,0.0,0.010778703726828098,9.469258353057641e-17,0.0,0.0,0.0,1.0,0.04462673930737005,13,6,0.20816659994661327,2500,OLS_oracle,iid,False,5
13,8,8001,3,30001,True,0,False,100,0.0,0.010619265027344227,1.282793431937361e-16,0.0,0.0,0.0,1.0,0.04308741487169804,13,6,0.20816659994661327,2500,OLS_oracle,iid,False,5
13,7,7001,7,70001,True,0,False,100,0.0,0.02143751922994852,8.417912981460428e-17,0.0,0.0,0.0,1.0,0.04368937189257487,13,6,0.20816659994661327,2500,OLS_oracle,iid,False,5
12,7,7001,24,240001,True,145,False,100,0.0,0.7715734429657459,0.0017250855379635857,0.000478455728239689,0.006219924467115957,0.14549803124945893,0.98937765244138,0.03621978131338439,13,6,0.20816659994661327,2500,OLS_oracle,iid,False,5
13,8,8001,7,70001,True,0,False,100,0.0,0.010359177831560373,8.417912981460428e-17,0.0,0.0,0.0,1.0,0.043077017130363465,13,6,0.20816659994661327,2500,OLS_oracle,iid,False,5
13,7,7001,9,90001,True,0,False,100,0.0,0.02292281622067094,1.1681748492217062e-16,0.0,0.0,0.0,1.0,0.043368745003663826,13,6,0.20816659994661327,2500,OLS_oracle,iid,False,5
13,7,7001,28,280001,True,0,False,100,0.0,0.01678277086466551,8.183240036893473e-17,1.6210326350343859e-09,2.1073424255447017e-08,0.0,1.0,0.04235023121320279,13,6,0.20816659994661327,2500,OLS_oracle,iid,False,5
13,8,8001,12,120001,True,0,False,100,0.0,0.009704424068331718,8.658157891766172e-17,0.0,0.0,0.0,1.0,0.04363674265334057,13,6,0.20816659994661327,2500,OLS_oracle,iid,False,5
13,8,8001,13,130001,True,0,False,100,0.0,0.01072979485616088,1.2991463733316933e-16,0.0,0.0,0.0,1.0,0.04276237625054585,13,6,0.20816659994661327,2500,OLS_oracle,iid,False,5
13,8,8001,11,110001,True,0,False,100,0.0,0.01071959501132369,9.807532854702098e-17,0.0,0.0,0.0,1.0,0.042889017755738196,13,6,0.20816659994661327,2500,OLS_oracle,iid,False,5
13,8,8001,14,140001,True,0,False,100,0.0,0.010455086827278137,1.166719966021286e-16,0.0,0.0,0.0,1.0,0.044455031213752515,13,6,0.20816659994661327,2500,OLS_oracle,iid,False,5
13,8,8001,19,190001,True,0,False,100,0.0,0.01034647785127163,1.5294728792432497e-16,0.0,0.0,0.0,1.0,0.04396468304404085,13,6,0.20816659994661327,2500,OLS_oracle,iid,False,5
13,8,8001,17,170001,True,0,False,100,0.0,0.010987232904881239,8.768640106551807e-17,0.0,0.0,0.0,1.0,0.043419494349498926,13,6,0.20816659994661327,2500,OLS_oracle,iid,False,5
13,8,8001,18,180001,True,0,False,100,0.0,0.011172569822520018,1.2071270927867574e-16,0.0,0.0,0.0,1.0,0.04303641212253243,13,6,0.20816659994661327,2500,OLS_oracle,iid,False,5
13,9,9001,2,20001,True,0,False,100,0.0,0.006103065796196461,9.067656465681137e-17,0.0,0.0,0.0,1.0,0.04377037570547661,13,6,0.20816659994661327,2500,OLS_oracle,iid,False,5
13,7,7001,26,260001,True,0,False,100,0.0,0.023008714895695448,1.284707045873689e-16,0.0,0.0,0.0,1.0,0.04258963507421355,13,6,0.20816659994661327,2500,OLS_oracle,iid,False,5
13,8,8001,16,160001,True,0,False,100,0.0,0.013187841977924109,4.887631198573063e-17,0.0,0.0,0.0,1.0,0.04315312467585418,13,6,0.20816659994661327,2500,OLS_oracle,iid,False,5
13,8,8001,20,200001,True,0,False,100,0.0,0.011536857578903437,9.562668834801223e-17,0.0,0.0,0.0,1.0,0.04307250026406056,13,6,0.20816659994661327,2500,OLS_oracle,iid,False,5
13,8,8001,23,230001,True,0,False,100,0.0,0.010721025057137012,1.0639298878480859e-16,0.0,0.0,0.0,1.0,0.04365185740671167,13,6,0.20816659994661327,2500,OLS_oracle,iid,False,5
13,8,8001,22,220001,True,0,False,100,0.0,0.012438298668712378,1.170827140780862e-16,0.0,0.0,0.0,1.0,0.042077441580363924,13,6,0.20816659994661327,2500,OLS_oracle,iid,False,5
13,8,8001,29,290001,True,0,False,100,0.0,0.009798253420740366,9.630690189373097e-17,0.0,0.0,0.0,1.0,0.04374757543025227,13,6,0.20816659994661327,2500,OLS_oracle,iid,False,5
13,8,8001,25,250001,True,0,False,100,0.0,0.010645265225321054,8.192145698108167e-17,0.0,0.0,0.0,1.0,0.04353243364494042,13,6,0.20816659994661327,2500,OLS_oracle,iid,False,5
13,9,9001,3,30001,True,0,False,100,0.0,0.008002768736332655,1.282793431937361e-16,0.0,0.0,0.0,1.0,0.04306418614328192,13,6,0.20816659994661327,2500,OLS_oracle,iid,False,5
13,9,9001,1,10001,True,0,False,100,0.0,0.010443947277963161,9.053860682492399e-17,0.0,0.0,0.0,1.0,0.042861997475019974,13,6,0.20816659994661327,2500,OLS_oracle,iid,False,5
13,8,8001,28,280001,True,0,False,100,0.0,0.01099412189796567,8.183240036893473e-17,1.6210326350343859e-09,2.1073424255447017e-08,0.0,1.0,0.04389514919832679,13,6,0.20816659994661327,2500,OLS_oracle,iid,False,5
13,9,9001,8,80001,True,0,False,100,0.0,0.010910742916166782,1.1879032180303249e-16,1.146243168757512e-09,1.4901161193847656e-08,0.0,1.0,0.04427800835201052,13,6,0.20816659994661327,2500,OLS_oracle,iid,False,5
13,9,9001,9,90001,True,0,False,100,0.0,0.010926413349807262,1.1681748492217062e-16,0.0,0.0,0.0,1.0,0.042828510824718155,13,6,0.20816659994661327,2500,OLS_oracle,iid,False,5
13,8,8001,10,100001,True,0,False,100,0.0,0.01986664393916726,8.993834424997156e-17,0.0,0.0,0.0,1.0,0.04375532880383919,13,6,0.20816659994661327,2500,OLS_oracle,iid,False,5
13,9,9001,11,110001,True,0,False,100,0.0,0.010497206822037697,9.807532854702098e-17,0.0,0.0,0.0,1.0,0.0433013288296005,13,6,0.20816659994661327,2500,OLS_oracle,iid,False,5
13,9,9001,6,60001,True,0,False,100,0.0,0.013322691433131695,8.8529748407032e-17,0.0,0.0,0.0,1.0,0.04383109031967886,13,6,0.20816659994661327,2500,OLS_oracle,iid,False,5
13,9,9001,14,140001,True,0,False,100,0.0,0.010408278089016676,1.166719966021286e-16,0.0,0.0,0.0,1.0,0.0428692719881446,13,6,0.20816659994661327,2500,OLS_oracle,iid,False,5
13,9,9001,12,120001,True,0,False,100,0.0,0.010158808901906013,8.658157891766172e-17,0.0,0.0,0.0,1.0,0.043902652564123484,13,6,0.20816659994661327,2500,OLS_oracle,iid,False,5
13,9,9001,20,200001,True,0,False,100,0.0,0.008419124875217676,9.562668834801223e-17,0.0,0.0,0.0,1.0,0.04304146799671259,13,6,0.20816659994661327,2500,OLS_oracle,iid,False,5
13,7,7001,20,200001,True,0,False,100,0.0,0.02693799091503024,9.562668834801223e-17,0.0,0.0,0.0,1.0,0.042656261015863055,13,6,0.20816659994661327,2500,OLS_oracle,iid,False,5
13,9,9001,15,150001,True,0,False,100,0.0,0.010892513208091259,1.2421712162842705e-16,0.0,0.0,0.0,1.0,0.04324040754107057,13,6,0.20816659994661327,2500,OLS_oracle,iid,False,5
13,9,9001,28,280001,True,0,False,100,0.0,0.005177624057978392,8.183240036893473e-17,1.6210326350343859e-09,2.1073424255447017e-08,0.0,1.0,0.04374340181847889,13,6,0.20816659994661327,2500,OLS_oracle,iid,False,5
12,6,6001,18,180001,True,98,False,100,0.0,1.0688049118034542,0.0010757079027080038,0.00029834844036875045,0.003878529724793756,0.14265651785764122,0.9897741556581097,0.03635432721436265,13,6,0.20816659994661327,2500,OLS_oracle,iid,False,5
13,9,9001,17,170001,True,0,False,100,0.0,0.010418056976050138,8.768640106551807e-17,0.0,0.0,0.0,1.0,0.04302041221485466,13,6,0.20816659994661327,2500,OLS_oracle,iid,False,5
13,9,9001,18,180001,True,0,False,100,0.0,0.010658346116542816,1.2071270927867574e-16,0.0,0.0,0.0,1.0,0.04312844283475817,13,6,0.20816659994661327,2500,OLS_oracle,iid,False,5
13,9,9001,19,190001,True,0,False,100,0.0,0.0110614406876266,1.5294728792432497e-16,0.0,0.0,0.0,1.0,0.043745158459929906,13,6,0.20816659994661327,2500,OLS_oracle,iid,False,5
13,9,9001,10,100001,True,0,False,100,0.0,0.016938138753175735,8.993834424997156e-17,0.0,0.0,0.0,1.0,0.04334779313888764,13,6,0.20816659994661327,2500,OLS_oracle,iid,False,5
13,8,8001,26,260001,True,0,False,100,0.0,0.018170698080211878,1.284707045873689e-16,0.0,0.0,0.0,1.0,0.04359816331816577,13,6,0.20816659994661327,2500,OLS_oracle,iid,False,5
13,8,8001,15,150001,True,0,False,100,0.0,0.024294023867696524,1.2421712162842705e-16,0.0,0.0,0.0,1.0,0.04264141027946367,13,6,0.20816659994661327,2500,OLS_oracle,iid,False,5
13,8,8001,24,240001,True,0,False,100,0.0,0.019743043929338455,7.149210988276401e-17,0.0,0.0,0.0,1.0,0.042608428088797924,13,6,0.20816659994661327,2500,OLS_oracle,iid,False,5
13,9,9001,4,40001,True,0,False,100,0.0,0.019638365134596825,9.469258353057641e-17,0.0,0.0,0.0,1.0,0.04365828658719859,13,6,0.20816659994661327,2500,OLS_oracle,iid,False,5
13,9,9001,13,130001,True,0,False,100,0.0,0.01626269519329071,1.2991463733316933e-16,0.0,0.0,0.0,1.0,0.04318264091501315,13,6,0.20816659994661327,2500,OLS_oracle,iid,False,5
13,9,9001,7,70001,True,0,False,100,0.0,0.02004557102918625,8.417912981460428e-17,0.0,0.0,0.0,1.0,0.04303212130666652,13,6,0.20816659994661327,2500,OLS_oracle,iid,False,5
13,8,8001,27,270001,True,0,False,100,0.0,0.02048402838408947,1.3316670129611467e-16,0.0,0.0,0.0,1.0,0.04330472237949577,13,6,0.20816659994661327,2500,OLS_oracle,iid,False,5
13,9,9001,0,1,True,0,False,100,0.0,0.022265492007136345,1.2424972998145504e-16,0.0,0.0,0.0,1.0,0.042335055682814635,13,6,0.20816659994661327,2500,OLS_oracle,iid,False,5
13,9,9001,25,250001,True,0,False,100,0.0,0.010535825975239277,8.192145698108167e-17,0.0,0.0,0.0,1.0,0.042926325521505874,13,6,0.20816659994661327,2500,OLS_oracle,iid,False,5
13,9,9001,16,160001,True,0,False,100,0.0,0.017351064831018448,4.887631198573063e-17,0.0,0.0,0.0,1.0,0.04314346971061312,13,6,0.20816659994661327,2500,OLS_oracle,iid,False,5
13,9,9001,24,240001,True,0,False,100,0.0,0.01073919516056776,7.149210988276401e-17,0.0,0.0,0.0,1.0,0.04382694192534742,13,6,0.20816659994661327,2500,OLS_oracle,iid,False,5
13,9,9001,23,230001,True,0,False,100,0.0,0.011291649658232927,1.0639298878480859e-16,0.0,0.0,0.0,1.0,0.043459378409996766,13,6,0.20816659994661327,2500,OLS_oracle,iid,False,5
13,9,9001,22,220001,True,0,False,100,0.0,0.010598326101899147,1.170827140780862e-16,0.0,0.0,0.0,1.0,0.043538026966502094,13,6,0.20816659994661327,2500,OLS_oracle,iid,False,5
13,9,9001,29,290001,True,0,False,100,0.0,0.009867493063211441,9.630690189373097e-17,0.0,0.0,0.0,1.0,0.04323280964079742,13,6,0.20816659994661327,2500,OLS_oracle,iid,False,5
13,9,9001,27,270001,True,0,False,100,0.0,0.010388278402388096,1.3316670129611467e-16,0.0,0.0,0.0,1.0,0.04384653998512565,13,6,0.20816659994661327,2500,OLS_oracle,iid,False,5
12,6,6001,6,60001,True,168,False,100,0.0,1.19586439197883,0.0018416319735179419,0.0005107805620510758,0.006640147306663985,0.14602515098319965,0.9892784721976089,0.03665222154085133,13,6,0.20816659994661327,2500,OLS_oracle,iid,False,5
13,9,9001,21,210001,True,0,False,100,0.0,0.014085934963077307,9.508777803789163e-17,0.0,0.0,0.0,1.0,0.043384356837037674,13,6,0.20816659994661327,2500,OLS_oracle,iid,False,5
13,9,9001,5,50001,True,0,False,100,0.0,0.02078734477981925,4.698371934695476e-17,1.146243168757512e-09,1.4901161193847656e-08,0.0,1.0,0.042895323648856745,13,6,0.20816659994661327,2500,OLS_oracle,iid,False,5
12,0,1,26,260001,True,176,False,100,0.0,2.742772235069424,0.000982131959310216,0.00027239496456035663,0.003541134539284636,0.13589760499635997,0.9907274990325445,0.03596074541202817,13,6,0.20816659994661327,2500,OLS_oracle,iid,False,5
13,9,9001,26,260001,True,0,False,100,0.0,0.014985446818172932,1.284707045873689e-16,0.0,0.0,0.0,1.0,0.044371050345233816,13,6,0.20816659994661327,2500,OLS_oracle,iid,False,5
12,8,8001,17,170001,True,87,False,100,0.0,0.6224683686159551,0.0019151660109233831,0.0005311757023613314,0.006905284130697307,0.14167787102956567,0.9899056477334865,0.03620366081481721,13,6,0.20816659994661327,2500,OLS_oracle,iid,False,5
12,6,6001,3,30001,True,159,False,100,0.0,1.211230895947665,0.0019712560690946022,0.0005467326673655752,0.007107524675752478,0.1466068886433471,0.989197606186321,0.03567119044792676,13,6,0.20816659994661327,2500,OLS_oracle,iid,False,5
12,3,3001,14,140001,True,173,False,100,0.0,1.8904031813144684,0.0015765500246765912,0.000437258658798787,0.005684362564384231,0.14091871039587245,0.9900358186791641,0.036026120548949755,13,6,0.20816659994661327,2500,OLS_oracle,iid,False,5
12,8,8001,3,30001,True,138,False,100,0.0,0.7545557538978755,0.002518528438652481,0.0006985237096913568,0.00908080822598764,0.1477751646851793,0.9890214587054736,0.03594094402247429,13,6,0.20816659994661327,2500,OLS_oracle,iid,False,5
12,8,8001,7,70001,True,124,False,100,0.0,0.7112475587055087,0.0010965536562121303,0.000304130056480871,0.003953690734251323,0.14869441525997334,0.988890004098461,0.03567621843379333,13,6,0.20816659994661327,2500,OLS_oracle,iid,False,5
12,7,7001,1,10001,True,156,False,100,0.0,1.0250775404274464,0.001397774259983112,0.00038767446925241147,0.005039768100281349,0.14747134513002258,0.989072783478944,0.036102932337781356,13,6,0.20816659994661327,2500,OLS_oracle,iid,False,5
12,7,7001,28,280001,True,157,False,100,0.0,0.7989183799363673,0.001882656759685147,0.0005221590469994319,0.006788067610992615,0.13958807687413521,0.9901941841919527,0.03645597565497964,13,6,0.20816659994661327,2500,OLS_oracle,iid,False,5
12,2,2001,28,280001,True,172,False,100,0.0,2.019483553711325,0.0017973450760761847,0.0004984973223702457,0.006480465190813194,0.1421839183634248,0.9898330491039711,0.036290062589512104,13,6,0.20816659994661327,2500,OLS_oracle,iid,False,5
12,4,4001,13,130001,True,133,False,100,0.0,1.6463003498502076,0.0018756011362201443,0.0005202021242195587,0.006762627614854262,0.14738967978232975,0.9890791835578212,0.03661063198406961,13,6,0.20816659994661327,2500,OLS_oracle,iid,False,5
12,8,8001,0,1,True,151,False,100,0.0,0.807600752916187,0.0016241988447280213,0.00045047428374596913,0.005856165688697599,0.1454941610132068,0.9893880365111702,0.03629851935893403,13,6,0.20816659994661327,2500,OLS_oracle,iid,False,5
12,7,7001,20,200001,True,89,False,100,0.0,0.9207263579592109,0.0021578459829894657,0.0005984848330994294,0.007780302830292583,0.1411169361939982,0.9899779911005067,0.035777705651299084,13,6,0.20816659994661327,2500,OLS_oracle,iid,False,5
12,7,7001,29,290001,True,166,False,100,0.0,0.8203712496906519,0.0022838019486027252,0.0006334198527982302,0.008234458086376992,0.14434123097271193,0.9895438298366183,0.03620520102760332,13,6,0.20816659994661327,2500,OLS_oracle,iid,False,5
12,4,4001,23,230001,True,142,False,100,0.0,1.565832104999572,0.0008647666123732602,0.00023984349340317468,0.003117965414241271,0.13653061951788717,0.990641544176877,0.03682999131016923,13,6,0.20816659994661327,2500,OLS_oracle,iid,False,5
12,8,8001,11,110001,True,139,False,100,0.0,0.7255112431012094,0.0017255480792954458,0.0004785840166041527,0.006221592215853985,0.15530731605037498,0.9878559870468838,0.035832526006853174,13,6,0.20816659994661327,2500,OLS_oracle,iid,False,5
12,8,8001,1,10001,True,170,False,100,0.0,0.8216746975667775,0.0016393506755315824,0.00045467671824147345,0.005910797337139155,0.14482192015372286,0.9894545626803184,0.03571924539435731,13,6,0.20816659994661327,2500,OLS_oracle,iid,False,5
12,8,8001,26,260001,True,87,False,100,0.0,0.5855156960897148,0.0013254106238293807,0.0003676041657465842,0.004778854154705595,0.14035797776738057,0.9901009021483481,0.03536802644041879,13,6,0.20816659994661327,2500,OLS_oracle,iid,False,5
12,8,8001,9,90001,True,139,False,100,0.0,0.7425109217874706,0.0018107994830063696,0.0005022289823960011,0.006528976771148014,0.14011674653073913,0.9901266548332311,0.03660170155160871,13,6,0.20816659994661327,2500,OLS_oracle,iid,False,5
12,6,6001,15,150001,True,164,False,100,0.0,1.1889809244312346,0.0017525906864866215,0.0004860844338141482,0.006319097639583927,0.14919554759453113,0.988809994120765,0.035456424647242656,13,6,0.20816659994661327,2500,OLS_oracle,iid,False,5
12,7,7001,25,250001,True,167,False,100,0.0,0.8738630642183125,0.0012294065006105384,0.000340977130201331,0.004432702692617303,0.1407668080193439,0.9900441212295333,0.035933292465943775,13,6,0.20816659994661327,2500,OLS_oracle,iid,False,5
12,5,5001,17,170001,True,165,False,100,0.0,1.4234316102229059,0.0015928937271475828,0.0004417916602847261,0.00574329158370144,0.14202583596852264,0.9898568145372438,0.03651724692811197,13,6,0.20816659994661327,2500,OLS_oracle,iid,False,5
12,9,9001,25,250001,True,76,False,100,0.0,0.3833590727299452,0.0010051272210811176,0.0002787727436050737,0.0036240456668659585,0.14066535963720705,0.9900614375799028,0.03682356827765061,13,6,0.20816659994661327,2500,OLS_oracle,iid,False,5
12,8,8001,20,200001,True,100,False,100,0.0,0.6624708431772888,0.0020522146739469626,0.0005691871351359511,0.007399432756767364,0.14151507392385027,0.9899257992537724,0.036561912476210615,13,6,0.20816659994661327,2500,OLS_oracle,iid,False,5
12,7,7001,22,220001,True,159,False,100,0.0,0.9455120181664824,0.0013522403080280239,0.00037504546799269837,0.0048755910839050785,0.1449287887272047,0.9894380744517501,0.036252237421878636,13,6,0.20816659994661327,2500,OLS_oracle,iid,False,5
12,5,5001,26,260001,True,168,False,100,0.0,1.3438594276085496,0.0012267608965649186,0.0003402433644591629,0.004423163737969117,0.13820037166943588,0.9904180086632974,0.03704526205908699,13,6,0.20816659994661327,2500,OLS_oracle,iid,False,5
12,7,7001,26,260001,True,172,False,100,0.0,0.9046986410394311,0.00170118768645066,0.0004718275303293999,0.006133757894282199,0.13794679639162685,0.9904414807365554,0.03674695120751606,13,6,0.20816659994661327,2500,OLS_oracle,iid,False,5
12,8,8001,6,60001,True,168,False,100,0.0,0.8220146549865603,0.0019417704708563658,0.0005385546303120878,0.007001210194057141,0.14237875789639615,0.9898170390999426,0.03616720684422233,13,6,0.20816659994661327,2500,OLS_oracle,iid,False,5
12,8,8001,18,180001,True,163,False,100,0.0,0.7466034148819745,0.002533665839734482,0.000702722243515323,0.009135389165699198,0.14305361690321342,0.9897151069361866,0.03608186124905069,13,6,0.20816659994661327,2500,OLS_oracle,iid,False,5
12,9,9001,3,30001,True,78,False,100,0.0,0.553077194839716,0.0017286691236395773,0.00047944965534440077,0.00623284551947721,0.14688741730543892,0.9891547294379438,0.036506627599820846,13,6,0.20816659994661327,2500,OLS_oracle,iid,False,5
12,2,2001,29,290001,True,171,False,100,0.0,2.1033933367580175,0.0014860518207617957,0.000412158590379473,0.005358061674933149,0.1428875698480921,0.989744010162302,0.03635551249509716,13,6,0.20816659994661327,2500,OLS_oracle,iid,False,5
12,8,8001,5,50001,True,173,False,100,0.0,0.8487852369435132,0.0006755903226286358,0.0001873763738048397,0.002435877958301722,0.1426875945226693,0.9897736428109376,0.03541469684131263,13,6,0.20816659994661327,2500,OLS_oracle,iid,False,5
12,7,7001,9,90001,True,109,False,100,0.0,1.0783567568287253,0.0012834955168888123,0.00035597887813241483,0.004627725415721393,0.13889095357761072,0.9903099967207489,0.03668145074182348,13,6,0.20816659994661327,2500,OLS_oracle,iid,False,5
12,9,9001,11,110001,True,86,False,100,0.0,0.5357134994119406,0.0016651140533127705,0.0004618223203944818,0.006003690165128263,0.14871316835586687,0.9888508484589779,0.03656795506053384,13,6,0.20816659994661327,2500,OLS_oracle,iid,False,5
12,5,5001,13,130001,True,158,False,100,0.0,1.5099694207310677,0.0011599066247246247,0.0003217011539278867,0.004182115001062527,0.14977863384990703,0.9887383026227643,0.035783955165119286,13,6,0.20816659994661327,2500,OLS_oracle,iid,False,5
12,8,8001,4,40001,True,169,False,100,0.0,0.8855467699468136,0.002831924308936607,0.0007854481334553323,0.01021082573491932,0.1422319564506511,0.9898414877405994,0.03677725426606569,13,6,0.20816659994661327,2500,OLS_oracle,iid,False,5
12,7,7001,19,190001,True,163,False,100,0.0,1.0369952539913356,0.0032386933257737317,0.0008982723269970002,0.011677540250961002,0.14334952699850595,0.9896761953412897,0.03633710183822903,13,6,0.20816659994661327,2500,OLS_oracle,iid,False,5
12,9,9001,12,120001,True,128,False,100,0.0,0.5479595307260752,0.0015794686307895663,0.00043806814759474085,0.005694885918731631,0.14068337537590875,0.990065635865833,0.03622704122196989,13,6,0.20816659994661327,2500,OLS_oracle,iid,False,5
12,8,8001,24,240001,True,133,False,100,0.0,0.6929356618784368,0.001702225709276036,0.0004721154314846609,0.0061375006093005915,0.14278340987470967,0.9897493967199927,0.0360733702188628,13,6,0.20816659994661327,2500,OLS_oracle,iid,False,5
12,5,5001,19,190001,True,163,False,100,0.0,1.511782735120505,0.002725824818063727,0.0007560199519193392,0.009828259374951409,0.14367792851353428,0.9896318358590843,0.03518957600657674,13,6,0.20816659994661327,2500,OLS_oracle,iid,False,5
12,9,9001,26,260001,True,119,False,100,0.0,0.47086716582998633,0.002149132340647224,0.0005960680306888642,0.007748884398955234,0.1371530570796163,0.9905600507789594,0.03689859749414078,13,6,0.20816659994661327,2500,OLS_oracle,iid,False,5
12,8,8001,22,220001,True,148,False,100,0.0,0.740834706928581,0.0017857410367143767,0.0004952788737660767,0.006438625358958996,0.14563695215523526,0.9893365579133531,0.03629677466795931,13,6,0.20816659994661327,2500,OLS_oracle,iid,False,5
12,9,9001,20,200001,True,110,False,100,0.0,0.5505694970488548,0.002116004024502586,0.0005868796173262609,0.007629435025241391,0.14460613537560268,0.9894810223283073,0.035944451804218944,13,6,0.20816659994661327,2500,OLS_oracle,iid,False,5
12,8,8001,12,120001,True,131,False,100,0.0,0.8627504329197109,0.0015141824962605782,0.00041996075012189915,0.005459489751584689,0.1441155476488306,0.9895700144195627,0.03582057467743146,13,6,0.20816659994661327,2500,OLS_oracle,iid,False,5
12,9,9001,10,100001,True,128,False,100,0.0,0.6038924641907215,0.0016690606295309178,0.0004629169234700667,0.006017920005110867,0.15049694482341097,0.9886160688112638,0.035915792141371354,13,6,0.20816659994661327,2500,OLS_oracle,iid,False,5
12,7,7001,8,80001,True,161,False,100,0.0,1.1582279670983553,0.0005603875853726531,0.00015542480377560226,0.0020205075479216355,0.14077765318140567,0.9900431271768209,0.03639124442830956,13,6,0.20816659994661327,2500,OLS_oracle,iid,False,5
12,9,9001,14,140001,True,134,False,100,0.0,0.5944955656304955,0.0015613665023946042,0.0004330474400221437,0.005629616720287868,0.1428333647815336,0.9897528634972647,0.03657217403985749,13,6,0.20816659994661327,2500,OLS_oracle,iid,False,5
12,9,9001,22,220001,True,136,False,100,0.0,0.5597813748754561,0.0012638568665735482,0.0003505320391071674,0.004556916508393176,0.14321407837677103,0.9897097492170137,0.03618641898696667,13,6,0.20816659994661327,2500,OLS_oracle,iid,False,5
11,9,9001,11,110001,True,225,False,100,0.7074142844604647,3.572596990969032,0.04138916076166751,0.01532429038974384,0.13526773020839084,0.2492209990468386,0.9721248195008566,0.030570615827326317,13,6,0.20816659994661327,2500,OLS_oracle,iid,False,5
12,8,8001,15,150001,True,159,False,100,0.0,0.8756397776305676,0.0008598739622205495,0.00023848650984468762,0.003100324627980939,0.14852549353153002,0.9889031689873684,0.03633782773199971,13,6,0.20816659994661327,2500,OLS_oracle,iid,False,5
12,7,7001,15,150001,True,149,False,100,0.0,1.149505174253136,0.0027308214022491923,0.0007574058220898764,0.009846275687168393,0.14406163945653067,0.9895630036094598,0.03636268293810352,13,6,0.20816659994661327,2500,OLS_oracle,iid,False,5
12,8,8001,8,80001,True,163,False,100,0.0,0.9147486109286547,0.0017351057540275887,0.0004812360364639358,0.006256053572869971,0.1443808444915432,0.9895246097506227,0.03682104525298165,13,6,0.20816659994661327,2500,OLS_oracle,iid,False,5
12,9,9001,2,20001,True,169,False,100,0.0,0.7130707032047212,0.0020396833709510603,0.0005657114824533585,0.007354249271893661,0.1460323698178038,0.9892911345729397,0.036014151837159385,13,6,0.20816659994661327,2500,OLS_oracle,iid,False,5
12,4,4001,24,240001,True,172,False,100,0.0,1.7507173917256296,0.0013060638370047965,0.0003622382721433004,0.004709097537862905,0.14475840444389113,0.9894672444718582,0.036660426562661885,13,6,0.20816659994661327,2500,OLS_oracle,iid,False,5
12,9,9001,28,280001,True,132,False,100,0.0,0.5219391323626041,0.0017798843059187099,0.0004936544753523162,0.00641750817958011,0.14188695078489189,0.9898797434218578,0.0369534534540413,13,6,0.20816659994661327,2500,OLS_oracle,iid,False,5
12,9,9001,19,190001,True,141,False,100,0.0,0.6018152819015086,0.002418438376925036,0.0006707626215385117,0.008719914080000652,0.14485210865529963,0.9894514735155167,0.036893550907583755,13,6,0.20816659994661327,2500,OLS_oracle,iid,False,5
12,5,5001,9,90001,True,164,False,100,0.0,1.6526483027264476,0.0022354758392677462,0.0006200161567587523,0.00806021003786378,0.14528067426181498,0.9893840468270407,0.03587539502024753,13,6,0.20816659994661327,2500,OLS_oracle,iid,False,5
12,9,9001,9,90001,True,135,False,100,0.0,0.6528942883014679,0.0020092379592602746,0.0005572672195749123,0.007244473854473859,0.14417079356050777,0.98955253097981,0.03569139840913716,13,6,0.20816659994661327,2500,OLS_oracle,iid,False,5
11,9,9001,17,170001,True,428,False,100,0.5818745026674752,3.4770318111404777,0.04705207756150964,0.01830019348207029,0.13674146145166588,0.24107283273404942,0.9743473373889513,0.03003855834683148,13,6,0.20816659994661327,2500,OLS_oracle,iid,False,5
11,7,7001,28,280001,True,271,False,100,0.5712929001507189,4.084277424030006,0.037411308512496244,0.014691601339117363,0.09791611373181498,0.21708079215671267,0.97860776227171,0.02951867013248255,13,6,0.20816659994661327,2500,OLS_oracle,iid,False,5
12,8,8001,2,20001,True,171,False,100,0.0,1.0145110236480832,0.00178540048030257,0.0004951844184536986,0.0064373974398980825,0.14506531662041472,0.9894243159834731,0.03607973554910224,13,6,0.20816659994661327,2500,OLS_oracle,iid,False,5
12,8,8001,23,230001,True,172,False,100,0.0,0.8082255879417062,0.0012866062693409142,0.0003568416548935818,0.004638941513616563,0.1393946888370246,0.9902545736261578,0.03626489336515938,13,6,0.20816659994661327,2500,OLS_oracle,iid,False,5
12,9,9001,23,230001,True,163,False,100,0.0,0.5791196334175766,0.0013670033545277805,0.0003791400495897127,0.004928820644666265,0.1391826534703186,0.9902684467998785,0.03635907635278958,13,6,0.20816659994661327,2500,OLS_oracle,iid,False,5
12,8,8001,21,210001,True,151,False,100,0.0,0.8410762161947787,0.0017442814350196018,0.00048377981630734804,0.006289137611995525,0.14468220256670372,0.9894799399678744,0.03587395429964099,13,6,0.20816659994661327,2500,OLS_oracle,iid,False,5
12,9,9001,27,270001,True,158,False,100,0.0,0.5647735600359738,0.002521692324132537,0.0006994012498640644,0.009092216248232837,0.14441276067841555,0.9895091300525217,0.03604772604442462,13,6,0.20816659994661327,2500,OLS_oracle,iid,False,5
12,8,8001,25,250001,True,175,False,100,0.0,0.814600960817188,0.0020719625109803003,0.0005746643510676671,0.007470636563879673,0.14236254051746786,0.9898191435366352,0.03635818243766477,13,6,0.20816659994661327,2500,OLS_oracle,iid,False,5
12,9,9001,4,40001,True,162,False,100,0.0,0.7388337641023099,0.00153433016641505,0.00042554879280633023,0.005532134306482293,0.14188665464606778,0.9898879257976466,0.03642597552556511,13,6,0.20816659994661327,2500,OLS_oracle,iid,False,5
12,9,9001,16,160001,True,119,False,100,0.0,0.6670078220777214,0.0022812295847802638,0.00063270638327819,0.00822518298261647,0.1404376527067736,0.9900869143206894,0.035120042245966585,13,6,0.20816659994661327,2500,OLS_oracle,iid,False,5
12,9,9001,8,80001,True,139,False,100,0.0,0.7161286757327616,0.0012972210247947805,0.0003597868365376363,0.0046772139738280784,0.1438328265513715,0.9895994031389039,0.03643772690163938,13,6,0.20816659994661327,2500,OLS_oracle,iid,False,5
12,8,8001,29,290001,True,159,False,100,0.0,0.8141924850642681,0.001643306957827681,0.0004557740127370932,0.005925062165582212,0.14330824906431333,0.9896823953203792,0.036067217057782305,13,6,0.20816659994661327,2500,OLS_oracle,iid,False,5
11,8,8001,1,10001,True,298,False,100,0.3832513207495934,4.118333091028035,0.03386956330465958,0.01299866738913612,0.10291731021981014,0.1849438602638983,0.9834784829716483,0.029091723535207135,13,6,0.20816659994661327,2500,OLS_oracle,iid,False,5
12,9,9001,21,210001,True,169,False,100,0.0,0.6570647512562573,0.001578533241836605,0.0004378087131763994,0.005691513271293192,0.14283416853715772,0.9897482165282572,0.036241877023109936,13,6,0.20816659994661327,2500,OLS_oracle,iid,False,5
12,9,9001,5,50001,True,152,False,100,0.0,0.744396444875747,0.0012848565666525248,0.00035635751570597816,0.0046326328030165224,0.143852617805025,0.9896022599072158,0.03674803481853173,13,6,0.20816659994661327,2500,OLS_oracle,iid,False,5
11,9,9001,24,240001,True,283,False,100,0.22411716837387027,3.4152702898718417,0.04080869453978,0.01567023479718915,0.12413183863146547,0.17723467176128357,0.9843171859155659,0.029053399307055146,13,6,0.20816659994661327,2500,OLS_oracle,iid,False,5
12,9,9001,17,170001,True,141,False,100,0.0,0.6805743719451129,0.0018569699216693662,0.0005150346380456278,0.006695450294593161,0.14502255839336567,0.9894204935689501,0.036417131888425776,13,6,0.20816659994661327,2500,OLS_oracle,iid,False,5
12,7,7001,14,140001,True,172,False,100,0.0,1.248309205751866,0.001621612868660736,0.00044975705075111973,0.0058468416597645565,0.14567998499952714,0.9893344289278034,0.03636036738715817,13,6,0.20816659994661327,2500,OLS_oracle,iid,False,5
12,9,9001,7,70001,True,152,False,100,0.0,0.7422476639039814,0.0009881415596434385,0.0002740617383193464,0.003562802598151503,0.14947347817059767,0.9887733676224513,0.03686689663931153,13,6,0.20816659994661327,2500,OLS_oracle,iid,False,5
12,7,7001,23,230001,True,164,False,100,0.0,1.1664287140592933,0.0015144219263967939,0.000420027157081575,0.005460353042060475,0.14066043263306677,0.9900625887031322,0.03691480478910845,13,6,0.20816659994661327,2500,OLS_oracle,iid,False,5
12,9,9001,1,10001,True,169,False,100,0.0,0.828343459405005,0.00233034282621766,0.0006463284163888577,0.00840226941305515,0.14493034813696068,0.9894400332076886,0.03614989171179824,13,6,0.20816659994661327,2500,OLS_oracle,iid,False,5
11,9,9001,20,200001,True,263,False,100,0.7441070845880903,3.5236612572334707,0.04033665273097869,0.015494093851160583,0.12255034033373811,0.26514000184249653,0.9703769768350997,0.02901844076015327,13,6,0.20816659994661327,2500,OLS_oracle,iid,False,5
12,8,8001,14,140001,True,125,False,100,0.0,1.0227754511870444,0.0014870994370062456,0.0004124491510256486,0.005361838963333432,0.14261110388091125,0.9897838936239066,0.035834719623917786,13,6,0.20816659994661327,2500,OLS_oracle,iid,False,5
12,8,8001,28,280001,True,177,False,100,0.0,0.8709301799535751,0.0015008023286403203,0.00041624970450292214,0.005411246158537988,0.14107443150097235,0.9899851135662158,0.035798734450575354,13,6,0.20816659994661327,2500,OLS_oracle,iid,False,5
12,9,9001,15,150001,True,161,False,100,0.0,0.7451471383683383,0.001558835770861681,0.00043234553027797317,0.005620491893613651,0.14396036947995128,0.9895795186062837,0.03608013607347984,13,6,0.20816659994661327,2500,OLS_oracle,iid,False,5
12,9,9001,6,60001,True,168,False,100,0.0,0.8040663842111826,0.0021582757662717933,0.0005986040371462203,0.007781852482900864,0.1449787552157714,0.9894436705498347,0.0367918743200339,13,6,0.20816659994661327,2500,OLS_oracle,iid,False,5
12,9,9001,24,240001,True,149,False,100,0.0,0.6754068681038916,0.0015196926088719886,0.0004214890032520395,0.005479357042276514,0.14297377380396828,0.98972048469355,0.0366367839800496,13,6,0.20816659994661327,2500,OLS_oracle,iid,False,5
12,9,9001,18,180001,True,135,False,100,0.0,0.7507966682314873,0.002752604040780773,0.000763447534233249,0.009924817945032237,0.13989293214804896,0.9901649519667545,0.03616521297595606,13,6,0.20816659994661327,2500,OLS_oracle,iid,False,5
12,9,9001,0,1,True,144,False,100,0.0,0.8832739498466253,0.0015563857483410091,0.00043166600557990143,0.005611658072538718,0.14312119192730502,0.9897114419799127,0.03644794698698301,13,6,0.20816659994661327,2500,OLS_oracle,iid,False,5
12,9,9001,13,130001,True,160,False,100,0.0,0.794605668168515,0.0018784893105915238,0.0005210031780098499,0.00677304131412805,0.14568949203273554,0.9893312318683722,0.0365299302918431,13,6,0.20816659994661327,2500,OLS_oracle,iid,False,5
11,8,8001,8,80001,True,340,False,100,0.7893747089092475,4.1383347529917955,0.021422283722954075,0.007782817532876882,0.07128127133535335,0.24961937127342765,0.9706578558262443,0.02931200918172042,13,6,0.20816659994661327,2500,OLS_oracle,iid,False,5
12,9,9001,29,290001,True,171,False,100,0.0,0.7186685330234468,0.0011256726303254456,0.00031220627161560684,0.004058681531002889,0.14420868034262296,0.9895491470709806,0.03624714283286918,13,6,0.20816659994661327,2500,OLS_oracle,iid,False,5
11,8,8001,22,220001,True,298,False,100,0.37301700423673845,4.047383272089064,0.04300408398131572,0.01661964965950673,0.12816731972142353,0.19524470155968193,0.9817859764338814,0.028511820723489532,13,6,0.20816659994661327,2500,OLS_oracle,iid,False,5
11,9,9001,26,260001,True,426,False,100,0.6424308539801981,3.6675151977688074,0.030281607437905915,0.011052415958901794,0.1004198015827496,0.2094776997113571,0.9795746175162232,0.029052380291775714,13,6,0.20816659994661327,2500,OLS_oracle,iid,False,5
